[?25l[0m[38;2;87;104;131;48;2;85;103;130mg[38;2;88;106;132;48;2;85;103;129my[38;2;86;103;128;48;2;87;104;131m~[38;2;91;107;133;48;2;89;105;131m_[38;2;92;108;135;48;2;90;106;132m_[38;2;89;105;131;48;2;91;107;133m~[38;2;90;105;129m`[38;2;92;108;134;48;2;90;106;132my[38;2;94;109;135;48;2;91;107;132mg[38;2;93;110;135;48;2;91;108;133my[38;2;87;104;131;48;2;91;108;134m~[38;2;89;106;132;48;2;92;108;134m~[38;2;87;104;128;48;2;91;107;132m`[38;2;91;107;132;48;2;90;106;131mj[38;2;90;106;131;48;2;89;105;130m@[38;2;84;100;124;48;2;88;104;129m`[38;2;86;102;127;48;2;87;103;129m"[38;2;88;103;129;48;2;86;102;127mj[38;2;85;99;125;48;2;85;100;125ms[38;2;83;99;124;48;2;83;98;123mR[38;2;82;98;124;48;2;82;97;123mL[38;2;81;97;124;48;2;81;96;122m'[38;2;81;97;122;48;2;79;95;119m_[38;2;79;95;119;48;2;80;96;121m~[38;2;85;100;124;48;2;81;96;121m_[38;2;85;100;125;48;2;82;97;121m_[38;2;79;94;119;48;2;81;97;121m~[38;2;82;97;121;48;2;79;95;119m_[38;2;81;95;120;48;2;78;93;118m_[38;2;76;91;116;48;2;77;93;117m~[38;2;78;93;117;48;2;79;94;118mF[38;2;81;97;121;48;2;80;95;120m*[38;2;80;95;119;48;2;81;97;121m_[38;2;79;95;118;48;2;80;96;120mf[38;2;83;98;122;48;2;80;95;119m_[38;2;82;97;121;48;2;80;96;119m_[38;2;77;93;116;48;2;80;95;119m~[38;2;81;97;120;48;2;79;94;118m_[38;2;79;94;118;48;2;78;93;117m"[38;2;79;93;117m=[38;2;78;92;117;48;2;77;92;116my[38;2;75;91;114m"[38;2;77;92;116;48;2;76;91;115m*[38;2;75;91;114;48;2;75;90;113mk[38;2;75;89;112m= [38;2;77;92;115m_[38;2;79;93;117;48;2;75;91;114m_[38;2;83;97;120;48;2;77;91;115m_[38;2;87;102;125;48;2;79;95;118m_[38;2;95;110;134;48;2;81;96;120m_[38;2;103;119;142;48;2;80;95;118m_[38;2;90;104;127;48;2;83;98;122m_[38;2;95;110;134;48;2;85;100;123m-[38;2;96;112;136;48;2;82;98;122m=[38;2;82;98;121;48;2;79;94;118m+[38;2;76;92;115;48;2;75;91;114mk[38;2;77;92;116;48;2;74;90;114m_[38;2;80;95;119;48;2;75;90;114m_[38;2;80;96;119;48;2;77;92;115my[38;2;86;102;125;48;2;78;92;116m_[38;2;76;91;115;48;2;73;88;112my[38;2;69;84;108;48;2;71;86;109m~[38;2;69;84;107;48;2;70;85;108m_[38;2;71;85;109;48;2;69;84;107m^[38;2;69;83;106;48;2;67;81;105m"[38;2;67;82;105;48;2;65;80;103m~[38;2;65;80;104;48;2;65;79;103m_[38;2;67;82;106;48;2;66;80;103m_[38;2;65;79;103;48;2;66;81;104m~[38;2;65;80;102m~[38;2;66;79;102m~[38;2;66;81;103m'[38;2;67;81;105;48;2;66;81;105m*[48;2;67;81;104m [38;2;66;81;103;48;2;66;80;103mF[38;2;67;81;103;48;2;65;80;103m~[38;2;63;79;102m`[38;2;65;80;104;48;2;64;79;102mg[38;2;65;80;103;48;2;63;77;100m_[0m
[38;2;90;107;134;48;2;92;109;136m~[38;2;95;112;138;48;2;92;108;135m_[38;2;89;107;134;48;2;94;110;136m~[38;2;98;114;139;48;2;94;111;136my[38;2;92;109;134;48;2;96;112;137m~[38;2;97;114;139;48;2;95;111;137my[38;2;100;117;142;48;2;96;112;138m_[38;2;93;110;136;48;2;97;114;139m~[38;2;102;118;144;48;2;98;114;139m_[38;2;102;117;142;48;2;98;114;138m_[38;2;103;119;144;48;2;99;115;140m_[38;2;97;114;139;48;2;91;106;128m:[38;2;56;63;73;48;2;77;88;106ms[38;2;97;113;139;48;2;94;109;134m:[38;2;93;108;134;48;2;98;113;139m~[38;2;92;108;134;48;2;96;112;137m~[38;2;95;110;135;48;2;92;108;133m_[38;2;93;108;133;48;2;90;106;131m_[38;2;87;102;127;48;2;89;105;130m~[38;2;93;108;133;48;2;86;102;127m_[38;2;92;107;132;48;2;85;101;126m_[38;2;94;109;134m_[48;2;86;101;127m_[38;2;96;111;136;48;2;88;103;128m_[38;2;97;113;137;48;2;93;108;132m:[38;2;102;118;141;48;2;98;113;137my[38;2;113;128;153;48;2;99;115;139mw[38;2;113;128;151;48;2;98;113;137my[38;2;120;135;158;48;2;94;109;132m_[38;2;107;121;143;48;2;87;102;125m_[38;2;78;93;117;48;2;81;96;119m`[38;2;84;99;122;48;2;80;95;119m_[38;2;79;94;118;48;2;85;100;124m`[38;2;119;133;155;48;2;93;108;131m_[38;2;117;131;153;48;2;99;114;136my[38;2;114;128;151;48;2;98;113;136mw[38;2;112;127;148;48;2;92;106;130m_[38;2;102;116;136;48;2;84;99;122m_[38;2;79;95;117m'[38;2;107;121;143;48;2;85;100;123m_[38;2;79;94;118;48;2;84;99;122m'[38;2;88;103;127;48;2;80;95;118m-[38;2;79;95;118;48;2;78;93;116mg[38;2;87;100;123;48;2;78;92;116m_[38;2;84;98;121;48;2;80;94;118my[38;2;86;101;124;48;2;81;96;119ma[38;2;90;104;127;48;2;83;98;121m*[38;2;83;98;121;48;2;88;102;125m~[38;2;94;109;133;48;2;88;103;126mr[38;2;95;110;133;48;2;90;105;127m'[38;2;104;120;144;48;2;93;108;131m~[38;2;106;120;143;48;2;94;108;132m~[38;2;86;101;125;48;2;91;105;129m~[38;2;94;109;132;48;2;86;101;124my[38;2;98;113;135;48;2;85;100;122m_[38;2;110;124;146;48;2;87;101;124m_[38;2;129;143;163;48;2;89;103;127m_[38;2;122;136;157;48;2;96;110;132m_[38;2;116;129;150;48;2;96;110;133my[38;2;131;145;165;48;2;97;112;134m_[38;2;124;138;159;48;2;95;109;132m_[38;2;118;132;153;48;2;93;108;130m_[38;2;106;119;140;48;2;89;104;126mw[38;2;106;120;142;48;2;78;93;116m_[38;2;79;93;116;48;2;72;86;110m_[38;2;78;93;115;48;2;70;85;108m_[38;2;75;90;113my[38;2;76;91;115;48;2;70;85;109m_[38;2;73;88;111;48;2;69;84;108m_[38;2;71;86;109;48;2;69;84;107m_[38;2;70;84;108;48;2;68;83;107my[38;2;71;86;109m_[38;2;73;86;110;48;2;69;84;108m,[38;2;69;83;107;48;2;68;82;106mp[38;2;67;82;105;48;2;66;81;104mg[38;2;69;84;107;48;2;66;81;105my[38;2;64;79;104;48;2;67;82;107m~[38;2;70;84;108;48;2;67;82;106m_[38;2;68;83;107mg[48;2;66;81;104m_[0m
[38;2;101;117;143;48;2;98;115;141my[38;2;96;113;139;48;2;99;116;142m~[38;2;101;117;143;48;2;99;116;141mg[38;2;103;119;144;48;2;101;118;143my[38;2;101;118;143;48;2;105;121;146m~[38;2;102;118;143;48;2;105;122;146m~[38;2;108;124;148;48;2;104;120;145m_[38;2;105;121;145;48;2;100;116;139m:[38;2;104;119;144;48;2;98;112;135m'[38;2;108;123;147;48;2;104;120;144my[38;2;106;121;144;48;2;100;114;136m:[38;2;65;72;83;48;2;55;60;68m"[38;2;69;77;90;48;2;91;103;123mr[38;2;87;99;117;48;2;102;117;140m`[38;2;106;121;145;48;2;104;118;143m_[38;2;101;116;142;48;2;101;116;141m'[38;2;100;114;139;48;2;97;111;136my[38;2;95;110;134;48;2;97;112;137m~[38;2;102;117;141;48;2;96;111;136m_[38;2;103;118;142;48;2;96;111;135m_[38;2;105;119;141;48;2;96;111;136m_[38;2;99;114;137;48;2;94;109;134m_[38;2;104;119;144m`[38;2;100;114;138;48;2;91;107;131m_[38;2;101;116;139;48;2;90;105;130m_[38;2;101;115;137;48;2;91;107;131m_[38;2;99;112;136m_[38;2;102;117;141;48;2;98;112;136m`[38;2;114;129;151;48;2;107;121;144m=[38;2;105;118;140;48;2;116;130;151m_[38;2;110;123;144;48;2;99;113;136mr[38;2;103;118;140;48;2;94;109;132m-[38;2;105;119;142;48;2;92;106;131m`[38;2;110;123;145;48;2;92;107;131m~[38;2;100;115;138;48;2;90;105;129m`[38;2;97;112;136;48;2;90;105;128m`[38;2;97;111;134;48;2;92;107;130m`[38;2;117;130;150;48;2;98;111;134m~[38;2;106;119;140;48;2;94;108;131m~[38;2;87;101;124;48;2;92;106;128m'[38;2;88;102;124;48;2;96;109;131m~[38;2;84;98;122;48;2;102;115;136m~[38;2;90;103;126;48;2;102;115;137m~[38;2;83;97;118;48;2;103;116;138m`[38;2;86;101;124;48;2;101;115;137m~[38;2;90;104;126;48;2;98;112;135m~[48;2;95;109;131m~[38;2;89;104;128;48;2;93;107;131m`[38;2;94;108;132;48;2;91;106;130my[38;2;90;105;128;48;2;92;107;131m~[38;2;91;106;129;48;2;93;107;130m~[38;2;96;110;132m_[38;2;101;114;135m_[38;2;100;113;135;48;2;95;109;133m_[38;2;107;120;142;48;2;98;112;135m_[38;2;100;114;137;48;2;105;119;141m'[38;2;110;124;145;48;2;118;131;152mE[38;2;114;126;147;48;2;132;144;162m_[38;2;103;117;139;48;2;125;138;158my[38;2;97;112;134;48;2;117;131;152my[38;2;129;142;161;48;2;111;125;147m=[38;2;110;125;147;48;2;129;142;162m~[38;2;115;128;149;48;2;128;142;162m_[38;2;99;113;138;48;2;118;132;153m_[38;2;129;143;161;48;2;107;121;142me[38;2;111;124;145;48;2;98;112;134m+[38;2;93;108;130;48;2;91;105;128m![38;2;105;118;139;48;2;92;106;128my[38;2;129;141;159;48;2;87;101;124m_[38;2;101;115;137;48;2;84;99;122m,[38;2;70;86;110;48;2;77;92;116m`[38;2;77;93;117;48;2;74;89;114m=[38;2;72;86;110;48;2;74;89;113m`[38;2;69;83;110;48;2;72;87;111m`[38;2;68;84;107m`[38;2;75;89;115;48;2;70;85;110m_[38;2;75;90;115m_[38;2;75;91;116;48;2;71;86;111m_[38;2;76;91;116;48;2;71;87;111m_[38;2;76;91;115;48;2;71;86;110m_[0m
[38;2;119;135;158;48;2;109;125;149m_[38;2;117;132;155;48;2;107;123;147m_[38;2;102;117;138;48;2;105;121;144m-[38;2;74;81;91;48;2;103;118;140m_[38;2;122;136;158;48;2;111;127;150m_[38;2;126;139;159;48;2;114;129;152m_[38;2;110;126;150;48;2;116;131;153m`[38;2;116;133;158;48;2;93;103;119m`[38;2;75;82;93;48;2;96;107;125mL[38;2;125;138;160;48;2;119;133;155m=[38;2;93;102;115;48;2;113;125;145m/[38;2;95;104;121;48;2;122;136;157m~[38;2;110;124;147;48;2;129;142;163m~[38;2;138;150;170;48;2;123;136;158m=[38;2;134;146;166;48;2;122;135;156m_[38;2;136;148;168;48;2;117;130;152m_[38;2;138;149;168;48;2;114;127;149m_[38;2;137;148;168;48;2;113;126;149m_[38;2;141;152;170;48;2;114;127;149m_[38;2;133;144;163;48;2;118;131;153m_[38;2;129;141;162;48;2;119;132;154m*[38;2;132;145;166;48;2;117;131;152m=[38;2;112;124;147;48;2;127;140;161m~[38;2;113;126;147;48;2;130;142;162m~[38;2;113;126;148;48;2;125;138;159m~[38;2;130;143;163;48;2;117;130;152m=[38;2;122;135;156;48;2;111;125;146mr[38;2;115;128;149;48;2;106;119;142m=[38;2;107;121;143;48;2;102;116;139mh[38;2;94;108;131;48;2;99;113;136m~[38;2;94;109;132;48;2;96;110;134m~[38;2;96;110;134;48;2;93;108;132my[38;2;97;111;134;48;2;94;108;132my[38;2;103;117;139;48;2;96;111;133my[38;2;105;118;139;48;2;96;110;133m_[38;2;107;120;141;48;2;96;111;134m,[38;2;112;124;145;48;2;95;110;133m_[38;2;106;119;142;48;2;96;110;133m_[38;2;101;116;138;48;2;95;110;133m_[38;2;98;112;135;48;2;95;109;132m_[38;2;98;112;133m_[38;2;96;110;132;48;2;97;111;133mM[38;2;102;115;137;48;2;98;112;134m_[38;2;105;117;139;48;2;101;114;137m.[38;2;108;122;142;48;2;102;115;138m_[38;2;120;129;145;48;2;101;114;136m_[38;2;110;122;142;48;2;103;116;137my[38;2;115;126;145;48;2;104;117;139my[38;2;126;134;150;48;2;105;117;138m_[38;2;129;136;149;48;2;104;116;137m_[38;2;133;139;151m_[38;2;134;141;154;48;2;104;117;138m_[38;2;143;148;161;48;2;109;122;142m_[38;2;104;117;138;48;2;112;123;144m`[38;2;122;132;150;48;2;111;123;144m,[38;2;120;130;147;48;2;105;118;140m_[38;2;105;118;139;48;2;99;113;136m_[38;2;100;114;136;48;2;94;108;131m_[38;2;98;111;134;48;2;91;106;129m_[38;2;94;109;132;48;2;89;105;129m_[38;2;103;117;139;48;2;93;108;132m~[38;2;121;133;152;48;2;99;113;135m~[38;2;118;131;151;48;2;97;112;135m~[38;2;90;105;129;48;2;91;106;130mZ[38;2;96;110;133;48;2;91;107;131m=[38;2;97;111;134;48;2;94;109;131mf[38;2;106;120;141;48;2;94;108;130mT[38;2;109;122;141;48;2;90;105;128m`[38;2;113;127;147;48;2;88;103;127m`[38;2;95;109;133;48;2;85;100;124m~[38;2;79;95;118;48;2;84;99;123m~[38;2;91;105;129;48;2;79;94;118m_[38;2;97;111;133;48;2;80;95;120m_[38;2;98;111;134;48;2;81;96;120m_[38;2;90;104;128;48;2;83;98;123mw[38;2;103;117;140;48;2;87;102;127m-[38;2;112;125;146;48;2;91;105;128m=[38;2;105;118;141;48;2;88;103;126m=[38;2;92;106;129;48;2;85;99;124m=[38;2;78;93;118;48;2;83;98;123m~[0m
[38;2;127;141;162;48;2;120;135;158m~[38;2;128;142;163;48;2;122;137;159mT[38;2;102;113;128;48;2;124;138;158m-[38;2;96;105;117;48;2;83;90;101ms[38;2;92;102;116;48;2;119;131;149m,[38;2;139;151;170;48;2;128;141;162m=[38;2;104;116;133;48;2;127;138;156m`[38;2;77;83;92;48;2;114;125;141m~[38;2;126;139;160;48;2;112;123;141m:[38;2;128;142;163;48;2;122;134;152m'[38;2;96;104;115;48;2;127;138;157m_[38;2;138;149;168;48;2;123;133;150m'[38;2;137;148;167;48;2;131;143;162mf[38;2;133;144;164;48;2;137;148;167mw[38;2;139;149;167;48;2;141;152;170m+[38;2;138;149;166;48;2;142;153;171m_[38;2;139;149;165;48;2;144;154;172m_[38;2;127;139;159m_[38;2;124;135;154;48;2;142;152;169m_[38;2;128;140;159;48;2;141;150;167m~[38;2;118;131;151;48;2;131;141;159m~[38;2;129;139;157;48;2;121;133;153my[38;2;126;137;154;48;2;118;130;150m_[38;2;129;139;157;48;2;117;130;150m_[38;2;134;141;156;48;2;115;127;148m_[38;2;148;153;165;48;2;117;129;148m_[38;2;130;139;155ma[38;2;139;147;161;48;2;120;131;150my[38;2;130;139;155;48;2;115;127;146mw[38;2;122;132;150;48;2;112;124;144mw[38;2;115;127;146;48;2;109;122;142mu[38;2;112;125;145;48;2;106;119;140m_[38;2;100;115;137;48;2;105;118;140m~[38;2;108;121;142;48;2;102;116;139my[38;2;110;122;143;48;2;104;117;139m_[38;2;107;120;141;48;2;102;115;138my[38;2;101;116;138;48;2;106;119;141mF[38;2;101;115;138;48;2;107;120;141m~[38;2;111;124;144m_[38;2;115;126;145;48;2;109;121;141mg[38;2;126;135;150;48;2;112;124;144m*[38;2;154;158;165;48;2;118;129;147m+[38;2;143;149;161;48;2;123;133;149m=[38;2;149;153;162;48;2;130;138;153mw[38;2;151;155;163;48;2;130;138;152ma[38;2;123;132;148;48;2;140;146;157m?[38;2;154;158;166;48;2;129;138;153m-[38;2;116;128;146;48;2;147;152;162m~[38;2;160;164;172;48;2;140;147;159ma[38;2;133;142;157;48;2;157;161;170m_[38;2;141;148;159;48;2;158;162;172m~[38;2;135;143;156;48;2;155;160;170m~[38;2;137;145;159;48;2;154;159;169m~[38;2;126;136;152;48;2;155;160;170m`[38;2;150;155;164m^[38;2;116;127;145;48;2;149;155;166m~[38;2;113;124;143;48;2;147;152;163m~[38;2;160;162;168;48;2;122;132;149m_[38;2;152;155;164;48;2;112;124;143m_[38;2;164;166;172;48;2;114;126;145m_[38;2;141;147;158;48;2;116;127;145mp[38;2;143;148;159;48;2;114;125;144m=[38;2;123;134;151;48;2;111;123;143m_[38;2;148;153;162;48;2;107;120;140m_[38;2;137;143;155;48;2;102;115;137m_[38;2;136;141;152;48;2;98;112;134m_[38;2;135;142;155;48;2;98;111;133m_[38;2;117;127;146;48;2;95;109;132m_[38;2;115;127;146;48;2;96;110;132m_[38;2;136;143;158;48;2;95;110;132m_[38;2;136;145;158;48;2;98;112;134m_[38;2;143;152;165;48;2;101;114;136m_[38;2;126;136;153m,[38;2;113;125;145;48;2;96;111;134m_[38;2;128;138;155;48;2;94;109;132m_[38;2;127;136;154;48;2;94;108;131m_[38;2;114;126;145;48;2;93;107;131m_[38;2;132;141;158;48;2;94;108;132m_[38;2;109;121;142;48;2;94;108;131m_[38;2;111;124;146;48;2;92;107;131m_[0m
[38;2;129;142;164;48;2;124;139;161m_[38;2;112;123;140;48;2;121;135;155m,[38;2;122;136;157;48;2;126;139;159m`[38;2;124;138;158;48;2;115;127;145m:[38;2;81;88;100;48;2;107;118;133m~[38;2;132;144;163;48;2;128;139;158m:[38;2;68;73;79;48;2;112;122;137m/[38;2;102;112;128;48;2;120;131;148m"[38;2;133;145;164;48;2;128;139;157m:[38;2;87;94;104;48;2;114;123;138mn[38;2;63;66;72;48;2;113;121;135m^[38;2;142;150;166;48;2;134;144;161m.[38;2;144;151;167;48;2;137;146;164ma[38;2;158;162;172;48;2;141;150;165m-[38;2;151;157;170;48;2;141;149;165ma[38;2;157;162;172;48;2;143;151;165ma[38;2;96;98;102;48;2;135;140;151m_[38;2;94;98;104;48;2;128;132;141mF[38;2;130;140;158;48;2;150;155;167m~[38;2;134;144;160;48;2;154;158;168m~[38;2;144;150;163;48;2;156;159;169m=[38;2;163;165;172;48;2;146;153;165my[38;2;164;166;172;48;2;144;150;163my[38;2;165;166;172my[38;2;124;134;151;48;2;152;156;165m~[38;2;172;171;173;48;2;140;146;159m_[38;2;168;167;170;48;2;135;143;157m_[38;2;159;161;165;48;2;132;140;155m,[38;2;126;136;153;48;2;120;131;150my[38;2;125;135;153;48;2;115;128;147m_[38;2;124;134;151;48;2;114;126;146m_[38;2;136;143;156;48;2;116;128;147m_[38;2;151;152;158;48;2;116;127;146m_[38;2;131;138;153;48;2;116;128;146m_[38;2;124;135;151;48;2;115;127;146m_[38;2;125;136;154m_[38;2;120;132;150;48;2;114;127;146m_[38;2;123;133;149;48;2;113;126;146m_[38;2;122;132;148;48;2;110;123;143m_[38;2;120;131;148m_[38;2;125;135;151;48;2;112;125;145m_[38;2;124;134;150;48;2;114;126;145m_[38;2;121;132;150;48;2;120;131;148m.[38;2;116;129;146;48;2;126;135;150m'[38;2;150;153;161;48;2;133;141;155m*[38;2;168;168;169;48;2;147;151;160m*[38;2;160;161;165;48;2;169;168;170m"[38;2;132;141;156;48;2;168;168;171m`[38;2;140;146;158;48;2;168;169;172m~[38;2;135;142;157;48;2;165;167;171m~[38;2;138;145;158;48;2;167;168;172m~[38;2;162;164;172;48;2;170;170;174m~[38;2;155;158;167;48;2;165;167;172m~[38;2;156;159;168;48;2;166;168;173my[38;2;146;151;164;48;2;159;163;171my[38;2;152;156;167;48;2;165;168;173my[38;2;135;143;158;48;2;164;166;173m_[38;2;148;153;164;48;2;161;164;172my[38;2;151;156;166;48;2;164;167;173my[38;2;149;155;165;48;2;163;165;171m~[38;2;121;132;150;48;2;161;163;170m`[38;2;142;148;160;48;2;163;165;171m~[38;2;146;151;161;48;2;162;165;171m~[38;2;139;146;160;48;2;162;165;172m~[38;2;154;158;167;48;2;162;165;171m~[38;2;147;153;163;48;2;158;162;169m`[38;2;143;150;162;48;2;153;158;167m`[38;2;137;145;159;48;2;147;153;164mf[38;2;109;121;143;48;2;139;147;161m~[38;2;116;127;146;48;2;142;149;162m~[38;2;131;140;156;48;2;145;152;165m^[38;2;143;151;164;48;2;148;155;167m^[38;2;129;139;156;48;2;142;150;164m`[38;2;143;151;165;48;2;130;140;158mF[38;2;111;125;148;48;2;134;144;160m_[38;2;118;131;151;48;2;132;142;159my[38;2;117;129;150;48;2;130;140;158my[38;2;129;139;156;48;2;117;129;149m=[38;2;118;129;149;48;2;111;123;145mr[38;2;119;130;150;48;2;108;121;143m"[0m
[38;2;121;128;141;48;2;132;143;161m.[38;2;67;71;81;48;2;127;137;154m'[38;2;125;135;152;48;2;134;143;159m`[38;2;121;128;142;48;2;132;142;157m+[38;2;109;118;134;48;2;126;135;149m"[38;2;92;97;105;48;2;113;120;132mz[38;2;136;144;157;48;2;123;130;143m:[38;2;143;151;165;48;2;127;135;149m:[38;2;139;148;164;48;2;120;128;141m`[38;2;125;131;142;48;2;138;145;157m([38;2;110;114;121;48;2;127;133;145m.[38;2;103;107;114;48;2;125;131;141m([38;2;153;156;162;48;2;141;148;160m.[38;2;126;129;137;48;2;140;146;159m.[38;2;162;163;169;48;2;139;147;162m_[38;2;145;150;163;48;2;135;143;156m.[38;2;66;68;72;48;2;114;119;129m^[38;2;117;122;132;48;2;134;141;155m`[38;2;149;154;167;48;2;140;148;163m_[38;2;165;166;172;48;2;147;153;165m`[38;2;170;168;169;48;2;154;158;167m_[38;2;150;154;164;48;2;166;166;169m*[38;2;148;153;165;48;2;166;166;170m*[38;2;143;149;162;48;2;168;167;170m*[38;2;145;151;162;48;2;164;165;169ma[38;2;150;153;162;48;2;167;166;168mw[38;2;148;153;162;48;2;162;162;166m*[38;2;162;161;165;48;2;151;154;162mm[38;2;173;170;169;48;2;148;152;161m=[38;2;178;174;170;48;2;154;156;162m=[38;2;183;176;167;48;2;154;155;160m_[38;2;169;166;165;48;2;143;148;158m_[38;2;158;157;161;48;2;137;144;156m_[38;2;163;162;164;48;2;140;146;156m_[38;2;161;159;161;48;2;139;145;156mu[38;2;185;176;167;48;2;143;148;157m_[38;2;182;175;168;48;2;146;150;158m_[38;2;182;175;169;48;2;154;155;161m_[38;2;173;170;167;48;2;157;158;161mg[38;2;148;151;158;48;2;170;167;166m~[38;2;133;140;153;48;2;171;168;166m~[38;2;133;140;154;48;2;170;167;165m`[38;2;183;177;170;48;2;157;157;161my[38;2;126;135;151;48;2;169;166;164m~[38;2;131;140;154;48;2;171;167;165m~[38;2;135;142;156;48;2;172;168;166m~[38;2;142;148;159;48;2;172;169;167m~[38;2;145;150;162;48;2;175;171;169m~[38;2;156;159;166;48;2;174;171;168m~[38;2;143;148;160;48;2;169;168;170m_[38;2;158;158;165;48;2;176;173;172m_[38;2;145;150;161;48;2;178;174;170m_[38;2;143;150;162;48;2;163;164;168my[38;2;141;148;161;48;2;162;164;168my[38;2;135;144;160;48;2;166;166;169m_[38;2;164;165;168;48;2;146;152;163mT[38;2;150;155;165;48;2;141;148;162mT[38;2;164;165;169;48;2;146;152;164m?[38;2;165;165;170;48;2;145;152;164m~[38;2;165;167;171;48;2;139;147;163m`[38;2;170;169;172;48;2;142;150;164m~[38;2;158;162;169m~[38;2;163;164;169;48;2;145;152;165m~[38;2;167;167;170;48;2;147;154;166m-[38;2;134;145;163;48;2;156;160;169m_[38;2;139;148;164;48;2;154;159;168my[38;2;124;134;152;48;2;152;157;168m_[38;2;160;163;171;48;2;142;150;166m~[38;2;150;155;167;48;2;136;146;163m~[38;2;152;157;168;48;2;134;144;162m~[38;2;124;136;155;48;2;128;139;158m'[38;2;132;143;164;48;2;126;137;158m_[38;2;130;142;162;48;2;122;135;155m_[38;2;106;119;139;48;2;119;132;153m_[38;2;124;136;157;48;2;117;130;153my[38;2;125;136;158;48;2;119;132;154my[38;2;123;135;157;48;2;117;130;153my[38;2;111;125;148;48;2;118;131;153m~[38;2;121;133;156;48;2;116;129;152my[38;2;121;134;154;48;2;115;128;151m_[0m
[38;2;131;140;155;48;2;147;151;158m`[38;2;49;50;54;48;2;133;136;141m.[38;2;157;162;171;48;2;154;155;160m'[38;2;115;114;117;48;2;141;142;146mW[38;2;79;82;86;48;2;133;133;136m^[38;2;100;100;101;48;2;124;125;128mL[38;2;86;87;90;48;2;141;140;142mJ[38;2;171;168;169;48;2;144;142;144m:[38;2;125;125;128;48;2;94;94;95my[38;2;170;169;169;48;2;158;156;157m'[38;2;94;93;94;48;2;136;134;134m`[38;2;98;96;95;48;2;141;139;140m*[38;2;122;119;118;48;2;159;156;155m~[38;2;150;147;146;48;2;173;169;168m_[38;2;166;165;167;48;2;173;170;169mL[38;2;144;140;136;48;2;169;165;164m/[38;2;189;181;173;48;2;173;170;170m=[38;2;187;179;173;48;2;169;167;169m=[38;2;189;181;173;48;2;168;166;168m=[38;2;183;177;170;48;2;172;169;168mP[38;2;186;177;170;48;2;169;167;168m=[38;2;192;182;171;48;2;173;170;169m=[38;2;177;169;166;48;2;184;177;170m_[38;2;176;170;168;48;2;194;183;172m_[38;2;164;163;167;48;2;189;180;170m_[38;2;176;172;169;48;2;192;181;169m~[38;2;173;170;168;48;2;195;183;170m~[38;2;160;161;165;48;2;197;184;169m`[38;2;176;170;166;48;2;198;184;168m~[38;2;174;169;165;48;2;199;184;168m~[38;2;177;171;167;48;2;200;185;168m~[38;2;202;186;168;48;2;196;183;169mw[38;2;175;168;164;48;2;196;183;168m_[38;2;192;178;166m_[38;2;164;163;166;48;2;192;181;169m_[38;2;180;173;166;48;2;194;182;169m_[38;2;204;188;168;48;2;196;183;169my[38;2;212;191;165;48;2;197;184;169m_[38;2;183;175;166;48;2;198;184;169m-[38;2;186;175;165;48;2;195;182;167m-[38;2;165;162;163;48;2;194;182;168m-[38;2;180;171;165;48;2;192;180;167mv[38;2;164;162;164;48;2;193;180;166m-[38;2;171;166;164;48;2;194;181;166m=[38;2;151;153;161;48;2;189;177;165m=[38;2;203;185;165;48;2;171;166;163m_[38;2;185;174;164;48;2;165;162;163my[38;2;143;148;159;48;2;174;167;163m=[38;2;195;180;166;48;2;154;154;160m_[38;2;196;179;163;48;2;149;152;161m_[38;2;202;183;163;48;2;150;153;161m_[38;2;201;183;164;48;2;155;156;161m_[38;2;205;185;164;48;2;160;158;162m_[38;2;205;187;167;48;2;154;156;162m_[38;2;199;181;165;48;2;156;157;163m_[38;2;205;186;167;48;2;153;156;164m_[38;2;200;182;164;48;2;153;156;165m_[38;2;169;165;165;48;2;150;154;164mL[38;2;99;108;120;48;2;138;144;155m_[38;2;95;104;119;48;2;120;129;143my[38;2;137;148;164;48;2;149;154;165m`[38;2;156;159;168;48;2;147;153;166m*[38;2;163;162;167;48;2;148;154;167m-[38;2;166;164;166;48;2;147;153;166m-[38;2;135;146;163;48;2;145;151;163m`[38;2;87;95;110;48;2;112;121;135mw[38;2;83;95;111;48;2;65;76;92m`[38;2;94;102;116;48;2;127;134;149m+[38;2;150;155;165;48;2;141;147;161m:[38;2;160;161;168;48;2;143;150;165mr[38;2;153;156;167;48;2;142;149;165mf[38;2;150;155;167;48;2;142;149;164m^[38;2;103;115;132;48;2;132;140;156m=[38;2;58;71;90;48;2;75;87;106m.[38;2;134;141;157;48;2;100;109;127m~[38;2;85;97;119;48;2;116;125;142my[38;2;142;148;163;48;2;130;139;159m'[38;2;140;146;161;48;2;127;137;157m~[38;2;133;142;159;48;2;124;135;157m~[38;2;134;143;159;48;2;123;135;156m~[0m
[38;2;75;72;71;48;2;123;118;114m>[38;2;150;142;136;48;2;104;103;105mh[38;2;70;70;72;48;2;133;126;119my[38;2;89;86;85;48;2;136;128;121my[38;2;161;146;130;48;2;113;107;103mr[38;2;97;92;90;48;2;130;124;120m<[38;2;89;84;81;48;2;137;129;123m)[38;2;155;144;131;48;2;93;89;85m![38;2;85;80;74;48;2;133;124;116mx[38;2;100;95;92;48;2;149;139;129m^[38;2;143;135;127;48;2;170;156;142mT[38;2;135;130;126;48;2;181;166;150m_[38;2;162;145;126;48;2;182;167;150m<[38;2;168;158;149;48;2;194;176;158m~[38;2;148;144;140;48;2;184;169;153m_[38;2;130;125;121;48;2;189;173;155m,[38;2;194;180;167;48;2;205;185;163m^[38;2;224;195;160;48;2;201;183;164m.[38;2;185;174;166;48;2;204;185;164m`[38;2;171;167;169;48;2;206;186;165m`[38;2;164;163;167;48;2;195;179;160m`[38;2;170;166;165;48;2;210;189;162m~[38;2;164;162;166;48;2;187;173;156m`[38;2;166;164;167;48;2;197;180;159m'[38;2;164;163;166;48;2;206;187;163m~[38;2;168;166;168;48;2;210;189;162m~[38;2;177;171;168;48;2;215;192;162m~[38;2;172;168;166;48;2;212;190;161m~[38;2;231;200;158;48;2;200;183;162ma[38;2;228;199;159;48;2;201;184;162ma[38;2;231;201;157;48;2;207;187;162ma[38;2;201;183;158;48;2;224;197;160m_[38;2;192;178;165;48;2;226;198;160m`[38;2;135;128;122;48;2;219;194;160m_[38;2;187;176;165m~[38;2;168;161;159;48;2;215;192;161m_[38;2;179;168;158;48;2;221;195;160m_[38;2;177;166;156;48;2;225;198;160m_[38;2;194;179;160;48;2;229;201;160m_[38;2;205;185;155;48;2;228;201;161m_[38;2;204;181;152;48;2;227;200;161m_[38;2;206;185;158;48;2;228;199;160m_[38;2;221;194;162;48;2;209;184;152m'[38;2;113;117;127;48;2;203;180;151m_[38;2;157;155;159;48;2;210;187;159m_[38;2;147;142;139;48;2;198;178;154my[38;2;129;129;132;48;2;181;165;147my[38;2;150;149;157;48;2;201;181;160m_[38;2;151;151;159;48;2;198;180;161m_[38;2;152;152;159;48;2;200;181;162m_[38;2;151;151;161;48;2;196;179;161m_[38;2;97;107;123;48;2;182;168;155m_[38;2;211;189;162;48;2;121;122;126m~[38;2;74;85;102;48;2;162;154;149m_[38;2;180;167;155;48;2;104;108;118m~[38;2;110;119;136;48;2;151;150;155m_[38;2;104;116;135;48;2;143;146;156m_[38;2;96;105;121;48;2;117;125;139m7[38;2;148;149;155;48;2;91;101;117m`[38;2;89;98;114;48;2;77;88;105m![38;2;126;132;146;48;2;97;108;125mf[38;2;145;149;160;48;2;108;117;135m`[38;2;97;109;130;48;2;121;129;146my[38;2;73;86;106;48;2;117;125;141my[38;2;121;127;141;48;2;87;98;114m=[38;2;73;82;98;48;2;59;71;88m/[38;2;62;73;89;48;2;49;60;78m'[38;2;68;79;98;48;2;53;65;83mr[38;2;55;68;88;48;2;90;103;123m_[38;2;80;94;117;48;2;107;118;138my[38;2;59;73;94;48;2;99;110;130ma[38;2;131;140;159;48;2;76;88;109m~[38;2;96;106;126;48;2;63;77;97m`[38;2;80;91;109;48;2;57;70;90m"[38;2;64;77;96;48;2;58;71;91m~[38;2;69;82;104;48;2;58;71;92m~[38;2;114;124;145;48;2;68;81;102m~[38;2;112;122;143;48;2;63;76;97m~[38;2;101;111;131;48;2;58;69;88m~[38;2;103;114;135;48;2;60;73;94m~[0m
[38;2;62;72;87;48;2;67;79;98m:[38;2;62;72;89;48;2;49;57;69m\[38;2;35;40;46;48;2;58;68;83mj[38;2;73;81;94;48;2;52;58;67m~[38;2;76;87;103;48;2;57;64;75m{[38;2;74;84;98;48;2;58;64;74mF[38;2;82;90;106;48;2;70;77;89mE[38;2;69;77;91;48;2;53;59;68mN[38;2;54;59;68;48;2;80;90;106m/[38;2;59;69;84;48;2;86;96;111m_[38;2;72;81;94;48;2;99;108;124m*[38;2;53;60;70;48;2;96;106;122m.[38;2;90;101;117;48;2;116;123;136my[38;2;137;138;144;48;2;105;115;131m~[38;2;79;88;103;48;2;96;108;126mf[38;2;131;137;146;48;2;100;112;131m`[38;2;84;98;117;48;2;128;136;150m_[38;2;91;104;124;48;2;119;127;141my[38;2;88;100;121;48;2;132;135;144my[38;2;88;101;121;48;2;133;136;145my[38;2;177;160;144;48;2;92;103;119m`[38;2;151;148;148;48;2;91;102;119m~[38;2;103;108;116;48;2;80;91;108m'[38;2;203;180;150;48;2;91;101;116m`[38;2;98;109;127;48;2;141;141;148my[38;2;92;104;123;48;2;132;136;146my[38;2;174;166;161;48;2;129;133;144m~[38;2;92;103;119;48;2;127;131;141mg[38;2;97;109;127;48;2;137;140;149m_[38;2;81;95;115;48;2;136;139;149m_[38;2;79;93;114;48;2;135;138;147m_[38;2;88;100;119;48;2;127;130;141my[38;2;145;144;150;48;2;94;103;118m~[38;2;102;107;117;48;2;68;81;98m~[38;2;143;142;148;48;2;88;98;114m~[38;2;142;141;148;48;2;98;108;123m~[38;2;90;101;119;48;2;132;134;142my[38;2;83;95;114;48;2;135;135;139my[38;2;77;89;107;48;2;132;132;136my[38;2;169;159;151;48;2;89;97;110m~[38;2;200;177;156;48;2;84;94;108m`[38;2;157;153;155;48;2;95;104;119m~[38;2;100;107;120;48;2;77;89;105m^[38;2;85;95;112;48;2;69;82;99m`[38;2;140;142;152;48;2;87;97;115m~[38;2;94;104;122;48;2;79;90;109mM[38;2;94;103;118;48;2;75;87;106m~[38;2;137;140;152;48;2;82;94;112m~[38;2;135;139;152;48;2;80;92;111m~[38;2;129;134;148;48;2;76;88;108m~[38;2;133;137;151;48;2;82;94;113m~[38;2;98;108;124;48;2;75;89;109m"[38;2;58;72;93;48;2;68;81;102m|[38;2;83;95;114;48;2;64;78;97m~[38;2;55;67;85;48;2;59;73;91my[38;2;85;98;116;48;2;61;74;93m~[38;2;98;112;133;48;2;64;78;98m`[38;2;104;118;139;48;2;63;75;95m`[38;2;72;86;106;48;2;65;77;96m~[38;2;85;99;119;48;2;68;82;103m`[38;2;88;100;120;48;2;70;84;106m`[38;2;63;77;97;48;2;69;84;106m.[38;2;52;66;85;48;2;61;74;94mm[38;2;46;59;77;48;2;54;66;86mq[38;2;48;61;80;48;2;56;68;87mm[38;2;57;69;88;48;2;48;61;80m_[38;2;57;69;87;48;2;47;61;79m_[38;2;61;71;85;48;2;49;62;81m_[38;2;58;68;85;48;2;50;63;82m_[38;2;49;61;79;48;2;55;66;84mr[38;2;51;63;81;48;2;57;67;85mH[38;2;60;68;84;48;2;54;65;84my[38;2;55;69;91;48;2;54;65;83m`[38;2;45;56;73;48;2;52;62;80ml[38;2;48;59;76;48;2;53;64;81m2[38;2;46;54;67;48;2;49;59;75my[38;2;47;58;75;48;2;51;61;78mP[38;2;43;49;60;48;2;46;55;71m_[38;2;31;39;50;48;2;40;48;62m|[38;2;38;45;56;48;2;44;53;68my[0m
[38;2;38;44;53;48;2;53;63;78mj[38;2;53;62;77;48;2;43;50;61m~[38;2;51;61;75;48;2;36;42;49m*[38;2;41;47;56;48;2;35;39;45m4[38;2;54;63;77;48;2;41;46;53mJ[38;2;56;65;77;48;2;40;44;50m"[38;2;70;84;104;48;2;44;50;60m`[38;2;51;58;69;48;2;44;48;56mw[38;2;52;59;68;48;2;61;71;85md[38;2;49;56;66;48;2;58;67;81mL[38;2;50;58;67;48;2;62;72;87m<[38;2;42;46;49;48;2;73;84;102m,[38;2;60;69;81;48;2;70;82;100m_[38;2;75;89;111;48;2;71;84;103m`[38;2;54;64;78;48;2;69;82;100m"[38;2;59;67;78;48;2;70;83;102my[38;2;73;87;108;48;2;68;81;100m`[38;2;71;82;99;48;2;68;81;101m.[38;2;69;84;107;48;2;67;81;101m`[38;2;62;75;95;48;2;67;80;101m_[38;2;69;82;102;48;2;64;78;98mr[38;2;70;84;105;48;2;65;79;99m=[38;2;74;88;109;48;2;68;82;101mr[38;2;71;85;105;48;2;70;83;102mY[38;2;66;79;96;48;2;74;87;106m_[38;2;64;77;94m_[38;2;64;77;93;48;2;76;89;108m_[38;2;61;74;91;48;2;75;88;106m_[38;2;82;94;114;48;2;76;87;105m=[38;2;60;73;89;48;2;73;86;104m_[38;2;59;72;88;48;2;72;84;103m_[38;2;56;69;85;48;2;69;81;99m_[38;2;56;69;84;48;2;65;78;95m_[38;2;52;64;80;48;2;65;77;94m_[38;2;69;80;96;48;2;62;75;92ma[38;2;57;69;83;48;2;66;78;94m_[38;2;60;72;88;48;2;64;76;92mE[38;2;56;67;81;48;2;65;76;92m_[38;2;70;80;96;48;2;61;72;88m=[38;2;50;62;76;48;2;63;74;90m_[38;2;45;58;72;48;2;62;73;89m_[38;2;52;64;78;48;2;59;72;88my[38;2;47;58;72;48;2;58;70;87m_[38;2;62;75;93;48;2;53;65;80m~[38;2;61;73;91;48;2;53;64;79m~[38;2;47;59;74;48;2;57;69;86my[38;2;67;80;100;48;2;55;66;82m~[38;2;70;81;100;48;2;59;69;84m~[38;2;53;62;75;48;2;60;71;88my[38;2;53;61;74;48;2;62;73;90my[38;2;57;65;76;48;2;66;77;94my[38;2;55;63;74;48;2;65;76;93my[38;2;51;59;71;48;2;64;74;91my[38;2;69;82;103;48;2;56;66;80m~[38;2;59;72;91;48;2;49;59;73m"[38;2;56;69;89;48;2;47;57;71m`[38;2;48;56;67;48;2;53;63;77my[38;2;40;49;60;48;2;56;64;78m_[38;2;66;78;97;48;2;54;62;74m~[38;2;69;81;102;48;2;54;61;73m~[38;2;74;87;109;48;2;55;62;74m~[38;2;67;77;96;48;2;53;60;71m~[38;2;58;70;88;48;2;51;58;69m~[38;2;40;46;57;48;2;55;61;71m_[38;2;38;45;56;48;2;53;60;70m_[38;2;34;43;53;48;2;53;60;69m_[38;2;44;50;57;48;2;54;60;69my[38;2;64;70;82;48;2;53;57;65m~[38;2;39;45;54;48;2;55;60;68m_[38;2;48;53;62;48;2;53;59;69my[38;2;62;69;81;48;2;50;56;67m~[38;2;59;67;79;48;2;52;58;68m~[38;2;46;52;61;48;2;51;58;68mq[38;2;51;58;69;48;2;42;47;57m~[38;2;46;51;60;48;2;39;45;55mY[38;2;48;54;65;48;2;34;40;50m~[38;2;47;53;66;48;2;36;42;51m`[38;2;41;46;55;48;2;33;38;48m^[38;2;36;42;50;48;2;27;33;43m"[38;2;39;44;54;48;2;25;32;42m`[0m
[38;2;23;26;30;48;2;30;34;40m'[38;2;52;61;75m'[38;2;34;40;47;48;2;30;34;38m~[38;2;49;57;70;48;2;36;39;44m`[38;2;50;56;65;48;2;33;37;43m"[38;2;41;48;58;48;2;33;36;40mT[38;2;39;42;48;48;2;32;36;41m^[38;2;51;59;71;48;2;41;44;51m*[38;2;52;59;71;48;2;44;49;56m][38;2;37;40;44;48;2;50;58;71m^[38;2;40;46;55;48;2;59;68;83mr[38;2;48;55;66;48;2;58;68;83mz[38;2;55;59;63;48;2;64;75;92m`[38;2;71;85;105;48;2;61;73;90m'[38;2;50;56;64;48;2;61;72;88mv[38;2;59;67;78;48;2;63;76;95m~[38;2;62;76;94;48;2;68;81;102mr[38;2;64;78;99;48;2;67;81;102mh[38;2;62;76;96m=[38;2;65;79;99;48;2;68;81;102mA[38;2;69;82;102;48;2;66;80;100m~[38;2;65;79;99;48;2;67;80;100m2[38;2;63;77;97;48;2;65;79;98my[38;2;64;77;96;48;2;66;80;99mL[38;2;73;87;108;48;2;68;81;101m_[38;2;76;90;111;48;2;69;82;101m_[38;2;87;99;118;48;2;68;80;99m_[38;2;71;85;105;48;2;66;79;98my[38;2;89;101;119;48;2;67;80;99m_[38;2;72;86;106;48;2;66;79;97my[38;2;74;88;108;48;2;65;78;97m_[38;2;66;79;100;48;2;61;74;92m_[38;2;64;76;93;48;2;59;72;90m=[38;2;63;75;91;48;2;59;72;89m=[38;2;66;77;93;48;2;58;71;88m=[38;2;54;66;82;48;2;59;71;88m^[38;2;70;81;99;48;2;58;70;86m_[38;2;62;75;94;48;2;57;69;85m_[38;2;55;66;81;48;2;56;68;84mY[38;2;59;70;85;48;2;54;65;81ma[38;2;52;63;78;48;2;54;66;82m?[38;2;56;68;86;48;2;52;64;79my[38;2;53;67;87;48;2;50;62;77m_[38;2;46;57;71m=[48;2;52;63;78m=[38;2;56;71;90;48;2;47;59;73m_[38;2;58;73;92;48;2;49;59;74m_[38;2;66;77;96;48;2;51;61;75m_[38;2;58;72;91m_[38;2;60;73;91;48;2;50;60;73m_[38;2;62;75;94;48;2;48;58;71m_[38;2;58;71;90;48;2;45;54;68m_[38;2;56;69;86;48;2;45;54;67m_[38;2;53;65;82m_[38;2;42;52;64;48;2;46;55;68m=[38;2;39;49;61;48;2;46;55;67m=[38;2;34;44;56;48;2;48;55;66m=[38;2;39;48;59;48;2;46;54;65ma[38;2;36;46;58;48;2;46;53;64m=[38;2;48;56;67;48;2;43;51;62mT[38;2;46;53;65;48;2;41;48;59m5[38;2;45;52;64;48;2;41;49;60mF[38;2;46;53;65;48;2;40;47;58mE[38;2;50;57;69;48;2;41;48;59mE[38;2;48;54;66;48;2;42;48;59mE[38;2;30;38;47;48;2;44;51;61m-[38;2;53;63;78;48;2;37;43;53m_[38;2;48;54;64;48;2;34;41;51m-[38;2;43;49;59;48;2;36;42;51mg[38;2;35;41;50;48;2;43;48;56m$[38;2;30;36;45;48;2;44;49;57m*[38;2;29;35;44;48;2;41;46;54m*[38;2;32;38;47;48;2;41;45;53m*[38;2;43;47;54;48;2;32;37;46mC[38;2;41;45;53;48;2;35;40;49m$[38;2;43;47;54;48;2;34;39;48ma[38;2;22;29;39;48;2;35;41;49m~[38;2;44;49;57;48;2;34;39;48ma[38;2;44;48;56;48;2;33;39;47my[38;2;50;53;61;48;2;35;40;48m_[0m
[38;2;37;38;38;48;2;26;29;32m+[38;2;28;30;32;48;2;22;25;28mT[38;2;32;34;37;48;2;26;28;31m7[38;2;27;28;29;48;2;32;34;38m'[38;2;20;22;25;48;2;29;31;33m:[38;2;47;49;51;48;2;35;37;40m\[38;2;32;37;43;48;2;29;31;34m\[38;2;64;68;77;48;2;39;42;45m/[38;2;51;55;63;48;2;41;43;47m{[38;2;90;96;106;48;2;60;64;72m+[38;2;49;52;57;48;2;70;76;87mK[38;2;91;98;110;48;2;74;80;90m0[38;2;94;100;112;48;2;73;79;89mr[38;2;94;103;119;48;2;66;71;81mJ[38;2;91;99;114;48;2;71;78;89ma[38;2;73;81;91;48;2;87;97;112m{[38;2;88;98;115;48;2;105;114;129mF[38;2;136;142;154;48;2;99;111;130m_[38;2;79;93;114;48;2;114;123;139m~[48;2;114;123;138m~[38;2;115;122;135;48;2;86;99;118m_[38;2;136;137;142;48;2;87;98;114m_[38;2;107;113;125;48;2;77;90;108m_[38;2;124;125;130;48;2;88;99;115m_[38;2;84;97;117;48;2;123;129;141m~[38;2;133;136;145;48;2;107;116;132my[38;2;102;113;131;48;2;127;133;145m~[38;2;75;89;109;48;2;112;120;135m~[38;2;110;120;136;48;2;127;133;146m~[38;2;92;105;124;48;2;122;129;142m~[38;2;83;97;117;48;2;121;128;142m~[38;2;132;135;145;48;2;102;111;127my[38;2;133;135;143;48;2;86;97;113m_[38;2;93;100;112;48;2;69;82;99m_[38;2;134;135;139;48;2;85;95;109m_[38;2;67;81;98;48;2;101;110;125m~[38;2;80;93;110;48;2;120;126;138m~[38;2;69;84;102;48;2;117;123;134m~[38;2;63;76;95;48;2;112;118;130m~[38;2;141;142;145;48;2;80;91;107m_[38;2;119;124;135;48;2;71;83;100m_[38;2;120;125;136;48;2;84;94;110my[38;2;103;110;122;48;2;70;82;100m_[38;2;84;95;111;48;2;64;77;95m_[38;2;112;120;135;48;2;80;91;108my[38;2;97;105;119;48;2;76;88;105m_[38;2;88;99;116;48;2;73;85;103mu[38;2;126;133;146;48;2;83;94;112m_[38;2;129;136;148;48;2;78;90;108m_[38;2;128;134;145;48;2;76;88;106m_[38;2;133;137;147;48;2;77;88;106m_[38;2;87;96;112;48;2;66;79;98m_[38;2;55;68;87;48;2;60;74;92m'[38;2;85;93;109;48;2;59;72;90m,[38;2;56;70;88;48;2;51;64;81mL[38;2;77;89;108;48;2;52;65;82m_[48;2;55;68;86m_[38;2;84;97;116m_[38;2;72;85;104;48;2;55;68;85m_[38;2;72;86;105;48;2;58;70;88m_[38;2;52;58;66;48;2;59;73;91m`[38;2;51;58;70;48;2;57;69;88m"[38;2;55;67;85;48;2;49;60;76m=[38;2;44;56;73;48;2;48;57;72m*[38;2;44;50;58;48;2;44;54;69m~[38;2;37;44;53;48;2;41;52;66m~[38;2;34;41;51;48;2;39;49;63m~[38;2;31;38;49;48;2;38;47;60m~[38;2;34;41;51;48;2;39;47;59m~[38;2;44;53;67;48;2;37;45;57my[38;2;33;40;50;48;2;42;50;63m~[38;2;34;43;54;48;2;44;51;64mT[38;2;33;40;51;48;2;41;49;60mT[38;2;33;41;52;48;2;36;44;56m@[38;2;44;52;66;48;2;35;43;55m`[38;2;37;45;56;48;2;31;39;51m~[38;2;41;49;62;48;2;32;40;52m~[38;2;41;47;58;48;2;32;39;49m~[38;2;40;46;56;48;2;30;38;48m~[38;2;46;51;59m`[0m
[38;2;23;25;26;48;2;18;21;25m_[38;2;34;34;35;48;2;24;26;27m~[38;2;38;38;37;48;2;22;25;27m.[38;2;36;38;40;48;2;25;27;29m![38;2;15;18;22;48;2;22;25;27m:[38;2;32;33;33;48;2;25;27;29mj[38;2;22;24;26;48;2;28;29;30mW[38;2;20;22;24;48;2;29;30;32m:[38;2;19;22;24;48;2;31;32;33m.[38;2;29;29;32;48;2;37;39;41m`[38;2;116;121;134;48;2;40;40;42m`[38;2;76;78;83;48;2;40;41;43m~[38;2;92;94;99;48;2;47;48;51m^[38;2;61;62;64;48;2;40;41;43m~[38;2;124;126;131;48;2;54;54;56m'[38;2;137;139;147;48;2;67;67;70m`[38;2;127;129;136;48;2;78;79;82m~[38;2;59;60;62;48;2;110;111;114my[38;2;40;41;44;48;2;117;115;116m_[38;2;39;41;45;48;2;125;123;123m_[38;2;36;38;42;48;2;123;122;125m_[38;2;50;53;57;48;2;141;137;137m_[38;2;105;104;106;48;2;137;135;136m_[38;2;121;118;120;48;2;148;143;141m_[38;2;130;130;134;48;2;160;153;148m_[38;2;124;125;131;48;2;158;152;148m_[38;2;123;124;130;48;2;162;154;148m_[38;2;132;133;137;48;2;164;155;148m_[38;2;133;134;140;48;2;163;155;147m_[38;2;144;143;143;48;2;166;157;149m_[38;2;140;141;144;48;2;168;157;148m_[38;2;181;166;150;48;2;166;156;148m=[38;2;155;148;143;48;2;175;161;147m_[38;2;85;95;111;48;2;169;156;143m`[38;2;167;156;146;48;2;180;164;147m_[38;2;150;147;149;48;2;172;160;147m"[38;2;161;154;147;48;2;179;164;148m_[38;2;155;151;146;48;2;182;165;147m_[38;2;164;155;147;48;2;184;166;148m_[38;2;171;157;145;48;2;181;165;148m`[38;2;163;154;147;48;2;183;166;149m~[38;2;165;154;147;48;2;185;167;148m`[38;2;145;140;136;48;2;173;158;142m`[38;2;114;115;118;48;2;169;155;140m~[38;2;157;150;146;48;2;176;161;146m~[38;2;102;106;115;48;2;147;140;135m`[38;2;103;106;114;48;2;142;135;131m^[38;2;141;142;149;48;2;172;159;147m`[38;2;139;140;146;48;2;168;157;148m~[38;2;135;139;147;48;2;167;156;148m~[38;2;137;140;148;48;2;166;157;149m~[38;2;110;116;129;48;2;156;149;144m~[38;2;159;150;142;48;2;112;114;121my[38;2;93;101;117;48;2;141;138;139m~[38;2;145;141;139;48;2;89;96;106m_[38;2;98;108;124;48;2;132;135;142m~[38;2;107;117;134;48;2;124;131;142m~[38;2;88;99;115;48;2;104;113;129m*[38;2;103;110;123;48;2;75;86;103m_[38;2;109;119;135;48;2;71;82;99m'[38;2;122;127;137;48;2;85;95;112m_[38;2;113;122;136;48;2;93;104;122my[38;2;120;128;142;48;2;90;102;120m_[38;2;112;122;137;48;2;73;85;102my[38;2;95;104;120;48;2;68;79;96mw[38;2;85;95;111;48;2;53;65;81m.[38;2;56;68;83;48;2;45;58;74m;[38;2;90;101;118;48;2;51;64;80m.[38;2;97;109;127;48;2;68;81;100my[38;2;103;115;133;48;2;74;86;105my[38;2;90;100;118;48;2;60;73;91m_[38;2;96;106;124;48;2;56;69;88m_[38;2;62;74;91;48;2;50;62;80m_[38;2;40;49;63;48;2;47;59;76m'[38;2;60;72;90;48;2;46;58;74m_[38;2;64;76;94;48;2;44;56;72m_[38;2;82;91;107;48;2;46;57;73m_[38;2;68;77;93;48;2;39;49;64m_[38;2;43;53;67;48;2;32;42;55m_[38;2;54;64;80;48;2;37;47;61m_[0m
[38;2;13;16;20;48;2;16;19;23m'[38;2;21;24;25;48;2;26;27;27mL[38;2;19;21;24;48;2;25;26;27m6[38;2;31;32;31;48;2;22;24;26mk[38;2;28;29;29;48;2;20;22;24m_[38;2;36;36;36;48;2;23;25;27m`[38;2;34;34;35;48;2;25;26;28m.[38;2;30;32;32;48;2;23;25;27mM[38;2;29;30;32mm[38;2;31;32;34m`[38;2;25;26;28;48;2;28;29;31m@[38;2;31;33;34;48;2;24;26;28m)[38;2;32;33;34;48;2;27;28;30mX[38;2;35;35;35;48;2;29;30;31m#[38;2;45;44;42;48;2;36;36;36m/[38;2;49;50;50;48;2;37;38;39m`[38;2;39;40;40;48;2;33;35;37m~[38;2;27;30;35;48;2;34;36;40m:[38;2;38;42;46;48;2;35;38;43m{[38;2;77;80;85;48;2;41;44;49m_[38;2;111;113;116;48;2;48;51;55m_[38;2;136;139;144;48;2;60;63;68m_[38;2;127;131;138;48;2;66;70;75m_[38;2;118;120;126;48;2;66;69;75my[38;2;51;53;58;48;2;91;93;98mT[38;2;65;68;72;48;2;99;101;107m?[38;2;84;86;90;48;2;116;118;123mT[38;2;130;132;136;48;2;122;123;126m:[38;2;144;141;140;48;2;133;132;135m'[38;2;129;131;137;48;2;140;138;138m*[38;2;126;130;138;48;2;145;142;141m=[38;2;130;133;140;48;2;147;144;142ms[38;2;157;151;146;48;2;141;140;141m~[38;2;148;145;144;48;2;139;139;141mT[38;2;167;156;145;48;2;140;140;141m`[38;2;165;156;147;48;2;141;140;141m`[38;2;135;137;140;48;2;145;143;143m_[38;2;152;148;144;48;2;142;141;142m-[38;2;149;146;143m=[38;2;155;150;147;48;2;145;143;142m"[38;2;157;151;147;48;2;144;143;143m~[38;2;135;137;140;48;2;150;146;144mc[38;2;169;158;147;48;2;148;145;144m~[38;2;172;160;147;48;2;143;141;141m~[38;2;127;131;137;48;2;148;144;143mw[38;2;162;153;146;48;2;134;135;139m~[38;2;153;147;145;48;2;129;132;138m~[38;2;150;147;147;48;2;126;130;138m~[38;2;151;146;143m~[38;2;147;144;145;48;2;125;130;139m~[38;2;149;146;147;48;2;126;131;139m~[38;2;167;157;149;48;2;131;134;141m~[38;2;123;128;138;48;2;145;144;145mg[38;2;171;161;151;48;2;136;138;142m~[38;2;164;155;147;48;2;128;132;141m~[38;2;160;154;150;48;2;126;131;141m~[38;2;153;149;147;48;2;124;130;140m~[38;2;142;140;141;48;2;122;129;140m~[38;2;84;94;108;48;2;107;116;130m"[38;2;72;83;99;48;2;93;104;119mF[38;2;132;138;148;48;2;119;127;140m'[38;2;127;134;146;48;2;122;130;143m'[38;2;119;128;142;48;2;124;132;145my[38;2;114;125;139;48;2;126;133;146m_[38;2;88;98;114;48;2;119;128;141m`[38;2;100;110;126;48;2;79;89;104m_[38;2;84;95;111;48;2;61;72;87m_[38;2;74;84;100;48;2;100;109;124m~[38;2;119;127;142;48;2;113;122;137m:[38;2;105;116;134;48;2;120;130;145m_[38;2;103;115;133;48;2;117;127;143m_[38;2;120;129;144;48;2;114;124;140m`[38;2;97;108;124;48;2;83;94;110mg[38;2;70;82;99;48;2;61;73;90m+[38;2;98;108;124;48;2;79;90;106ma[38;2;70;81;98;48;2;94;104;120m~[38;2;105;115;132;48;2;112;121;138m"[38;2;83;93;109;48;2;95;105;121m^[38;2;77;88;103;48;2;67;77;93mW[38;2;66;76;91;48;2;88;99;116m:[0m
[38;2;23;27;30;48;2;14;17;20m`[38;2;32;34;32;48;2;18;21;23m|[38;2;17;20;22;48;2;23;24;25mz[38;2;21;23;24;48;2;18;19;21mM[38;2;38;37;35;48;2;19;21;22m`[38;2;31;31;30;48;2;23;25;25m4[38;2;27;28;28;48;2;21;23;24m^[38;2;26;28;28;48;2;22;23;24m"[38;2;18;20;22;48;2;16;18;21mr[38;2;32;33;34m`[38;2;43;41;40;48;2;20;22;24m`[38;2;35;35;34;48;2;23;25;26mh[38;2;36;34;33;48;2;21;22;24m,[38;2;16;17;20;48;2;29;29;28m|[38;2;34;34;35;48;2;22;23;25m~[38;2;27;28;30;48;2;31;32;34mW[38;2;26;27;29;48;2;34;35;36mw[38;2;11;14;18;48;2;32;34;36m.[38;2;66;71;82;48;2;33;35;38m`[38;2;85;87;93;48;2;38;41;44m~[38;2;90;91;96;48;2;43;46;50m'[38;2;85;89;97;48;2;49;51;55m~[38;2;92;96;103;48;2;56;59;64m~[38;2;104;109;116;48;2;60;63;69m~[38;2;42;44;49;48;2;86;89;95my[38;2;53;55;58;48;2;90;93;99my[38;2;40;43;47;48;2;89;92;98m_[38;2;34;37;41;48;2;90;94;101m_[38;2;55;60;69;48;2;100;105;114m-[38;2;44;45;48;48;2;106;111;119m_[38;2;76;80;85;48;2;109;114;123m_[38;2;88;94;105;48;2;115;121;130m_[38;2;84;92;104;48;2;115;120;130m_[38;2;38;41;46;48;2;111;117;125m_[38;2;43;46;51;48;2;110;115;122m_[38;2;81;88;98;48;2;117;123;132m_[38;2;108;116;129;48;2;118;123;132mz[38;2;31;33;37;48;2;116;122;131m_[38;2;96;103;115;48;2;121;126;134m_[38;2;108;112;119;48;2;126;130;137m_[38;2;111;116;125;48;2;128;131;137m_[38;2;113;118;127m_[38;2;112;119;129;48;2;126;130;136m_[38;2;111;118;129;48;2;126;130;137m_[38;2;104;112;126;48;2;125;129;136m_[38;2;111;118;129;48;2;124;129;136m_[38;2;132;134;139;48;2;124;128;135m~[38;2;131;133;138;48;2;121;126;135m^[38;2;106;115;128;48;2;126;130;135m_[38;2;124;128;134;48;2;117;123;132m=[38;2;109;117;129;48;2;122;127;135m_[38;2;127;130;136mF[38;2;116;123;135;48;2;113;122;134mE[38;2;127;131;138;48;2;118;125;136m=[38;2;121;127;137;48;2;116;123;135mt[38;2;123;128;138;48;2;114;122;135mr[38;2;120;126;137;48;2;113;121;134mr[38;2;116;124;136;48;2;111;120;134my[38;2;119;126;138;48;2;110;119;134ms[38;2;114;122;134;48;2;108;117;132my[38;2;118;126;138;48;2;110;120;134ms[38;2;117;125;137;48;2;110;119;134mz[38;2;105;114;131;48;2;114;123;136m-[38;2;109;119;135;48;2;113;122;136m?[38;2;118;126;139;48;2;109;119;134mT[38;2;113;123;138;48;2;108;118;133m:[38;2;75;85;101;48;2;110;119;133m`[38;2;119;127;140;48;2;112;122;137m=[38;2;115;124;139;48;2;108;119;135ma[38;2;112;121;136;48;2;106;117;133mz[38;2;110;120;136;48;2;103;115;132mg[38;2;107;117;132;48;2;101;113;130m-[38;2;92;104;121;48;2;95;107;126m_[38;2;70;82;101;48;2;88;100;120m"[38;2;102;113;131;48;2;96;108;127m~[38;2;107;117;134;48;2;95;107;127m~[38;2;104;115;133;48;2;94;107;127m~[38;2;90;103;123;48;2;91;104;124m.[38;2;78;90;109;48;2;88;100;121m"[38;2;85;97;117;48;2;90;102;123mT[0m
[38;2;27;29;29;48;2;17;20;23my[38;2;23;25;25;48;2;16;19;21m#[38;2;25;26;26;48;2;17;20;22mP[38;2;23;25;26mw[38;2;37;39;40;48;2;22;24;25m_[38;2;30;30;30;48;2;18;20;22mj[38;2;16;18;20;48;2;24;25;26mw[38;2;26;27;26;48;2;19;21;23mW[38;2;26;27;30;48;2;18;20;23m\[38;2;22;24;27;48;2;15;17;21m_[38;2;24;27;31;48;2;15;17;20m_[38;2;22;23;25;48;2;14;17;20mr[38;2;28;29;29;48;2;16;18;21m"[38;2;26;27;26;48;2;18;20;21mJ[38;2;12;15;19;48;2;26;27;29m_[38;2;16;19;22;48;2;29;31;33m=[38;2;36;36;36;48;2;22;24;26m~[38;2;33;36;39;48;2;24;26;30m~[38;2;34;37;40;48;2;26;28;32mT[38;2;42;45;49;48;2;30;33;38m`[38;2;26;30;34;48;2;33;35;38m_[38;2;24;27;30;48;2;32;35;39mp[38;2;44;46;49;48;2;32;35;38m~[38;2;36;39;42;48;2;33;35;39mH[38;2;20;23;26;48;2;30;33;37m.[38;2;73;77;83;48;2;31;34;38m`[38;2;19;22;26;48;2;32;35;40m_[38;2;49;53;57;48;2;33;36;40ml[38;2;50;54;60;48;2;37;40;44mL[38;2;76;81;90;48;2;38;41;47m,[38;2;87;94;107;48;2;47;50;55m_[38;2;63;68;77;48;2;50;53;59m>[38;2;41;44;48;48;2;66;72;81m2[38;2;23;27;32;48;2;64;71;82m~[38;2;78;87;102;48;2;47;53;62my[38;2;43;48;56;48;2;71;80;93m~[38;2;30;34;39;48;2;81;89;101m=[38;2;64;70;80;48;2;88;97;111m_[38;2;94;102;116;48;2;87;97;111m'[38;2;83;91;106;48;2;90;101;115my[38;2;83;94;110;48;2;92;102;117mg[38;2;113;118;128;48;2;87;98;113m`[38;2;95;105;119;48;2;86;97;113m~[38;2;104;111;123;48;2;88;99;114m~[38;2;100;109;123;48;2;93;103;118m~[38;2;85;96;111;48;2;99;107;121m_[38;2;86;97;112;48;2;105;113;125m_[38;2;97;105;119;48;2;106;114;125m_[38;2;86;96;112;48;2;107;115;127m_[38;2;97;106;119;48;2;108;116;126m,[38;2;105;113;125;48;2;111;119;129my[38;2;101;110;123;48;2;113;120;130my[38;2;104;113;124;48;2;115;123;132my[38;2;124;129;137;48;2;112;120;131m~[38;2;120;127;136;48;2;111;120;130m~[38;2;119;126;136;48;2;110;119;129m~[38;2;103;112;123;48;2;112;119;130m_[38;2;95;105;120;48;2;109;117;129m-[38;2;75;87;104;48;2;101;111;124m_[38;2;74;86;105;48;2;103;112;125m_[38;2;82;93;109;48;2;104;114;128m_[38;2;90;100;116;48;2;102;112;126mg[38;2;76;88;106;48;2;98;109;124m_[38;2;87;98;115;48;2;99;110;124mg[38;2;77;89;107;48;2;101;111;125m_[38;2;74;87;105;48;2;99;110;125m_[38;2;78;90;108;48;2;96;107;123m_[38;2;79;92;110;48;2;91;103;120my[38;2;79;92;111;48;2;91;103;121my[38;2;73;86;105;48;2;93;105;122m_[38;2;75;88;108;48;2;95;106;123m_[38;2;81;93;111;48;2;95;107;123my[38;2;101;111;127;48;2;85;97;115m~[38;2;97;109;126;48;2;84;97;115m~[38;2;73;86;105;48;2;92;103;122m_[38;2;80;93;113;48;2;92;104;122my[38;2;75;88;109;48;2;93;104;123m_[38;2;71;85;105;48;2;88;101;120m_[38;2;78;90;110;48;2;84;97;116mg[38;2;71;84;104;48;2;82;95;115m_[0m
[38;2;14;17;19;48;2;23;25;27m_[38;2;26;27;27;48;2;21;22;24mX[38;2;22;23;25;48;2;17;19;22m"[38;2;27;29;30;48;2;21;24;26m[[38;2;17;19;22;48;2;25;27;29mx[38;2;18;21;24;48;2;25;28;30mx[38;2;32;33;35;48;2;25;27;29mh[38;2;31;32;34;48;2;23;24;26mw[38;2;17;20;23;48;2;26;28;31m*[38;2;31;34;36;48;2;19;22;25m?[38;2;14;17;21;48;2;23;25;28ma[38;2;26;28;32;48;2;18;20;24m*[38;2;30;33;37;48;2;20;22;25m*[38;2;22;23;27;48;2;16;18;21my[38;2;20;22;27;48;2;17;20;25m$[38;2;10;12;16;48;2;21;24;29m'[38;2;52;58;65;48;2;24;28;34m,[38;2;44;50;57;48;2;33;37;43m+[38;2;59;65;77;48;2;32;35;41m_[38;2;54;59;66;48;2;35;39;46mp[38;2;15;18;22;48;2;30;33;38m.[38;2;46;51;59;48;2;34;38;44mq[38;2;58;64;73;48;2;38;41;46my[38;2;56;62;72;48;2;37;40;45m_[38;2;49;54;62;48;2;37;41;46mw[38;2;59;66;79;48;2;41;44;50m=[38;2;37;41;47;48;2;56;61;69m2[38;2;28;32;37;48;2;58;64;74m_[38;2;35;40;46;48;2;62;69;78my[38;2;55;60;67;48;2;68;75;85mw[38;2;29;30;31;48;2;77;85;98m_[38;2;46;48;52;48;2;71;80;92m_[38;2;38;40;45;48;2;64;71;81m~[38;2;32;35;39;48;2;58;64;72m~[38;2;49;50;51;48;2;63;70;80m_[38;2;53;57;64;48;2;67;75;88mx[38;2;60;67;76;48;2;73;81;94mg[38;2;79;90;106;48;2;75;83;95m'[38;2;46;50;57;48;2;78;87;100m_[38;2;64;75;89;48;2;77;87;101m-[38;2;70;81;95;48;2;80;91;106m-[38;2;73;84;99;48;2;79;90;106m-[38;2;68;77;91;48;2;80;91;106m-[38;2;71;79;91;48;2;79;90;105m-[38;2;75;85;100;48;2;79;90;106mc[38;2;72;81;94;48;2;77;88;103m:[38;2;52;58;68;48;2;80;91;106m_[38;2;76;88;103;48;2;85;95;109my[38;2;76;87;103;48;2;84;95;109my[38;2;84;95;109;48;2;80;91;106m_[38;2;88;98;113;48;2;79;90;105m~[38;2;87;98;113;48;2;76;88;104m~[38;2;93;102;116;48;2;78;89;105m~[38;2;96;105;118;48;2;81;92;108m`[38;2;99;108;121;48;2;86;97;111m~[38;2;96;106;119;48;2;85;95;110m~[38;2;94;103;117;48;2;80;91;106m~[38;2;80;91;107;48;2;75;87;103m~[38;2;75;87;105;48;2;68;80;97m`[38;2;71;84;102;48;2;68;80;98m~[38;2;75;87;105;48;2;73;85;102m`[38;2;80;91;107;48;2;75;87;103mw[38;2;75;86;103;48;2;76;88;105m.[38;2;65;76;94;48;2;72;84;102m_[38;2;73;86;105;48;2;66;79;97m~[38;2;71;83;102;48;2;64;77;95m~[38;2;70;83;101;48;2;64;76;95m~[38;2;71;83;103;48;2;64;77;96m~[38;2;70;83;103;48;2;65;78;97m~[38;2;69;83;102;48;2;65;77;96m~[38;2;64;77;95;48;2;67;80;99my[38;2;66;78;97;48;2;69;82;101m_[38;2;73;85;103;48;2;70;83;102mw[38;2;65;78;96;48;2;70;83;101m_[38;2;63;76;95;48;2;69;82;101m_[38;2;64;76;96;48;2;69;82;102m_[38;2;65;77;98;48;2;73;86;105m_[38;2;65;79;99;48;2;74;86;107m_[38;2;66;79;100;48;2;70;83;104my[38;2;62;76;97;48;2;68;81;102m_[0m
[38;2;10;13;16;48;2;14;17;19m`[38;2;27;31;34;48;2;18;22;24ma[38;2;12;16;19;48;2;30;32;34m"[38;2;15;19;22;48;2;29;31;33m?[38;2;13;16;18;48;2;29;30;31m=[38;2;33;33;34;48;2;22;23;25m_[38;2;27;28;28;48;2;17;19;22m+[38;2;31;32;33;48;2;19;20;22m![38;2;27;28;29;48;2;19;21;24m"[38;2;26;28;32;48;2;18;20;23m~[38;2;18;20;24;48;2;22;24;27my[38;2;24;25;28;48;2;18;21;26m*[38;2;35;40;48;48;2;21;26;31m_[38;2;12;15;19;48;2;25;29;35m.[38;2;44;50;58;48;2;33;38;45mj[38;2;51;56;64;48;2;30;35;41m'[38;2;44;50;60;48;2;31;36;43m2[38;2;27;31;38;48;2;52;59;71mr[38;2;36;42;51;48;2;57;66;78mP[38;2;62;72;87;48;2;40;46;55my[38;2;47;54;65;48;2;55;64;77m%[38;2;26;30;36;48;2;53;60;69my[38;2;34;39;46;48;2;59;66;78my[38;2;37;43;52;48;2;59;68;81m1[38;2;58;67;80;48;2;35;40;47m_[38;2;41;46;52;48;2;30;33;39m<[38;2;53;58;63;48;2;33;36;41m-[38;2;60;67;76;48;2;47;52;58m>[38;2;71;79;91;48;2;50;55;63m~[38;2;59;64;72;48;2;47;51;58mc[38;2;60;66;76;48;2;41;45;51m2[38;2;49;54;61;48;2;35;38;43m^[38;2;44;47;53;48;2;36;39;43m$[38;2;43;45;50;48;2;37;39;41m-[38;2;68;72;81;48;2;48;50;53m~[38;2;64;69;79;48;2;44;46;50m~[38;2;71;76;88;48;2;48;50;54m=[38;2;50;52;55;48;2;56;60;67mL[38;2;23;25;28;48;2;67;73;84m_[38;2;36;38;40;48;2;66;73;84m_[38;2;37;42;47;48;2;68;76;88m.[38;2;79;89;102;48;2;69;77;88m'[38;2;66;74;85;48;2;74;83;96m-[38;2;79;90;105;48;2;70;80;94m`[38;2;44;52;60;48;2;64;72;84mr[38;2;82;92;107;48;2;69;80;94m`[38;2;63;73;89;48;2;73;84;98m_[38;2;62;73;87;48;2;74;84;99m_[38;2;78;89;103;48;2;72;83;97mF[38;2;59;69;85;48;2;76;87;102m_[38;2;62;73;88m_[38;2;66;77;93m_[38;2;74;84;100;48;2;78;89;103mx[38;2;61;71;87;48;2;72;83;98mg[38;2;85;95;109;48;2;65;77;93m~[48;2;67;78;94m~[38;2;81;91;107;48;2;69;80;96m~[38;2;60;72;88;48;2;66;77;94m.[38;2;71;82;98;48;2;65;76;93m,[38;2;70;81;97;48;2;67;78;95m.[38;2;56;67;83;48;2;70;81;97m_[38;2;61;73;89;48;2;70;82;98my[38;2;80;91;107;48;2;69;81;97m~[38;2;59;71;87;48;2;66;78;95m_[38;2;66;77;94;48;2;61;72;89m=[38;2;55;67;84;48;2;62;73;91m_[38;2;55;66;83;48;2;61;73;91m_[38;2;71;83;100;48;2;60;72;90m=[38;2;69;80;98;48;2;61;72;89m=[38;2;62;74;91;48;2;58;70;87m=[38;2;55;68;85;48;2;57;70;87mg[38;2;61;74;92;48;2;57;69;87m~[38;2;55;67;84;48;2;58;70;88mg[38;2;61;74;92;48;2;56;68;86m~[38;2;51;64;82;48;2;58;70;88m_[38;2;52;64;81;48;2;57;69;88m_[38;2;53;65;83;48;2;57;70;89my[38;2;53;65;84;48;2;57;70;90my[38;2;59;73;93;48;2;55;68;88m~[38;2;54;66;86;48;2;56;69;89my[0m
[38;2;8;11;15;48;2;11;14;18m'[38;2;28;32;36;48;2;17;20;23m~[38;2;43;48;50;48;2;18;21;24m`[38;2;12;14;18;48;2;25;27;30ma[38;2;49;51;54;48;2;22;24;27m`[38;2;38;38;38;48;2;20;22;24m~[38;2;20;22;25;48;2;13;16;19m`[38;2;22;25;28;48;2;18;21;24m"[38;2;14;17;21;48;2;21;24;27mL[38;2;25;27;31;48;2;18;21;25m4[38;2;28;35;44;48;2;22;26;32m.[38;2;37;44;54;48;2;27;33;39my[38;2;46;55;68;48;2;31;37;45m+[38;2;49;53;58;48;2;27;33;39m.[38;2;24;26;30;48;2;45;53;65m_[38;2;45;53;64;48;2;36;42;51mH[38;2;28;31;31;48;2;43;51;61m`[38;2;44;50;60;48;2;54;64;77m_[38;2;19;24;32;48;2;55;64;79m_[38;2;12;15;17;48;2;51;60;73m_[38;2;39;44;52;48;2;52;61;73my[38;2;21;25;31;48;2;51;59;70m_[38;2;5;8;10;48;2;50;58;70m_[38;2;30;35;42;48;2;50;58;69mw[38;2;34;37;42;48;2;47;53;64my[38;2;26;29;34;48;2;44;50;59mw[38;2;40;46;55;48;2;37;41;48mI[38;2;50;56;65;48;2;39;42;48mc[38;2;31;33;36;48;2;44;47;53mF[38;2;48;54;61;48;2;41;45;51m=[38;2;30;31;33;48;2;39;42;47m`[38;2;33;35;38;48;2;37;40;45mm[38;2;27;29;32;48;2;42;44;48mq[38;2;33;36;39;48;2;40;42;46m<[38;2;35;38;42m'[38;2;41;44;49;48;2;39;41;45m4[38;2;34;35;37;48;2;43;44;48my[38;2;29;30;33;48;2;43;45;49m_[38;2;37;38;41;48;2;45;47;50mY[38;2;37;38;42m9[38;2;22;23;26;48;2;42;44;49m^[38;2;28;29;32;48;2;47;50;55my[38;2;32;36;41;48;2;44;48;56m$[38;2;63;69;79;48;2;51;59;70mT[38;2;49;55;65;48;2;55;64;76mu[38;2;46;52;61;48;2;55;63;76mu[38;2;43;49;57;48;2;53;60;72mu[38;2;62;73;86;48;2;49;57;68m`[38;2;63;73;87;48;2;48;58;70m`[38;2;46;55;68;48;2;53;63;76my[38;2;63;73;89;48;2;53;63;77m~[38;2;71;77;86;48;2;56;64;76m1[38;2;43;45;48;48;2;55;65;80m_[38;2;57;68;83;48;2;54;64;79m4[38;2;47;58;73;48;2;54;64;80m_[38;2;48;59;73;48;2;52;63;77m_[38;2;32;38;45;48;2;49;58;70my[38;2;70;80;96;48;2;53;63;77m`[38;2;51;62;77;48;2;59;71;86mg[38;2;47;56;70;48;2;54;65;80mx[38;2;62;73;89;48;2;52;62;77m~[38;2;43;53;67;48;2;53;64;79m_[38;2;47;58;73;48;2;55;66;81my[38;2;41;51;66;48;2;50;61;77m_[38;2;40;51;66;48;2;49;60;76m_[38;2;43;54;69;48;2;48;59;75my[38;2;42;53;68;48;2;47;58;74my[38;2;42;53;69;48;2;46;57;73my[38;2;43;54;70;48;2;46;58;74my[38;2;43;54;69;48;2;47;58;74my[38;2;43;55;71my[38;2;50;62;78;48;2;46;57;74m~[38;2;43;55;71;48;2;47;58;75my[38;2;41;53;69m_[38;2;37;44;56;48;2;45;57;74m.[38;2;44;55;71;48;2;46;58;75my[38;2;35;41;47;48;2;44;56;72m,[38;2;50;62;80;48;2;45;56;73m`[38;2;50;63;81;48;2;45;57;74m'[48;2;47;59;76m~[0m
[38;2;16;18;20;48;2;11;14;17mn[38;2;17;20;23;48;2;14;17;20m`[38;2;19;21;24;48;2;11;14;18m.[38;2;20;23;28;48;2;12;15;19m~[38;2;24;27;30;48;2;15;18;23m~[38;2;8;11;15;48;2;18;21;25ma[38;2;27;30;35;48;2;15;18;22m~[38;2;21;24;30;48;2;16;19;23m-[38;2;32;38;45;48;2;18;22;27m,[38;2;31;38;49;48;2;18;22;28m_[38;2;30;37;47;48;2;23;27;34m=[38;2;26;33;42;48;2;23;28;35mv[38;2;20;24;32;48;2;33;40;50m_[38;2;13;16;18;48;2;23;29;36m'[38;2;14;16;18;48;2;33;41;51m_[38;2;33;40;49;48;2;30;35;41m=[38;2;21;22;24;48;2;37;44;52m_[38;2;20;23;30;48;2;38;45;56m_[38;2;38;42;48;48;2;39;46;58m_[38;2;35;42;53;48;2;25;29;36mb[38;2;38;43;54;48;2;22;27;33m-[38;2;28;35;43;48;2;19;22;26m=[38;2;30;34;41;48;2;24;28;34mT[38;2;49;55;67;48;2;30;34;41m-[38;2;16;19;23;48;2;34;38;46mg[38;2;38;42;48;48;2;27;30;35m=[38;2;33;34;35;48;2;24;26;29mo[38;2;48;52;58;48;2;30;31;34m`[38;2;22;25;29;48;2;35;37;41m-[38;2;64;70;79m`[38;2;41;45;50ma[38;2;32;34;36;48;2;37;40;45mT[38;2;30;32;37;48;2;38;42;47m}[38;2;43;45;49;48;2;36;39;43m~[38;2;32;35;39;48;2;38;41;46my[38;2;33;35;39;48;2;40;42;46m_[38;2;30;34;38;48;2;36;38;42m-[38;2;10;12;16;48;2;30;32;35m.[38;2;39;42;46;48;2;25;27;30m_[38;2;16;19;22;48;2;30;33;37m~[38;2;45;48;52;48;2;31;34;38m1[38;2;46;49;53;48;2;34;37;42mf[38;2;28;31;34;48;2;37;39;44mg[38;2;32;35;41;48;2;41;45;53mt[38;2;39;43;48;48;2;45;49;56mM[38;2;31;32;34;48;2;38;42;49m_[38;2;46;50;59;48;2;38;42;48mF[38;2;32;37;44;48;2;42;48;57my[38;2;23;26;31;48;2;41;47;55my[38;2;17;21;28;48;2;39;44;51m_[38;2;48;53;61;48;2;31;36;44mP[38;2;18;22;27;48;2;36;41;50mT[38;2;19;20;23;48;2;33;39;48m~[38;2;31;39;48;48;2;41;50;62m-[38;2;16;16;20;48;2;41;49;61m.[38;2;23;24;25;48;2;43;51;61m_[38;2;24;30;37;48;2;41;50;62m_[38;2;37;45;57;48;2;42;51;63my[38;2;37;46;57;48;2;40;49;62mw[38;2;36;44;55;48;2;40;51;65m_[38;2;44;55;69;48;2;40;50;63m~[38;2;42;53;67;48;2;39;49;63m~[38;2;43;52;66m^[38;2;36;45;59;48;2;38;47;61m.[38;2;35;44;57;48;2;36;46;59my[38;2;32;41;53;48;2;36;45;59m.[38;2;39;49;64;48;2;35;45;58m~[38;2;34;43;56;48;2;38;47;61my[38;2;33;42;56;48;2;38;47;62m_[38;2;22;26;36;48;2;36;46;60m.[38;2;34;43;55;48;2;38;47;62m_[38;2;35;44;59;48;2;39;49;64my[38;2;35;45;59m_[38;2;35;43;56;48;2;38;48;63m_[38;2;40;50;66;48;2;35;45;59m'[38;2;30;37;48;48;2;35;44;59m,[38;2;32;38;47;48;2;36;45;58mL[38;2;31;36;40;48;2;36;44;57m,[38;2;29;36;43;48;2;37;47;60m_[38;2;33;41;50;48;2;36;47;61mr[0m
[38;2;12;15;18;48;2;10;13;17m"[38;2;14;17;20;48;2;11;14;18mg[38;2;22;23;27;48;2;13;16;19m_[38;2;17;20;24;48;2;12;15;19mF[38;2;20;23;29;48;2;15;18;23m7[38;2;20;22;26;48;2;15;19;23m}[38;2;11;14;18;48;2;17;20;25m+[38;2;14;18;22;48;2;18;22;27m?[38;2;25;23;24;48;2;19;22;27m`[38;2;24;29;36;48;2;18;21;27mH[38;2;29;37;48;48;2;19;23;29m`[38;2;31;37;46;48;2;22;26;32mF[38;2;30;37;47;48;2;22;27;33m>[38;2;13;15;19;48;2;27;33;40m_[38;2;25;31;38;48;2;18;22;28m#[38;2;17;17;20;48;2;17;21;26m`[38;2;24;29;35;48;2;17;20;26mt[38;2;25;30;38;48;2;22;26;31m`[38;2;16;19;24m}[38;2;44;51;59;48;2;20;24;29m`[38;2;31;36;40;48;2;20;23;27m~[38;2;10;13;17;48;2;20;24;29mv[38;2;25;29;34;48;2;19;22;27mr[38;2;27;31;37;48;2;20;23;27mr[38;2;26;30;36;48;2;22;25;29mT[38;2;22;25;29;48;2;26;29;34ms[38;2;23;26;31;48;2;28;31;37m=[38;2;36;40;45;48;2;29;33;38m^[38;2;40;44;52;48;2;27;31;36m`[38;2;35;39;43;48;2;27;30;35m`[38;2;56;62;69;48;2;28;31;36m`[38;2;31;34;38;48;2;25;27;31mf[38;2;38;39;44;48;2;24;26;30m=[38;2;21;23;26;48;2;26;29;33mw[38;2;35;36;39;48;2;24;26;31m'[38;2;19;22;26;48;2;27;29;34mr[38;2;30;34;39;48;2;26;29;33m1[38;2;26;29;33;48;2;32;35;38m4[38;2;24;25;29;48;2;31;33;36m=[38;2;39;41;46;48;2;28;30;34m<[38;2;24;26;29mZ[38;2;52;55;60;48;2;27;30;34m*[38;2;53;53;58;48;2;29;31;35m'[38;2;24;27;32;48;2;31;34;39mE[38;2;38;41;47;48;2;28;31;36m=[38;2;36;40;47;48;2;29;32;36m%[38;2;18;21;25;48;2;33;36;42m_[38;2;40;42;46;48;2;32;35;41mj[38;2;23;27;33;48;2;36;39;45m=[38;2;42;44;49;48;2;31;34;39mZ[38;2;50;51;55;48;2;29;31;36m~[38;2;57;58;63;48;2;25;27;31m`[38;2;17;21;27;48;2;30;35;42mf[38;2;11;12;15;48;2;33;36;42m`[38;2;31;36;41;48;2;34;38;45m~[38;2;36;41;48;48;2;30;35;43ms[38;2;21;25;32;48;2;31;35;43m-[38;2;21;25;31;48;2;29;35;43mP[38;2;24;31;40;48;2;34;41;51m`[38;2;23;25;28;48;2;33;41;51m_[38;2;11;14;18;48;2;33;40;49m_[38;2;26;33;42;48;2;32;40;51my[38;2;23;29;35mr[38;2;28;34;42;48;2;32;41;52mn[38;2;31;38;47;48;2;33;41;52mw[38;2;30;39;49;48;2;34;42;53m.[38;2;32;41;53;48;2;30;37;48m`[38;2;30;37;47;48;2;33;41;52mg[38;2;28;35;44;48;2;33;39;50mL[38;2;28;34;43;48;2;32;39;51m_[38;2;28;30;35;48;2;32;39;50m,[38;2;28;36;44;48;2;32;40;51m,[38;2;31;35;42;48;2;32;39;49m_[38;2;27;32;38;48;2;29;37;47mg[38;2;23;27;33;48;2;26;32;41my[38;2;19;19;20;48;2;27;32;39m_[38;2;19;24;30;48;2;25;32;41my[38;2;23;27;30;48;2;26;32;39mK[38;2;22;27;34;48;2;27;35;45m][38;2;26;34;46;48;2;28;37;50mL[0m
[38;2;8;11;15;48;2;7;10;14m^[38;2;19;22;26;48;2;12;15;18m"[38;2;10;13;17;48;2;15;19;22my[38;2;7;10;14;48;2;15;18;21m_[38;2;19;22;25;48;2;11;14;18m*[38;2;20;22;25;48;2;11;14;17m-[38;2;15;19;23;48;2;13;16;19m'[38;2;15;18;22;48;2;12;15;18m?[38;2;8;11;14;48;2;14;17;20m:[38;2;22;23;26;48;2;13;16;20m=[38;2;6;8;11;48;2;15;18;21m`[38;2;5;7;11;48;2;16;19;22m`[38;2;18;20;24;48;2;14;16;20m[[38;2;12;14;17;48;2;17;19;22m'[38;2;11;13;16;48;2;16;18;21m`[38;2;22;25;30;48;2;17;20;23mF[38;2;22;26;31;48;2;17;20;24m'[38;2;25;29;35;48;2;20;23;28m_[38;2;18;21;25;48;2;21;24;28m3[38;2;24;28;31;48;2;18;21;26m_[38;2;21;25;30;48;2;19;22;27m6[38;2;16;20;24;48;2;22;25;31m1[38;2;22;25;29;48;2;17;20;25m*[38;2;23;27;33;48;2;20;23;28m3[38;2;29;33;39;48;2;25;29;34m?[38;2;28;32;37;48;2;23;26;32m7[38;2;29;35;41;48;2;22;25;30m-[38;2;27;31;37;48;2;23;26;31m6[38;2;31;36;42;48;2;25;28;33m`[38;2;31;32;36;48;2;23;25;29m"[38;2;34;37;41;48;2;21;23;27m^[38;2;23;26;29;48;2;26;30;34m_[38;2;30;34;39;48;2;23;25;29mv[38;2;31;34;39;48;2;22;25;29mo[38;2;10;12;14;48;2;23;25;29m~[38;2;16;18;22;48;2;25;28;33mz[38;2;31;35;40;48;2;24;27;31m_[38;2;35;38;42;48;2;26;30;35m"[38;2;40;44;50;48;2;27;30;35m`[38;2;34;37;41;48;2;27;31;35m~[38;2;23;25;30;48;2;27;30;34my[38;2;16;19;24;48;2;24;27;33mE[38;2;39;41;45;48;2;21;23;27m~[38;2;37;39;42;48;2;21;22;26m~[38;2;34;38;44;48;2;23;25;28mT[38;2;39;40;42;48;2;21;23;26m=[38;2;28;30;33;48;2;20;22;25m\[38;2;26;28;32;48;2;16;18;21m~[38;2;28;31;36m~[38;2;24;25;28;48;2;13;15;18m~[38;2;33;34;38;48;2;16;17;20m=[38;2;40;41;42;48;2;30;31;34m4[38;2;37;36;36;48;2;26;27;29m*[38;2;34;35;38;48;2;18;20;22m~[38;2;14;17;21;48;2;29;31;36ma[38;2;12;14;17;48;2;27;30;35m_[38;2;41;42;44;48;2;23;25;29m=[38;2;13;14;18;48;2;26;28;33m_[38;2;32;34;37;48;2;19;21;25m=[38;2;16;18;22;48;2;22;25;30mL[38;2;29;35;43;48;2;23;27;32mT[38;2;30;34;42;48;2;25;29;35m~[38;2;14;16;19;48;2;26;30;37m_[38;2;28;33;41;48;2;21;24;29m~[38;2;13;15;19;48;2;22;26;32m_[38;2;15;18;22;48;2;23;26;31mE[38;2;12;14;17;48;2;18;20;24ma[38;2;24;26;31;48;2;20;23;27mD[38;2;28;31;36;48;2;20;22;25m~[38;2;26;33;41;48;2;22;25;29m~[38;2;26;30;36;48;2;19;22;26m~[38;2;37;43;51;48;2;22;25;28m`[38;2;36;42;49m'[38;2;25;34;43;48;2;20;23;26m~[38;2;21;23;25;48;2;19;21;25mo[38;2;20;25;31;48;2;16;18;20mr[38;2;23;24;26;48;2;15;17;19m_[38;2;19;25;32;48;2;16;19;24m"[38;2;26;35;43;48;2;16;20;25m`[38;2;14;18;22;48;2;18;24;32mw[0m
[?25h