[?25l[0m[38;2;55;45;37;48;2;50;42;33m▅[38;2;50;42;33;48;2;36;30;24m▌[38;2;20;12;7;48;2;51;43;34m▔[38;2;41;34;27;48;2;8;6;5m▆[38;2;49;40;33;48;2;11;9;7m▄[38;2;40;32;25;48;2;8;6;6m▃[38;2;41;34;28;48;2;16;13;11m▁[38;2;18;16;13;48;2;3;3;3m▏[38;2;4;4;4;48;2;6;6;7m▌[38;2;6;6;8;48;2;2;2;2m▎[38;2;5;5;5;48;2;27;23;19m▍[38;2;31;26;21;48;2;28;23;19m▅[38;2;35;29;24;48;2;23;19;15m▗[38;2;28;24;21;48;2;4;4;3m▍[38;2;2;2;3;48;2;6;7;8m▘[38;2;6;7;8;48;2;1;1;1m▎[38;2;2;3;3;48;2;0;1;1m▖[38;2;2;2;2;48;2;8;10;12m▘[38;2;8;9;12;48;2;11;14;17m▗[38;2;24;28;34;48;2;2;2;2m▎[38;2;3;2;2;48;2;1;0;0m▃[38;2;1;1;0;48;2;3;3;3m▆[38;2;1;0;0;48;2;4;4;3m▄[38;2;6;6;6;48;2;3;3;2m▔[38;2;4;4;3;48;2;12;11;9m▆[48;2;8;7;6m▅[38;2;12;13;15;48;2;5;5;5m▔[38;2;5;5;5;48;2;17;20;25m▅[38;2;9;8;9;48;2;20;23;30m▄[38;2;12;12;12;48;2;20;24;30m▂[38;2;18;20;25;48;2;20;24;31m▁[38;2;1;1;1;48;2;19;23;28m▕[48;2;6;6;6m▏[38;2;19;22;28;48;2;7;8;9m▗[38;2;17;20;25;48;2;6;6;5m▅[38;2;16;19;23;48;2;7;6;5m▃[38;2;9;11;13;48;2;6;5;4m▁[38;2;4;3;2;48;2;8;6;4m▆[38;2;11;8;6;48;2;6;5;3m▕[38;2;5;4;2;48;2;30;22;15m▅[38;2;9;7;5;48;2;31;25;19m▄[38;2;31;24;19;48;2;19;18;19m▗[38;2;30;25;23;48;2;14;17;22m▂[38;2;6;8;11;48;2;14;17;23m▗[38;2;13;17;24;48;2;12;14;17m▖[38;2;13;16;20;48;2;7;7;9m▖[38;2;9;9;11;48;2;1;1;1m▄[38;2;4;3;2;48;2;3;3;3m▕[38;2;6;4;4;48;2;5;4;3m▕[38;2;11;9;7;48;2;1;1;1m▄[38;2;10;8;6;48;2;4;4;3m▄[38;2;5;5;6;48;2;8;8;8m▔[38;2;9;9;10;48;2;10;12;17m▆[38;2;10;12;16;48;2;15;22;32m▆[38;2;22;33;48;48;2;11;17;25m▕[38;2;10;21;34;48;2;11;26;47m▆[38;2;20;35;53;48;2;7;18;32m▁[38;2;7;18;32;48;2;6;14;23m▖[38;2;10;22;41;48;2;6;14;24m▗[38;2;13;29;51;48;2;5;11;19m▅[38;2;13;29;50;48;2;8;18;32m▖[38;2;8;17;24;48;2;6;12;17m▘[38;2;4;10;17;48;2;4;8;12m▁[38;2;7;16;25;48;2;5;10;17m▗[38;2;6;14;24;48;2;4;9;15m▏[38;2;4;10;20;48;2;8;20;37m▖[38;2;5;12;22;48;2;11;25;44m▗[38;2;9;23;39;48;2;12;28;50m▔[38;2;9;16;27;48;2;13;28;50m▁[38;2;7;15;27;48;2;3;7;14m▅[38;2;10;22;37;48;2;4;7;12m▃[38;2;11;24;39;48;2;3;4;6m▅[38;2;9;19;31;48;2;3;4;7m▆[38;2;9;17;25;48;2;10;21;36m▊[38;2;8;17;26;48;2;11;25;45m▃[38;2;11;23;40;48;2;7;16;27m▌[38;2;13;27;45;48;2;7;15;25m▞[38;2;8;17;28;48;2;3;6;10m▗[38;2;10;23;42;48;2;6;13;24m▃[38;2;15;32;54;48;2;6;14;26m▂[0m
[38;2;58;48;40;48;2;42;35;28m▆[38;2;51;43;35;48;2;43;36;29m▌[38;2;56;47;38;48;2;55;47;38m▕[38;2;55;46;37;48;2;42;35;28m▍[48;2;54;45;37m [38;2;33;28;21;48;2;48;40;32m▁[38;2;50;42;34;48;2;44;38;32m▋[38;2;43;37;31;48;2;4;3;3m▏[38;2;2;2;2;48;2;7;7;8m▏[38;2;9;9;11;48;2;6;6;7m▗[38;2;25;17;11;48;2;10;9;7m▁[38;2;17;12;8;48;2;11;9;8m▁[38;2;12;9;7;48;2;25;22;19m▆[38;2;19;17;15;48;2;5;4;3m▘[38;2;9;9;12;48;2;0;0;1m▊[38;2;5;6;8;48;2;3;3;4m▎[38;2;3;3;4;48;2;1;1;1m▘[38;2;8;10;13;48;2;10;12;15m▍[38;2;9;10;12;48;2;11;13;16m▝[38;2;26;31;37;48;2;18;15;12m▎[38;2;14;11;9;48;2;19;16;13m▕[38;2;25;21;17;48;2;7;6;5m▄[38;2;23;19;14;48;2;5;4;3m▃[38;2;16;12;10;48;2;4;3;3m▂[38;2;8;7;6;48;2;3;2;2m▂[38;2;6;5;5m▔[38;2;3;2;2;48;2;10;9;8m▆[38;2;2;1;1;48;2;9;8;7m▄[38;2;3;3;2;48;2;11;10;9m▃[38;2;5;5;5;48;2;12;11;9m▁[38;2;13;14;16;48;2;11;10;9m▔[38;2;7;7;7;48;2;15;17;21m▆[38;2;2;3;3;48;2;7;7;7m▏[38;2;8;8;9;48;2;18;22;28m▌[38;2;20;23;30;48;2;21;25;33m▔[38;2;21;27;35;48;2;18;22;27m▄[38;2;21;26;34;48;2;17;21;25m▄[38;2;18;21;26;48;2;6;7;8m▆[38;2;16;19;24;48;2;4;4;5m▄[38;2;13;15;19;48;2;5;4;3m▂[38;2;19;15;10m▔[38;2;29;21;14;48;2;4;3;2m▔[38;2;6;4;3;48;2;27;20;13m▆[38;2;4;3;2;48;2;22;17;14m▂[38;2;28;21;15;48;2;13;14;19m▄[38;2;26;22;21;48;2;10;13;17m▃[38;2;13;15;20;48;2;9;11;14m▘[38;2;7;8;10;48;2;10;10;13m▂[38;2;9;10;12;48;2;6;6;7m▖[38;2;2;3;3;48;2;7;6;5m▅[38;2;5;4;3;48;2;4;3;3m▕[38;2;7;6;5;48;2;4;4;3m▁[38;2;15;12;9;48;2;5;4;3m▁[38;2;5;4;3;48;2;10;11;12m▅[38;2;11;15;21;48;2;8;8;9m▝[38;2;14;18;26;48;2;8;9;12m▘[38;2;12;17;22;48;2;15;23;34m▁[38;2;6;12;18;48;2;12;21;32m▕[38;2;8;19;34;48;2;5;11;17m▔[38;2;8;17;33;48;2;3;6;11m▂[38;2;11;26;48;48;2;6;13;23m▃[38;2;7;17;33;48;2;14;31;55m▝[38;2;15;36;61;48;2;8;20;35m▂[38;2;10;21;37;48;2;6;12;19m▂[38;2;7;16;28;48;2;5;10;15m▂[38;2;13;27;48;48;2;5;11;21m▗[38;2;17;35;61;48;2;6;12;23m▃[38;2;10;23;42;48;2;4;7;14m▅[38;2;4;6;11;48;2;13;28;50m▘[38;2;10;18;23;48;2;15;33;55m▗[38;2;12;25;39;48;2;10;17;23m▘[38;2;14;25;29;48;2;7;13;17m▔[38;2;12;20;27;48;2;9;17;20m▖[38;2;13;20;21;48;2;9;15;17m▝[38;2;5;8;11;48;2;9;16;17m▅[38;2;9;18;26;48;2;6;10;13m▔[38;2;8;18;31;48;2;6;11;16m▂[38;2;10;21;35;48;2;8;16;27m▖[38;2;6;15;25;48;2;12;27;47m▂[38;2;14;32;56;48;2;16;35;61m▖[0m
[38;2;55;47;39;48;2;58;49;40m▏[38;2;42;36;29;48;2;50;42;34m▗[38;2;50;42;34;48;2;58;49;40m▂[38;2;56;47;38;48;2;45;38;30m▍[38;2;55;46;37;48;2;61;51;41m▔[38;2;43;35;28;48;2;52;43;35m▌[38;2;33;28;22;48;2;50;42;34m▔[38;2;41;36;29;48;2;6;5;5m▏[38;2;4;4;4;48;2;8;8;9m▍[38;2;7;7;8;48;2;13;14;16m▋[38;2;19;17;14;48;2;63;52;41m▍[38;2;33;21;13;48;2;57;46;35m▔[38;2;53;43;33;48;2;20;13;8m▆[38;2;41;33;26;48;2;7;5;4m▍[38;2;9;10;12;48;2;5;5;6m▎[38;2;7;8;10;48;2;4;4;5m▏[38;2;6;7;9;48;2;2;2;3m▖[38;2;5;5;7;48;2;10;11;14m▋[38;2;17;19;22;48;2;11;13;16m▝[38;2;12;12;12;48;2;23;20;19m▅[38;2;12;11;10;48;2;35;29;23m▄[38;2;10;9;9;48;2;29;24;20m▂[38;2;35;30;25;48;2;25;21;18m▗[38;2;33;27;23;48;2;25;21;17m▃[38;2;34;28;23;48;2;22;18;14m▗[38;2;11;9;8;48;2;3;3;3m▍[38;2;16;14;12;48;2;7;7;6m▖[38;2;24;21;16;48;2;7;6;5m▃[38;2;19;15;12;48;2;4;4;3m▂[38;2;11;8;7;48;2;3;2;2m▁[38;2;9;8;8;48;2;3;3;2m▔[38;2;2;2;2;48;2;8;7;7m▅[38;2;1;1;1;48;2;7;7;7m▃[38;2;2;2;2m▁[38;2;13;14;19;48;2;8;8;8m▔[38;2;10;10;11;48;2;21;26;35m▆[38;2;8;9;10;48;2;21;26;34m▄[38;2;9;10;12;48;2;20;24;32m▂[38;2;21;26;35;48;2;20;23;31m▄[38;2;23;30;40;48;2;21;25;33m▃[38;2;10;11;13;48;2;20;25;33m▔[38;2;18;21;26;48;2;7;7;6m▅[38;2;11;12;12;48;2;6;5;4m▎[38;2;6;5;5;48;2;10;8;5m▆[38;2;11;9;6;48;2;8;6;4m▄[38;2;9;7;5;48;2;29;21;15m▆[38;2;8;6;4;48;2;27;21;16m▃[38;2;28;22;16;48;2;7;7;8m▅[38;2;33;26;19;48;2;9;9;11m▂[38;2;9;8;10;48;2;7;7;9m▁[38;2;9;9;10;48;2;4;4;4m▅[38;2;7;7;8;48;2;0;0;0m▅[38;2;4;3;3;48;2;2;2;1m▁[38;2;9;8;7;48;2;4;3;3m▔[38;2;12;10;9;48;2;5;4;3m▔[38;2;5;4;3;48;2;8;8;8m▆[38;2;10;13;18;48;2;7;7;8m▔[38;2;7;8;10;48;2;17;23;33m▃[38;2;11;16;24;48;2;22;33;49m▊[38;2;10;15;23;48;2;19;40;69m▃[38;2;34;55;81;48;2;20;42;73m▏[38;2;19;42;74;48;2;18;41;70m▖[38;2;18;40;69m▔[38;2;15;33;57;48;2;18;40;69m▔[38;2;19;40;69;48;2;12;29;49m▆[38;2;12;23;33;48;2;16;36;59m▗[38;2;12;20;25;48;2;16;33;54m▃[38;2;11;20;27;48;2;13;29;49m▆[38;2;10;19;29;48;2;19;33;45m▘[38;2;19;35;52;48;2;9;17;27m▆[38;2;24;44;68;48;2;12;22;36m▅[38;2;40;54;70;48;2;12;19;27m▂[38;2;25;40;55;48;2;9;17;27m▅[38;2;25;42;63;48;2;11;21;30m▅[38;2;19;36;54;48;2;18;30;44m▊[38;2;16;33;55;48;2;9;18;29m▃[38;2;11;23;39;48;2;8;18;31m▁[38;2;13;30;51;48;2;6;14;24m▃[38;2;19;41;69;48;2;6;14;25m▃[38;2;20;43;73;48;2;9;24;42m▃[0m
[38;2;61;53;44;48;2;69;58;48m▎[38;2;53;45;36;48;2;57;48;39m▔[38;2;72;60;49;48;2;65;54;44m▄[38;2;61;51;41;48;2;53;44;35m▁[38;2;39;32;25;48;2;61;50;40m▔[38;2;42;35;28;48;2;55;46;37m▌[38;2;44;37;30;48;2;54;45;36m▝[38;2;42;36;29;48;2;10;9;8m▏[38;2;6;6;6;48;2;9;8;10m▍[38;2;8;8;9;48;2;16;16;18m▊[38;2;10;10;11;48;2;61;50;39m▎[38;2;45;36;27;48;2;69;56;44m▎[38;2;65;54;43;48;2;54;44;35m▍[38;2;61;51;42;48;2;11;8;6m▍[38;2;6;6;7;48;2;10;10;12m▌[38;2;8;9;11;48;2;5;5;6m▏[38;2;8;9;12;48;2;3;3;5m▍[38;2;6;6;8;48;2;11;11;15m▊[38;2;12;13;15;48;2;13;14;17m▝[38;2;47;37;28;48;2;15;15;16m▗[38;2;57;46;36;48;2;18;13;8m▄[38;2;55;43;33;48;2;13;10;6m▃[38;2;46;36;27;48;2;11;8;6m▂[38;2;35;25;17;48;2;12;10;9m▁[38;2;10;9;8;48;2;31;27;23m▆[38;2;4;3;3;48;2;10;9;8m▝[38;2;19;15;13m▘[38;2;12;11;10;48;2;30;26;22m▂[38;2;38;33;27;48;2;26;22;18m▗[38;2;34;29;24;48;2;22;18;15m▗[38;2;26;22;18;48;2;15;12;10m▅[38;2;21;19;16;48;2;6;5;5m▅[38;2;21;18;15;48;2;7;5;5m▃[38;2;19;16;13;48;2;4;4;3m▂[38;2;8;7;6;48;2;4;3;3m▁[38;2;4;3;2;48;2;10;10;10m▆[48;2;9;9;8m▄[38;2;4;2;1;48;2;6;6;5m▁[38;2;13;15;20;48;2;5;5;5m▔[38;2;6;6;6;48;2;18;23;31m▅[38;2;7;7;7;48;2;20;25;34m▃[38;2;12;13;14;48;2;22;27;37m▂[38;2;20;24;31;48;2;8;7;6m▎[38;2;12;12;14;48;2;8;7;8m▏[38;2;9;8;5;48;2;14;11;8m▘[38;2;16;12;9;48;2;6;5;4m▄[38;2;9;7;5;48;2;13;10;7m▆[38;2;6;5;3;48;2;11;9;7m▂[38;2;31;23;16;48;2;12;10;7m▔[38;2;8;6;5;48;2;27;20;15m▃[38;2;25;19;14;48;2;9;8;10m▅[38;2;23;18;15m▂[38;2;7;7;9;48;2;9;9;11m▆[38;2;7;7;8;48;2;2;2;2m▆[38;2;6;6;7;48;2;4;4;4m▃[38;2;15;13;10;48;2;5;4;4m▔[38;2;3;2;2;48;2;7;6;5m▁[38;2;9;9;10;48;2;6;5;5m▔[38;2;10;13;18;48;2;6;6;7m▔[38;2;11;15;22;48;2;7;8;10m▝[38;2;9;12;17;48;2;18;32;48m▆[38;2;6;9;13;48;2;18;32;51m▁[38;2;10;16;24;48;2;20;42;69m▂[38;2;21;33;50;48;2;20;41;67m▁[38;2;17;36;59;48;2;12;24;36m▃[38;2;15;28;43;48;2;18;34;51m▎[38;2;24;43;65;48;2;16;25;32m▅[38;2;26;47;72;48;2;22;35;48m▅[38;2;38;56;82;48;2;24;37;49m▅[38;2;152;153;153;48;2;42;57;75m▂[38;2;174;171;166;48;2;39;57;84m▃[38;2;82;94;113;48;2;38;56;83m▁[38;2;32;53;82;48;2;27;48;78m▖[38;2;27;49;80;48;2;23;46;76m▁[38;2;15;32;53;48;2;21;44;75m▂[38;2;11;24;41;48;2;20;41;71m▂[38;2;10;23;39;48;2;13;31;53m▝[38;2;15;34;58;48;2;9;20;35m▔[38;2;6;14;25;48;2;15;34;59m▃[38;2;7;16;28;48;2;22;45;78m▅[0m
[38;2;74;62;50;48;2;52;44;35m▆[38;2;63;53;43;48;2;53;44;35m▅[38;2;71;59;48;48;2;73;60;49m▏[38;2;58;48;38;48;2;70;58;46m▋[38;2;75;63;50;48;2;68;56;45m▁[38;2;49;40;32;48;2;63;52;42m▌[38;2;55;45;36;48;2;61;50;41m▂[38;2;43;36;29;48;2;7;6;6m▏[38;2;9;9;9;48;2;11;11;12m▍[38;2;12;12;12;48;2;16;16;17m▍[38;2;11;11;11;48;2;71;58;45m▎[38;2;54;44;34;48;2;78;63;49m▎[38;2;63;50;39;48;2;69;56;44m▂[38;2;69;57;46;48;2;14;10;7m▍[38;2;7;7;7;48;2;5;5;6m▂[38;2;4;4;5;48;2;3;3;3m▌[38;2;7;8;10;48;2;5;6;7m▕[38;2;12;13;16;48;2;9;10;12m▁[38;2;10;11;13;48;2;18;20;24m▋[38;2;19;19;20;48;2;60;49;38m▊[38;2;52;43;33;48;2;57;47;38m▘[38;2;49;41;33;48;2;56;46;37m▖[38;2;46;39;33;48;2;53;44;35m▃[38;2;43;37;31;48;2;55;45;35m▂[38;2;27;20;13;48;2;52;42;34m▔[38;2;47;38;30;48;2;9;7;6m▏[38;2;56;45;35;48;2;13;10;7m▅[38;2;63;49;38;48;2;11;9;7m▄[38;2;55;44;34;48;2;10;9;7m▃[38;2;56;45;36;48;2;15;13;11m▁[38;2;12;10;9;48;2;26;23;20m▅[38;2;11;10;9;48;2;31;26;22m▄[38;2;12;11;10;48;2;26;22;18m▃[38;2;21;18;16;48;2;28;24;20m▊[38;2;27;23;19;48;2;7;6;5m▌[38;2;7;7;7;48;2;20;15;11m▍[38;2;10;8;5;48;2;26;19;14m▔[38;2;27;20;14;48;2;11;8;5m▆[38;2;28;21;14;48;2;5;4;3m▅[38;2;27;20;14;48;2;8;6;5m▃[38;2;24;18;13;48;2;7;6;5m▂[38;2;10;9;9;48;2;9;8;7m▔[38;2;7;7;6;48;2;12;9;7m▊[38;2;20;15;11;48;2;8;8;9m▕[38;2;25;19;13;48;2;15;11;8m▅[38;2;22;16;12;48;2;11;9;6m▆[38;2;16;12;9;48;2;21;15;11m▞[38;2;18;14;11;48;2;11;9;7m▞[38;2;15;12;9;48;2;19;15;11m▃[38;2;16;12;9;48;2;13;10;8m▋[38;2;15;12;9;48;2;12;9;7m▝[38;2;22;17;12;48;2;15;11;8m▝[38;2;16;13;10;48;2;11;9;7m▘[38;2;12;15;18;48;2;7;7;7m▗[38;2;7;6;6;48;2;16;12;10m▄[38;2;12;10;8;48;2;9;8;6m▗[38;2;10;9;7;48;2;5;4;4m▃[38;2;8;8;9;48;2;5;5;4m▂[38;2;4;4;4;48;2;8;7;6m▅[38;2;9;8;8;48;2;5;4;4m▘[38;2;9;9;11;48;2;6;6;7m▘[38;2;15;25;38;48;2;8;9;12m▗[38;2;25;46;73;48;2;10;17;26m▗[38;2;19;31;46;48;2;21;43;73m▘ [38;2;21;43;73;48;2;22;44;74m▏[38;2;24;46;78;48;2;23;45;76m▕[38;2;26;48;79;48;2;29;51;81m▌[38;2;38;58;87;48;2;52;69;96m▋[38;2;80;93;113;48;2;169;166;160m▂[38;2;60;78;103;48;2;197;192;183m▁[38;2;166;166;166;48;2;56;74;101m▘[38;2;35;55;87;48;2;28;51;83m▍[38;2;16;33;56;48;2;24;48;79m▗[38;2;9;20;33;48;2;17;36;60m▗[38;2;13;30;52;48;2;9;21;37m▁[38;2;15;34;58;48;2;8;18;31m▃[38;2;18;39;67;48;2;11;25;43m▄[38;2;10;25;47;48;2;16;36;61m▘[38;2;7;18;30;48;2;15;34;59m▁[0m
[38;2;47;40;33;48;2;80;66;55m▁[38;2;66;56;45;48;2;68;57;46m▔[38;2;84;70;57;48;2;80;67;54m▄[38;2;69;57;46;48;2;74;61;49m▔[38;2;93;76;61;48;2;79;66;53m▅[38;2;61;50;40;48;2;80;66;53m▌[38;2;65;54;44;48;2;76;63;51m▝[38;2;45;38;29;48;2;10;8;8m▏[38;2;8;8;8;48;2;12;12;13m▎[38;2;10;10;9;48;2;17;17;17m▎[38;2;16;15;13;48;2;84;68;53m▎[38;2;51;40;30;48;2;88;71;54m▏[38;2;65;52;40;48;2;78;63;50m▁[38;2;80;66;53;48;2;15;12;9m▍[38;2;11;11;11;48;2;7;7;7m▘[38;2;9;9;11;48;2;5;6;7m▖[38;2;12;14;17;48;2;7;7;9m▕[38;2;13;15;19;48;2;17;19;22m▖[38;2;13;14;16;48;2;19;21;26m▂[38;2;19;18;17;48;2;60;48;38m▋[38;2;54;45;36;48;2;64;53;42m▘[38;2;56;47;39;48;2;59;50;41m▔[38;2;59;50;42;48;2;52;45;37m▍[38;2;46;40;33;48;2;51;44;38m▁[38;2;36;31;26;48;2;47;42;36m▔[38;2;45;40;35;48;2;9;8;6m▏[38;2;11;11;10;48;2;48;42;37m▏[38;2;44;39;33;48;2;48;43;37m▌[38;2;41;37;32;48;2;48;42;36m▗[38;2;42;38;34;48;2;51;44;38m▃[38;2;38;34;31;48;2;47;41;36m▗[38;2;13;11;9;48;2;44;39;35m▔[38;2;42;39;35;48;2;14;12;10m▅[38;2;39;36;33;48;2;11;10;9m▄[38;2;28;26;25;48;2;9;8;8m▃[38;2;9;9;9;48;2;30;22;15m▍[38;2;28;19;13;48;2;35;25;17m▄[38;2;18;13;9;48;2;37;27;18m▄[38;2;22;16;11;48;2;34;25;16m▅[38;2;23;16;11;48;2;36;27;17m▅[38;2;24;17;12;48;2;35;26;17m▆[38;2;28;20;13;48;2;20;15;10m▘[38;2;14;11;8;48;2;12;9;6m▄[38;2;20;19;19;48;2;8;8;10m▕[38;2;18;39;65;48;2;20;15;12m▁[38;2;20;42;72;48;2;20;15;11m▂[38;2;23;47;80;48;2;19;15;13m▂[38;2;23;44;76;48;2;17;14;12m▂[38;2;20;40;67;48;2;17;13;10m▃[38;2;21;45;76;48;2;16;14;16m▃[38;2;21;42;70;48;2;16;12;9m▄[38;2;16;34;55;48;2;10;9;9m▄[38;2;8;15;26;48;2;12;9;6m▏[38;2;8;7;6;48;2;11;13;17m▌[38;2;13;26;41;48;2;12;12;14m▅[38;2;11;23;38;48;2;8;8;8m▆[38;2;10;9;8;48;2;12;26;43m▔[38;2;19;38;63;48;2;11;14;19m▆[38;2;8;14;28;48;2;20;41;69m▔[38;2;11;23;39;48;2;8;17;29m▋[38;2;11;25;45;48;2;8;15;23m▁[38;2;7;15;20;48;2;23;40;57m▃[38;2;16;31;42;48;2;23;44;70m▅[38;2;18;33;44m▁[38;2;29;49;64;48;2;24;46;76m▁[38;2;25;48;80;48;2;22;46;78m▁[38;2;24;48;80;48;2;23;46;77m▆[38;2;25;49;83;48;2;25;48;81m▃[38;2;33;54;84;48;2;27;51;85m▔[38;2;28;53;87;48;2;40;60;90m▅[38;2;30;54;88;48;2;44;64;94m▆[38;2;29;53;87;48;2;36;57;89m▆[38;2;29;53;86;48;2;26;51;85m▘[38;2;17;34;56;48;2;25;50;84m▔[38;2;25;50;85;48;2;14;31;52m▅[38;2;25;49;84;48;2;18;38;66m▆[38;2;25;50;86;48;2;19;38;67m▆[38;2;20;42;72;48;2;24;50;86m▁[38;2;11;25;41;48;2;20;43;74m▃[38;2;7;16;28;48;2;11;27;47m▃[0m
[38;2;94;78;62;48;2;81;67;55m▅[38;2;44;36;29;48;2;79;65;52m▔[38;2;99;81;65;48;2;67;55;44m▆[38;2;75;61;48;48;2;94;76;59m▋[38;2;108;87;67;48;2;82;66;52m▅[38;2;96;78;61;48;2;75;60;47m▗[38;2;68;57;46;48;2;78;64;51m▕[38;2;34;28;21;48;2;12;11;10m▎[38;2;12;12;13;48;2;15;15;16m▍[38;2;7;7;7;48;2;17;17;17m▎[38;2;16;15;13;48;2;104;83;63m▎[38;2;63;49;37;48;2;118;94;70m▏[38;2;103;82;62;48;2;88;71;55m▆[38;2;98;79;61;48;2;14;11;9m▍[38;2;10;9;9;48;2;5;4;4m▋[38;2;6;7;9;48;2;6;7;8m▔[38;2;4;5;6;48;2;11;12;16m▌[38;2;23;26;31;48;2;16;18;21m▕[38;2;21;23;27;48;2;13;14;16m▏[38;2;18;17;15;48;2;76;62;48m▋[38;2;68;55;43;48;2;81;66;51m▖[38;2;82;67;53;48;2;73;60;47m▏[38;2;65;54;43;48;2;78;64;51m▋[38;2;57;47;37;48;2;69;58;46m▁[38;2;42;36;30;48;2;62;52;42m▔[38;2;52;44;37;48;2;12;10;8m▏[38;2;12;12;12;48;2;52;46;41m▏[38;2;42;38;33;48;2;51;45;41m▘[38;2;41;37;33;48;2;48;44;40m▗[38;2;42;39;35;48;2;47;43;39m▗[38;2;39;36;34;48;2;45;41;38m▗[38;2;37;34;32;48;2;42;39;37m▝[38;2;40;38;37;48;2;36;34;32m▆[38;2;33;32;31;48;2;37;36;36m▘[38;2;34;33;33;48;2;16;15;14m▊[38;2;19;25;35;48;2;10;14;20m▝[38;2;22;30;42;48;2;14;21;33m▘[38;2;17;34;57;48;2;25;23;27m▆[38;2;26;19;16;48;2;16;32;54m▔[38;2;10;19;30;48;2;19;36;60m▄[38;2;9;19;28;48;2;20;39;64m▃[38;2;17;36;60;48;2;19;16;17m▋[38;2;19;15;11;48;2;13;11;8m▎[38;2;16;35;61;48;2;7;9;14m▕[38;2;12;25;42;48;2;21;44;76m▖[38;2;14;31;53;48;2;24;47;80m▁[38;2;24;47;78;48;2;25;48;82m▁[38;2;26;49;82;48;2;24;47;80m▏[38;2;12;27;44;48;2;23;46;78m▁[38;2;21;43;71;48;2;24;47;80m▁[38;2;20;42;68;48;2;24;48;79m▕[38;2;20;41;70;48;2;13;28;46m▔[38;2;10;20;35;48;2;14;12;9m▏[38;2;9;10;13;48;2;9;8;8m▝[38;2;11;24;41;48;2;7;13;20m▗[38;2;16;35;60;48;2;10;22;35m▂[38;2;18;36;59;48;2;11;24;42m▄[38;2;22;44;72;48;2;8;18;28m▃[38;2;11;24;38;48;2;20;40;64m▗[38;2;7;15;20;48;2;20;41;70m▃[38;2;12;27;49;48;2;8;17;28m▔[38;2;9;22;36;48;2;8;17;27m▔[38;2;9;18;28;48;2;13;27;41m▋[38;2;11;23;40;48;2;7;14;20m▂[38;2;19;36;48;48;2;10;20;30m▝[38;2;10;21;31;48;2;27;49;75m▅[38;2;9;22;37;48;2;24;47;74m▂[38;2;10;23;38;48;2;23;46;79m▖[38;2;26;51;85;48;2;27;53;90m▏[38;2;28;54;92;48;2;26;52;88m▅[38;2;27;54;93;48;2;26;52;89m▃[48;2;25;51;88m▃[48;2;26;52;88m▂[38;2;27;54;92;48;2;26;51;88m▂[38;2;27;54;91;48;2;26;52;88m▃[38;2;28;55;92;48;2;26;52;89m▃[38;2;11;25;42;48;2;22;45;76m▗[38;2;9;20;30;48;2;13;29;48m▄[38;2;5;11;18;48;2;12;25;41m▄[38;2;12;27;48;48;2;3;8;16m▆[0m
[38;2;106;86;67;48;2;79;66;53m▄[38;2;69;56;45;48;2;86;71;55m▘[38;2;98;79;62;48;2;96;78;62m▏[38;2;76;62;49;48;2;95;76;58m▖[38;2;110;88;69;48;2;100;81;63m▂[38;2;81;65;50;48;2;102;81;63m▌[38;2;79;65;52;48;2;93;75;60m▕[38;2;38;32;24;48;2;13;12;11m▎[38;2;8;8;8;48;2;16;16;17m▕[48;2;17;17;18m▎[38;2;19;16;13;48;2;117;92;68m▎[38;2;75;57;40;48;2;127;100;73m▏[38;2;99;78;57;48;2;121;96;71m▘[38;2;113;90;67;48;2;16;13;10m▍[38;2;12;11;11;48;2;8;8;8m▘[38;2;6;5;6;48;2;6;6;7m▁[38;2;15;17;21;48;2;7;8;11m▕[38;2;14;17;21;48;2;31;37;47m▊[38;2;41;48;61;48;2;31;36;45m▆[38;2;27;26;26;48;2;93;74;56m▋[38;2;87;69;52;48;2;106;84;63m▌[38;2;107;85;62;48;2;91;73;55m▁[38;2;78;62;47;48;2;91;73;56m▁[38;2;75;60;46;48;2;84;68;52m▁[38;2;54;45;36;48;2;81;66;51m▔[38;2;68;56;44;48;2;16;14;11m▏[38;2;13;13;12;48;2;66;56;46m▏[38;2;53;45;38;48;2;65;55;45m▘[38;2;49;44;37;48;2;56;50;44m▗[38;2;54;49;44;48;2;47;42;38m▌[38;2;52;47;43;48;2;43;39;36m▌[38;2;49;44;41m▌[38;2;34;32;29;48;2;42;39;36m▔[38;2;41;39;38;48;2;35;34;33m▆[38;2;37;36;35;48;2;16;15;14m▊[38;2;10;14;22;48;2;8;10;14m▗[38;2;11;16;24;48;2;6;11;15m▂[38;2;13;25;40;48;2;6;12;19m▁[38;2;6;13;20;48;2;14;29;47m▅[38;2;11;23;41;48;2;16;33;56m▞[38;2;6;12;20;48;2;14;31;53m▔[38;2;12;26;46;48;2;19;22;27m▘[38;2;30;21;15;48;2;18;14;11m▕[38;2;10;22;37;48;2;8;9;13m▕[38;2;12;25;43;48;2;10;20;32m▔[38;2;18;37;61;48;2;10;20;33m▃[38;2;17;38;62;48;2;10;23;37m▔[38;2;7;16;25;48;2;21;43;71m▆[38;2;10;23;39;48;2;12;27;47m▋[38;2;9;21;34;48;2;15;34;58m▃[38;2;12;28;46;48;2;24;49;81m▖[38;2;10;23;38;48;2;23;47;77m▔[38;2;16;35;58;48;2;17;14;11m▏[38;2;10;12;16;48;2;9;9;9m▕[38;2;10;17;28;48;2;12;25;42m▍[38;2;13;28;47;48;2;17;37;64m▅[38;2;12;18;27;48;2;20;36;57m▍[38;2;11;18;28;48;2;22;44;71m▔[38;2;10;18;29;48;2;19;39;65m▂[38;2;12;23;36;48;2;17;36;59m▃[38;2;25;49;80;48;2;15;31;53m▃[38;2;24;48;79;48;2;12;25;43m▂[38;2;22;45;76;48;2;10;21;37m▅[38;2;12;25;41;48;2;25;49;82m▘[38;2;21;41;67;48;2;14;30;49m▋[38;2;10;22;37;48;2;21;43;69m▅[38;2;23;46;76;48;2;12;26;41m▂[38;2;14;30;50;48;2;20;42;70m▖[38;2;29;54;91;48;2;30;57;98m▔[38;2;32;60;102;48;2;30;58;98m▃[38;2;32;60;103;48;2;30;57;98m▃[38;2;32;61;102;48;2;30;58;99m▁[38;2;31;60;101;48;2;28;56;96m▄[38;2;18;37;60;48;2;29;57;97m▗[38;2;13;28;46;48;2;29;56;94m▂[38;2;14;31;51;48;2;26;52;87m▝[38;2;27;53;88;48;2;14;30;48m▄[38;2;26;50;81;48;2;10;23;37m▅[38;2;22;45;75;48;2;13;30;53m▆[38;2;27;54;92;48;2;19;41;70m▅[0m
[38;2;108;89;70;48;2;117;95;74m▃[38;2;83;68;54;48;2;98;80;62m▖[38;2;115;93;73;48;2;109;89;70m▄[38;2;93;75;58;48;2;115;92;70m▘[38;2;131;105;79;48;2;124;100;77m▅[38;2;97;77;58;48;2;116;93;71m▍[38;2;107;86;66;48;2;121;97;74m▝[38;2;33;26;19;48;2;15;14;13m▎[38;2;17;17;20;48;2;14;15;16m▖[38;2;9;9;10;48;2;18;18;19m▎[38;2;24;19;15;48;2;134;106;77m▎[38;2;97;74;52;48;2;151;120;87m▏[38;2;149;119;87;48;2;122;96;70m▅[38;2;130;104;77;48;2;24;19;14m▍[38;2;13;13;14;48;2;8;8;8m▖[38;2;10;10;12;48;2;7;7;8m▂[38;2;14;17;22;48;2;10;11;14m▕[38;2;15;18;24;48;2;25;29;38m▘[38;2;26;32;41;48;2;37;43;53m▎[38;2;32;28;25;48;2;122;96;70m▋[38;2;109;86;63;48;2;134;105;76m▌[38;2;108;86;63;48;2;122;96;70m▔[38;2;103;80;57;48;2;123;97;71m▁[38;2;113;89;66;48;2;96;77;58m▆[38;2;106;84;63;48;2;77;62;47m▆[38;2;83;67;50;48;2;22;18;14m▏[38;2;21;18;15;48;2;89;73;57m▏[38;2;98;80;62;48;2;76;63;50m▗[38;2;85;70;55;48;2;70;59;48m▁[38;2;70;59;50;48;2;60;51;43m▌[38;2;65;56;47;48;2;54;47;40m▌[38;2;60;52;46;48;2;52;46;40m▌[38;2;57;50;45;48;2;47;42;38m▍[38;2;40;37;34;48;2;48;44;40m▘[38;2;43;40;37;48;2;19;17;16m▊[38;2;10;10;11;48;2;15;20;29m▍[38;2;15;20;28;48;2;13;17;25m▆[38;2;10;15;21;48;2;15;20;29m▕[38;2;7;15;26;48;2;12;19;28m▔[38;2;12;18;27;48;2;7;13;20m▖[38;2;9;19;30;48;2;6;13;19m▁[38;2;31;27;25;48;2;13;17;20m▗[38;2;37;28;20;48;2;26;20;15m▏[38;2;8;18;33;48;2;7;9;12m▕[38;2;9;20;35;48;2;8;17;28m▏[38;2;10;19;31;48;2;13;27;42m▍[38;2;10;21;34;48;2;15;31;48m▆[38;2;14;30;49;48;2;7;16;26m▁[38;2;8;18;29;48;2;7;15;24m▏[38;2;6;13;20;48;2;12;27;44m▆[38;2;13;26;40;48;2;6;13;21m▁[38;2;12;26;42;48;2;7;14;21m▁[38;2;12;24;36;48;2;24;19;14m▏[38;2;14;19;25;48;2;12;11;12m▕[38;2;28;52;86;48;2;16;31;50m▝[38;2;17;34;53;48;2;29;55;90m▃[38;2;23;44;71;48;2;10;17;28m▆[38;2;23;44;70;48;2;11;17;26m▄[38;2;23;41;64;48;2;7;15;26m▆[38;2;27;53;88;48;2;13;28;45m▖[38;2;15;31;48;48;2;9;20;30m▞[38;2;9;17;23;48;2;29;53;78m▅[38;2;9;17;22;48;2;31;54;79m▆[38;2;9;16;19;48;2;31;54;78m▅[38;2;7;15;22;48;2;19;38;57m▄[38;2;18;35;51;48;2;9;18;28m▝[38;2;11;21;31;48;2;31;57;91m▅[38;2;12;25;37;48;2;33;60;100m▄[38;2;23;45;72;48;2;34;63;105m▂[38;2;38;69;114;48;2;34;64;107m▃[38;2;37;68;113;48;2;34;64;108m▄[38;2;36;68;113;48;2;33;63;107m▄[38;2;23;45;74;48;2;28;56;92m▗[38;2;31;56;91;48;2;17;35;57m▂[38;2;19;42;68;48;2;12;27;45m▃[38;2;10;22;32;48;2;20;43;68m▆[38;2;22;44;67;48;2;7;15;22m▘[38;2;13;28;43;48;2;9;18;28m▔[38;2;10;24;40;48;2;7;16;26m▅[38;2;8;19;33;48;2;17;37;63m▆[0m
[38;2;115;94;72;48;2;72;60;48m▆[38;2;71;59;47;48;2;97;80;63m▌[38;2;118;97;76;48;2;93;76;59m▆[38;2;85;69;52;48;2;108;86;65m▘[38;2;123;99;74;48;2;109;87;65m▅[38;2;89;71;54;48;2;127;101;75m▍[38;2;100;81;61;48;2;124;100;75m▕[38;2;36;29;22;48;2;14;13;12m▎[38;2;24;24;26;48;2;16;17;18m▗[38;2;15;15;16;48;2;19;19;19m▘[38;2;46;37;27;48;2;147;118;85m▎[38;2;103;78;54;48;2;165;133;97m▏[38;2;127;100;72;48;2;155;124;90m▘[38;2;140;114;83;48;2;27;22;16m▍[38;2;15;14;14;48;2;9;8;8m▘[38;2;12;12;13;48;2;9;9;10m▍[38;2;4;5;6;48;2;14;16;20m▏[38;2;18;21;27;48;2;35;41;51m▋[38;2;54;51;50;48;2;37;39;45m▁[38;2;49;39;29;48;2;147;117;84m▋[38;2;138;108;77;48;2;159;127;91m▌[38;2;155;123;87;48;2;148;118;84m▁[38;2;128;99;69;48;2;147;116;83m▁[38;2;105;82;59;48;2;141;111;79m▔[38;2;91;72;53;48;2;132;105;76m▔[38;2;113;90;66;48;2;31;24;18m▏[38;2;25;22;18;48;2;118;94;70m▏[38;2;93;74;56;48;2;116;92;68m▘[38;2;88;71;55;48;2;99;80;62m▝[38;2;70;58;47;48;2;82;68;55m▗[38;2;70;59;48;48;2;76;64;52m▝[38;2;65;56;47;48;2;78;65;53m▝[38;2;75;64;53;48;2;64;54;46m▍[38;2;52;47;43;48;2;62;54;47m▔[38;2;50;45;41;48;2;27;23;19m▊[38;2;13;16;21;48;2;9;11;14m▔[38;2;4;6;11;48;2;11;15;21m▅[38;2;4;7;11;48;2;15;19;26m▅[48;2;14;19;27m▄[38;2;4;6;11;48;2;11;16;23m▃[48;2;11;17;25m▃[38;2;9;15;23;48;2;43;33;23m▋[38;2;43;32;23;48;2;32;24;18m▎[38;2;14;16;20;48;2;6;10;14m▌[38;2;15;28;47;48;2;7;16;25m▂[38;2;10;21;34;48;2;5;12;19m▃[38;2;13;26;43;48;2;9;19;31m▂[38;2;9;19;32;48;2;17;35;59m▆[38;2;9;19;28;48;2;14;30;49m▂[38;2;15;33;54;48;2;10;21;34m▘[38;2;12;25;39;48;2;9;18;28m▖[38;2;9;22;39;48;2;9;18;29m▃[38;2;14;23;36;48;2;34;27;20m▏[38;2;17;14;12;48;2;18;23;31m▌[38;2;15;29;44;48;2;9;17;24m▊[38;2;19;41;66;48;2;10;20;32m▂[38;2;24;44;72;48;2;9;19;31m▅[38;2;23;41;65;48;2;12;27;41m▅[38;2;26;38;55;48;2;15;25;37m▕[38;2;29;54;87;48;2;13;26;39m▆[38;2;25;48;78;48;2;6;13;21m▆[38;2;19;39;64;48;2;7;14;22m▆[38;2;18;37;59;48;2;10;20;31m▖[38;2;23;47;76;48;2;8;16;25m▂[38;2;20;44;68;48;2;7;15;24m▁[38;2;21;42;66;48;2;7;14;21m▅[38;2;33;61;96;48;2;17;34;54m▃[38;2;21;42;66;48;2;31;57;91m▂[38;2;23;46;73;48;2;35;66;106m▁[38;2;35;64;104;48;2;41;75;121m▃[38;2;36;66;106;48;2;39;74;120m▄[38;2;22;44;66;48;2;35;66;106m▁[38;2;14;28;41;48;2;34;64;102m▅[38;2;8;18;26;48;2;30;56;88m▅[38;2;8;17;25;48;2;20;41;65m▄[38;2;12;24;36;48;2;10;22;36m▝[38;2;9;19;32;48;2;7;15;25m▏[38;2;8;14;22;48;2;8;18;30m▂[38;2;9;18;30;48;2;8;16;26m▗[38;2;9;20;31;48;2;7;14;23m▁[0m
[38;2;17;17;17;48;2;99;81;65m▂[38;2;22;22;21;48;2;86;70;55m▂[38;2;27;25;24;48;2;116;95;73m▂[38;2;38;33;29;48;2;104;84;64m▂[38;2;20;20;19;48;2;115;93;70m▁[38;2;33;33;31;48;2;112;90;67m▁[38;2;29;28;27;48;2;134;108;80m▁[38;2;42;35;27;48;2;15;13;12m▏[38;2;12;12;12;48;2;23;24;26m▌[38;2;25;25;26;48;2;24;24;24m▁[38;2;60;49;37;48;2;154;124;90m▎[38;2;119;89;60;48;2;172;140;102m▏[38;2;144;115;83m▌[38;2;154;127;95;48;2;30;24;19m▍[38;2;15;15;15;48;2;11;11;11m▗[38;2;11;11;12;48;2;7;8;10m▏[38;2;23;28;36;48;2;9;9;12m▕[38;2;27;32;40;48;2;39;45;56m▋[38;2;37;41;48;48;2;109;96;84m▌[38;2;66;53;38;48;2;163;132;96m▋[38;2;152;121;87;48;2;179;146;107m▌[38;2;153;122;88;48;2;173;141;102m▁[38;2;144;113;79;48;2;176;143;103m▁[38;2;150;119;83;48;2;170;136;97m▁[38;2;114;89;63;48;2;143;114;81m▂[38;2;126;101;72;48;2;36;28;20m▏[38;2;31;26;21;48;2;132;105;77m▏[38;2;120;96;70;48;2;140;111;81m▌[38;2;95;77;59;48;2;129;104;77m▝[38;2;114;92;70;48;2;90;74;58m▄[38;2;87;72;57;48;2;116;95;73m▊[38;2;94;76;59;48;2;105;85;66m▗[38;2;90;75;60;48;2;73;61;50m▍[38;2;74;64;54;48;2;73;62;51m▔[38;2;58;51;44;48;2;35;28;23m▊[38;2;22;19;17;48;2;4;6;11m▍[38;2;6;9;15;48;2;4;7;12m▁[38;2;7;10;15m▅[38;2;8;15;21;48;2;6;8;13m▁[38;2;13;26;42;48;2;8;12;18m▁[38;2;14;32;54;48;2;7;11;18m▁[38;2;6;12;20;48;2;55;42;29m▋[38;2;60;46;32;48;2;44;33;23m▎[38;2;10;22;35;48;2;16;21;29m▕[38;2;10;19;32;48;2;7;15;24m▘[38;2;6;12;19;48;2;8;18;30m▆[38;2;11;23;37;48;2;6;12;17m▔[38;2;4;8;12;48;2;8;14;19m▆[38;2;10;19;27;48;2;4;9;14m▔[38;2;8;18;26;48;2;5;10;16m▗[38;2;11;24;38;48;2;8;16;23m▔[38;2;9;18;29;48;2;17;37;63m▆[38;2;45;37;29;48;2;35;27;20m▋[38;2;21;18;15;48;2;19;24;31m▌[38;2;42;55;72;48;2;11;23;38m▏[38;2;10;19;31;48;2;14;31;51m▃[38;2;10;18;31;48;2;21;43;71m▂[38;2;15;28;48;48;2;8;14;21m▏[38;2;4;7;12;48;2;21;38;60m▔[38;2;33;55;83;48;2;16;32;54m▔[38;2;30;60;100;48;2;18;35;58m▝[38;2;14;30;50;48;2;23;45;72m▄[38;2;22;44;71;48;2;32;61;101m▌[38;2;28;53;83;48;2;33;65;107m▝[38;2;18;39;66;48;2;32;61;98m▁[38;2;15;33;55;48;2;36;68;109m▂[38;2;21;44;71;48;2;37;70;114m▅[38;2;23;47;78;48;2;16;35;57m▏[38;2;19;39;65;48;2;14;30;50m▝[38;2;13;29;48;48;2;29;58;93m▄[38;2;20;42;69;48;2;40;75;120m▄[38;2;14;31;50;48;2;25;48;75m▃[38;2;22;42;65;48;2;15;32;52m▘[38;2;9;21;33;48;2;24;47;75m▃[38;2;20;41;68;48;2;11;24;38m▘[38;2;6;14;20;48;2;13;29;48m▆[38;2;5;13;20;48;2;10;22;36m▆[38;2;8;18;28;48;2;11;25;41m▆[38;2;9;19;29;48;2;7;16;26m▏[38;2;9;18;30;48;2;5;12;20m▔[0m
[38;2;19;19;19;48;2;11;11;11m▔[38;2;22;22;22;48;2;12;12;11m▔[38;2;25;24;24m▔[38;2;26;26;26;48;2;13;13;13m▔[38;2;21;19;19;48;2;19;18;18m▕[38;2;18;17;16;48;2;23;21;21m▆[38;2;7;7;7;48;2;19;18;18m▗[38;2;13;13;13;48;2;8;8;8m▍[38;2;13;13;14;48;2;22;23;25m▋[38;2;31;29;27;48;2;22;22;22m▕[38;2;72;58;43;48;2;156;125;91m▎[38;2;127;96;65;48;2;176;144;105m▏[38;2;146;116;83;48;2;180;148;109m▌[38;2;140;115;84;48;2;15;13;13m▌[38;2;14;14;14;48;2;10;10;9m▝[38;2;10;11;14;48;2;5;5;7m▊[38;2;9;10;12;48;2;6;6;8m▕[38;2;28;32;41;48;2;39;44;52m▍[38;2;35;36;41;48;2;103;89;75m▌[38;2;69;54;40;48;2;172;141;104m▋[38;2;161;131;96;48;2;193;162;122m▌[38;2;147;116;81;48;2;182;151;112m▁[38;2;138;109;78;48;2;182;149;109m▁[38;2;136;105;73;48;2;173;140;101m▁[38;2;159;127;91;48;2;119;92;64m▗[38;2;118;93;66;48;2;39;30;22m▏[38;2;27;22;18;48;2;141;113;83m▏[38;2;128;102;73;48;2;146;117;85m▘[38;2;136;110;82;48;2;104;84;63m▌[38;2;115;93;72;48;2;100;81;62m▅[38;2;122;100;76;48;2;102;83;64m▄[38;2;120;98;74;48;2;110;90;68m▁[38;2;91;75;59;48;2;106;86;67m▝[38;2;78;66;55;48;2;82;69;57m▔[38;2;66;57;49;48;2;33;28;24m▊[38;2;20;18;17;48;2;25;27;30m▍[38;2;26;29;33;48;2;9;11;16m▏[38;2;9;12;16;48;2;10;13;18m▘[38;2;9;18;26;48;2;6;10;15m▝[38;2;6;13;19;48;2;16;33;52m▆[38;2;8;17;26;48;2;18;37;59m▆[38;2;11;24;39;48;2;73;55;40m▋[38;2;73;55;39;48;2;44;34;24m▕[38;2;20;25;33;48;2;7;12;19m▊[38;2;4;9;14;48;2;9;19;28m▆[38;2;9;17;28;48;2;5;11;15m▘[38;2;8;15;22;48;2;5;10;14m▔[38;2;7;14;20;48;2;6;12;16m▝[38;2;8;17;25;48;2;5;11;18m▖[38;2;7;15;27;48;2;6;12;19m▝[38;2;4;9;13;48;2;9;18;29m▄[38;2;4;11;15;48;2;9;20;32m▖[38;2;21;21;26;48;2;54;42;31m▏[38;2;21;19;19;48;2;28;35;46m▊[38;2;54;71;92;48;2;11;23;37m▏[38;2;8;17;26;48;2;10;20;34m▁[38;2;7;14;20;48;2;11;22;37m▂[38;2;10;17;25;48;2;13;27;46m▃[38;2;17;28;41;48;2;9;14;20m▕[38;2;10;20;32;48;2;16;29;47m▂[38;2;9;20;34;48;2;14;29;49m▂[38;2;7;16;27;48;2;14;29;48m▅[38;2;5;12;18;48;2;13;28;47m▂[38;2;14;27;44;48;2;17;36;60m▂[38;2;17;35;57;48;2;19;40;68m▃[38;2;13;28;45;48;2;17;35;58m▆[38;2;12;25;40;48;2;12;24;41m▕[38;2;13;27;46;48;2;11;24;40m▔[38;2;11;24;39;48;2;14;31;53m▆[38;2;11;25;41;48;2;13;22;34m▘[38;2;14;20;30;48;2;20;36;56m▆[38;2;15;22;32;48;2;16;32;49m▆[38;2;14;20;30;48;2;13;27;43m▆[38;2;13;21;32;48;2;10;17;25m▍[38;2;9;15;22;48;2;8;13;20m▖[38;2;9;14;22;48;2;7;12;19m▖[38;2;8;14;23;48;2;5;10;14m▅[38;2;6;13;19;48;2;9;16;24m▕[38;2;9;17;26;48;2;5;10;13m▄[38;2;10;20;29;48;2;5;11;17m▃[0m
[38;2;10;11;12;48;2;12;12;13m▃[38;2;11;11;11;48;2;14;14;15m▔[38;2;13;13;12;48;2;15;15;15m▔[38;2;10;10;10;48;2;18;17;18m▂[38;2;15;15;15;48;2;14;13;13m▄[38;2;16;16;15;48;2;13;13;13m▄[38;2;13;13;13;48;2;6;6;6m▌[38;2;12;11;12;48;2;9;9;10m▌[38;2;6;6;7;48;2;18;19;21m▕[38;2;23;23;26;48;2;17;16;16m▌[38;2;70;56;42;48;2;148;119;87m▎[38;2;115;92;67;48;2;170;139;101m▁[38;2;140;112;81;48;2;174;143;105m▌[38;2;172;143;107;48;2;35;29;23m▎[38;2;10;10;11;48;2;7;7;8m▊[38;2;12;13;16;48;2;4;5;6m▊[38;2;7;8;10;48;2;5;5;7m▌[38;2;17;20;27;48;2;34;37;43m▍[38;2;43;43;43;48;2;98;87;78m▌[38;2;63;51;38;48;2;187;156;116m▋[38;2;147;117;83;48;2;184;153;114m▂[38;2;154;124;90;48;2;183;151;111m▖[38;2;195;163;122;48;2;155;124;89m▍[38;2;142;112;80;48;2;171;139;101m▌[38;2;152;122;86;48;2;173;140;101m▁[38;2;136;110;79;48;2;38;29;22m▏[38;2;25;22;18;48;2;131;105;77m▏[38;2;122;98;72;48;2;138;110;81m▖[38;2;130;104;77;48;2;115;93;69m▆[38;2;108;87;66;48;2;103;83;63m▅[38;2;84;69;54;48;2;125;100;75m▊[38;2;92;75;58;48;2;115;93;69m▗[38;2;85;71;58;48;2;106;86;67m▁[38;2;81;68;55;48;2;93;78;64m▍[38;2;66;57;49;48;2;33;26;22m▊[38;2;18;17;17;48;2;32;35;40m▍[38;2;34;38;43;48;2;10;13;18m▏[38;2;14;18;24;48;2;9;12;17m▍[38;2;6;14;24;48;2;7;13;20m▝[38;2;5;11;17;48;2;6;14;23m▎[38;2;10;22;34;48;2;7;14;21m▁[38;2;9;19;26;48;2;77;58;41m▋[38;2;94;72;51;48;2;51;39;28m▏[38;2;22;27;35;48;2;10;15;21m▊[38;2;12;20;21;48;2;4;9;14m▂[38;2;17;30;30;48;2;4;8;13m▂[38;2;12;22;24;48;2;6;11;18m▁[38;2;9;18;26;48;2;7;13;21m▗[38;2;4;8;11;48;2;12;23;36m▁[38;2;3;8;15;48;2;11;22;35m▔[38;2;11;21;29;48;2;8;16;27m▗[38;2;13;24;36;48;2;5;11;18m▄[38;2;30;27;29;48;2;58;45;32m▏[38;2;26;22;20;48;2;31;40;51m▊[38;2;50;62;82;48;2;7;15;22m▏[38;2;9;18;27;48;2;6;13;19m▔[38;2;10;15;22;48;2;5;9;13m▖[38;2;11;16;22;48;2;7;9;12m▂[38;2;8;16;23;48;2;13;23;34m▅[38;2;9;20;38;48;2;7;14;22m▁[38;2;9;21;41;48;2;8;16;27m▁[38;2;6;14;22;48;2;10;21;37m▄[38;2;8;18;28;48;2;13;27;44m▄[38;2;6;14;19;48;2;15;31;50m▁[38;2;12;26;41;48;2;18;37;59m▂[38;2;9;21;28;48;2;16;32;52m▁[38;2;6;15;23;48;2;13;26;41m▄[38;2;9;18;26;48;2;13;27;43m▄[38;2;10;17;23;48;2;16;25;37m▖[38;2;16;27;43;48;2;16;24;37m▂[38;2;16;27;42;48;2;16;25;38m▅[38;2;15;23;27;48;2;17;26;39m▂[38;2;14;21;23;48;2;17;25;37m▄[38;2;15;23;30;48;2;13;19;22m▘[38;2;20;28;28;48;2;11;18;23m▁[38;2;12;19;26;48;2;8;14;20m▞[38;2;12;19;29;48;2;6;10;15m▘[38;2;5;8;11;48;2;7;12;17m▆[38;2;7;12;17;48;2;4;8;11m▂[38;2;5;9;13;48;2;4;8;12m▎[0m
[38;2;11;12;14;48;2;15;16;19m▖[38;2;17;18;20;48;2;15;16;18m▗[38;2;16;16;19;48;2;16;16;18m▏[38;2;17;17;19;48;2;12;12;13m▅[38;2;15;15;17;48;2;11;11;12m▅[38;2;15;15;16;48;2;11;11;11m▆[38;2;14;13;14;48;2;5;5;6m▌[38;2;18;19;22;48;2;8;8;9m▕[38;2;9;9;10;48;2;21;21;24m▕[38;2;20;21;24;48;2;15;15;16m▌[38;2;49;38;29;48;2;27;22;18m▅[38;2;49;39;30;48;2;25;21;18m▅[38;2;47;37;29;48;2;28;23;19m▅[38;2;34;27;20;48;2;6;7;7m▌[38;2;10;10;11;48;2;7;7;9m▝[38;2;8;8;11;48;2;6;6;8m▋[38;2;13;15;20;48;2;6;7;9m▕[38;2;9;10;14;48;2;38;41;47m▎[38;2;49;51;55;48;2;70;65;64m▌[38;2;92;77;60;48;2;35;28;21m▏[38;2;62;47;33;48;2;39;31;23m▔[38;2;45;35;25;48;2;61;46;33m▄[38;2;53;40;28;48;2;72;54;38m▄[38;2;54;41;29;48;2;72;54;39m▄[38;2;49;38;27;48;2;66;50;35m▄[38;2;38;29;21;48;2;21;17;14m▏[38;2;38;33;30;48;2;23;21;18m▗[38;2;34;30;26;48;2;23;19;15m▅[48;2;22;19;16m▅[38;2;29;26;23;48;2;20;17;15m▅[48;2;17;16;15m▅[38;2;33;30;27;48;2;18;17;16m▅[38;2;35;31;28;48;2;20;19;18m▅[38;2;35;32;29;48;2;21;20;20m▅[38;2;23;22;22;48;2;8;8;8m▊[38;2;22;25;29;48;2;13;15;16m▔[38;2;17;22;25;48;2;10;14;16m▏[38;2;9;12;13;48;2;11;15;17m▃[38;2;10;14;16;48;2;16;19;18m▊[38;2;10;13;13;48;2;13;16;18m▁[38;2;10;13;15;48;2;13;23;34m▆[38;2;10;14;18;48;2;69;52;37m▋[38;2;64;49;35;48;2;50;38;27m▎[38;2;22;28;37;48;2;12;16;21m▊[38;2;9;10;12;48;2;19;31;38m▆[38;2;10;11;13;48;2;15;27;32m▆[38;2;8;10;12;48;2;20;31;34m▆[38;2;9;12;15;48;2;11;19;24m▆[38;2;16;25;30;48;2;14;21;23m▝[38;2;8;12;13;48;2;8;14;15m▁[38;2;9;14;15;48;2;10;16;17m▕[38;2;7;12;13;48;2;10;16;16m▌[38;2;25;21;16;48;2;49;38;28m▏[38;2;20;18;18;48;2;27;32;40m▊[38;2;37;44;54;48;2;9;16;20m▏[38;2;7;13;21;48;2;8;12;17m▔[38;2;11;18;25;48;2;11;15;20m▕[38;2;11;18;26;48;2;6;12;18m▏[38;2;9;20;32;48;2;7;12;19m▔[38;2;7;12;17;48;2;12;25;41m▆[38;2;6;12;16;48;2;12;27;47m▆[38;2;9;19;33;48;2;7;14;19m▔[38;2;7;13;15;48;2;9;18;32m▆[48;2;12;24;40m▃[38;2;7;12;13;48;2;10;20;34m▂[38;2;7;17;30;48;2;6;14;24m▍[38;2;8;16;26;48;2;7;14;24m▁[38;2;8;15;27;48;2;6;14;21m▏[38;2;8;17;23;48;2;12;23;38m▆[38;2;6;13;22;48;2;13;23;40m▆[38;2;22;29;29;48;2;11;18;27m▕[38;2;23;28;25;48;2;14;20;22m▗[38;2;24;29;24;48;2;14;20;20m▂[38;2;22;29;29;48;2;17;23;21m▏[38;2;15;20;18;48;2;37;49;44m▆[38;2;28;37;36;48;2;16;22;21m▘[38;2;13;18;15;48;2;23;32;30m▅[38;2;16;23;23;48;2;9;13;13m▘[38;2;14;21;22;48;2;7;11;12m▘[38;2;7;12;13;48;2;6;9;11m▗[0m
[38;2;12;13;15;48;2;9;10;11m▃[38;2;10;11;13m▃[38;2;9;9;11;48;2;15;16;17m▆[38;2;10;11;12m▂[38;2;15;15;16;48;2;18;18;20m▆[38;2;21;21;23;48;2;15;15;17m▔[38;2;14;15;16;48;2;5;5;6m▌[38;2;4;4;5;48;2;10;10;12m▝[38;2;15;15;18;48;2;24;25;28m▊[38;2;19;20;23;48;2;12;13;14m▊[38;2;64;51;39;48;2;36;29;23m▏[38;2;22;19;16;48;2;42;35;27m▃[38;2;19;17;15;48;2;40;33;26m▃[38;2;30;25;21;48;2;10;9;9m▎[38;2;12;11;12;48;2;8;8;9m▖[38;2;12;14;17;48;2;8;9;11m▖[38;2;17;20;28;48;2;7;7;10m▕[38;2;21;25;34;48;2;37;42;50m▍[38;2;39;43;51;48;2;61;60;63m▎[38;2;74;59;43;48;2;31;26;20m▏[38;2;45;37;29;48;2;34;28;22m▂[38;2;41;33;26;48;2;46;37;28m▖[38;2;45;36;28;48;2;65;50;38m▆[48;2;53;41;31m [38;2;45;36;29;48;2;49;38;29m▕[38;2;19;16;14;48;2;16;14;12m▁[38;2;24;22;19;48;2;36;31;27m▋[38;2;57;47;38;48;2;43;37;31m▕[48;2;45;38;33m▗[48;2;36;31;27m▃[38;2;69;55;44;48;2;43;37;31m▃[38;2;77;61;47;48;2;50;43;36m▄[38;2;69;56;44;48;2;52;44;37m▅[38;2;56;47;39;48;2;47;40;34m▍[38;2;36;32;28;48;2;13;13;11m▋[38;2;18;17;15;48;2;9;11;10m▎[38;2;5;7;7;48;2;10;13;12m▁[38;2;20;24;20;48;2;9;12;12m▔[38;2;13;17;17;48;2;10;13;14m▖[38;2;7;10;12;48;2;11;14;14m▕[38;2;15;19;17;48;2;10;13;13m▘[38;2;10;13;14;48;2;50;38;26m▋[38;2;52;40;28;48;2;37;29;21m▎[38;2;17;22;29;48;2;19;23;31m▗[38;2;12;13;15;48;2;9;10;12m▍[38;2;6;6;8;48;2;11;12;14m▁[38;2;8;8;8;48;2;9;11;12m▏[38;2;5;6;7;48;2;9;11;13m▕[38;2;7;8;10;48;2;9;11;14m▁[38;2;6;10;11;48;2;8;12;14m▔[38;2;9;12;15;48;2;6;9;11m▎[38;2;6;9;10;48;2;9;12;12m▊[38;2;20;15;12;48;2;37;29;22m▏[38;2;20;19;18;48;2;25;32;39m▊[38;2;41;51;64;48;2;12;19;21m▏[38;2;17;22;28;48;2;9;10;13m▕[38;2;23;32;42;48;2;14;20;21m▍[38;2;21;25;26;48;2;15;21;23m▕[38;2;9;13;14;48;2;20;27;26m▁[38;2;29;40;40;48;2;12;15;20m▄[38;2;36;51;52;48;2;11;15;19m▂[38;2;19;28;33;48;2;8;13;18m▖[38;2;7;10;13;48;2;4;7;11m▏[38;2;8;13;16;48;2;5;8;12m▕[38;2;10;15;21;48;2;7;11;13m▂[38;2;10;14;19;48;2;9;17;25m▅[38;2;9;12;15;48;2;7;13;20m▗[38;2;14;21;27;48;2;8;13;19m▂[38;2;18;27;33;48;2;8;15;22m▂[38;2;12;16;17;48;2;14;21;29m▁[38;2;89;75;61;48;2;29;34;39m▁[38;2;41;42;47;48;2;23;27;30m▏[38;2;12;14;15;48;2;23;26;23m▃[38;2;18;20;16;48;2;13;15;14m▏[38;2;14;19;17;48;2;8;11;11m▔[38;2;15;20;18;48;2;8;13;13m▘[38;2;11;17;18;48;2;8;12;12m▁[38;2;8;13;14;48;2;6;9;10m▁[38;2;9;16;18;48;2;6;9;11m▁[38;2;9;15;16;48;2;4;7;8m▘[0m
[38;2;17;18;20;48;2;12;13;16m▂[38;2;9;10;11;48;2;15;16;18m▔[38;2;14;14;15;48;2;16;17;19m▃[38;2;16;16;17;48;2;18;19;20m▖[38;2;17;17;18;48;2;19;19;21m▗[38;2;16;16;17;48;2;18;19;20m▗[38;2;15;15;17;48;2;4;5;6m▌[38;2;8;8;10;48;2;10;10;12m▂[38;2;11;11;13;48;2;22;23;26m▊[38;2;21;22;25;48;2;15;16;18m▊[38;2;51;42;34;48;2;26;22;19m▎[38;2;28;23;21;48;2;22;20;17m▏[38;2;27;23;20;48;2;23;20;17m▋[38;2;23;19;15;48;2;8;8;9m▌[38;2;14;13;13;48;2;8;9;10m▌[38;2;10;11;14;48;2;7;7;9m▊[38;2;12;15;20;48;2;7;8;10m▕[38;2;22;26;34;48;2;43;49;60m▌[38;2;34;39;49;48;2;82;69;59m▋[38;2;80;66;50;48;2;32;27;21m▏[38;2;17;15;13;48;2;47;38;30m▂[38;2;22;19;16;48;2;54;42;32m▂[38;2;30;24;18;48;2;57;45;34m▃[38;2;26;21;17;48;2;60;47;35m▃[38;2;20;17;14;48;2;55;43;32m▃[38;2;11;10;8;48;2;16;13;12m▁[38;2;49;41;34;48;2;26;23;20m▝[38;2;18;16;15;48;2;61;49;39m▃[38;2;19;18;17;48;2;67;53;41m▃[38;2;27;24;21;48;2;79;62;47m▄[38;2;23;20;18;48;2;88;68;51m▄[38;2;21;19;18;48;2;80;62;47m▄[38;2;22;20;19;48;2;67;53;41m▅[38;2;17;17;19;48;2;47;39;32m▅[38;2;24;22;20;48;2;15;15;17m▘[38;2;18;17;18;48;2;12;13;13m▎[38;2;50;41;34;48;2;4;7;7m▃[38;2;54;45;38;48;2;6;9;10m▃[38;2;53;46;40;48;2;15;18;19m▂[38;2;42;39;38;48;2;15;21;28m▂[38;2;38;37;38;48;2;10;16;23m▂[38;2;17;21;25;48;2;46;35;25m▋[38;2;37;29;21;48;2;25;21;16m▎[38;2;19;25;31;48;2;18;21;28m▝[38;2;26;35;44;48;2;17;24;30m▖[38;2;29;33;38;48;2;11;16;20m▁[38;2;17;20;23;48;2;9;11;13m▁[38;2;12;17;21;48;2;7;9;11m▁[38;2;10;14;16;48;2;7;11;13m▏[38;2;6;10;13;48;2;9;13;16m▃[38;2;15;24;33;48;2;11;16;23m▝[38;2;15;24;34;48;2;9;14;19m▎[38;2;15;12;10;48;2;35;28;22m▏[38;2;21;18;16;48;2;28;30;34m▌[38;2;41;48;56;48;2;8;13;16m▏[38;2;7;10;14;48;2;11;16;19m▏[38;2;19;25;31;48;2;12;17;20m▘[38;2;6;8;11;48;2;11;16;17m▕[38;2;23;37;43;48;2;8;12;14m▂[38;2;14;21;26;48;2;12;18;20m▁[38;2;19;28;29;48;2;9;14;17m▔[38;2;24;34;41;48;2;10;16;21m▎[38;2;15;25;33;48;2;7;10;14m▃[38;2;21;33;48;48;2;9;13;17m▃[38;2;20;32;47;48;2;11;17;23m▃[38;2;15;23;33;48;2;11;15;20m▃[38;2;8;11;14;48;2;11;17;22m▁[38;2;12;17;23;48;2;20;31;36m▆[38;2;11;16;20;48;2;19;28;30m▆[38;2;20;22;20;48;2;11;15;16m▕[38;2;93;79;64;48;2;33;33;33m▔[38;2;54;49;42;48;2;24;25;24m▔[38;2;22;21;17;48;2;14;15;13m▘[38;2;18;18;15;48;2;10;11;11m▔[38;2;11;14;18;48;2;7;9;11m▁[38;2;6;9;10m▕[38;2;6;8;8;48;2;9;13;14m▆[38;2;9;14;15;48;2;5;6;7m▍[38;2;6;10;12;48;2;4;7;8m▘[38;2;3;5;5;48;2;6;10;12m▅[0m
[38;2;9;10;13;48;2;12;13;15m▃[38;2;11;12;14;48;2;10;11;13m▕[38;2;11;11;13;48;2;13;14;16m▄[38;2;11;12;14;48;2;14;15;17m▏[38;2;13;13;15m▗[38;2;7;8;9;48;2;13;14;15m▁[38;2;12;12;14;48;2;6;6;7m▌[38;2;11;11;14;48;2;7;7;8m▍[38;2;10;10;12;48;2;18;20;23m▏[38;2;23;25;29;48;2;16;16;19m▋[38;2;43;34;26;48;2;32;26;21m▃[38;2;48;39;32m▃[38;2;55;42;28;48;2;35;29;24m▔[38;2;36;28;21;48;2;13;11;10m▖[38;2;4;4;5;48;2;14;14;15m▕[38;2;6;7;8;48;2;10;12;16m▋[38;2;19;22;30;48;2;10;12;15m▕[38;2;29;35;45;48;2;41;49;63m▌[38;2;33;38;45;48;2;59;56;56m▌[38;2;80;67;54;48;2;27;23;20m▏[38;2;36;29;23;48;2;25;21;18m▘[38;2;16;14;14;48;2;53;41;30m▅[38;2;18;16;16;48;2;52;41;31m▅[38;2;18;17;17;48;2;55;42;31m▆[38;2;49;44;38;48;2;32;26;21m▂[38;2;47;42;36;48;2;26;22;19m▏[38;2;66;51;40;48;2;19;18;18m▁[38;2;81;63;48;48;2;20;19;20m▁[38;2;76;59;45;48;2;20;19;19m▁[38;2;67;52;40;48;2;19;18;18m▁[38;2;53;43;34;48;2;17;17;18m▂[38;2;46;38;31;48;2;14;15;17m▃[38;2;52;43;35;48;2;16;16;17m▃[38;2;48;41;34;48;2;18;17;19m▃[38;2;43;36;31;48;2;16;16;18m▃[38;2;64;53;44;48;2;21;20;20m▁[38;2;84;68;55;48;2;24;23;22m▁[38;2;72;60;50;48;2;27;25;24m▂[38;2;66;56;49;48;2;32;28;27m▂[38;2;63;55;48;48;2;34;30;27m▃[38;2;63;56;52;48;2;33;30;29m▃[38;2;68;64;62;48;2;32;30;30m▃[38;2;67;63;63;48;2;29;28;29m▄[38;2;59;58;58;48;2;25;25;26m▅[38;2;54;54;56m▅[38;2;48;48;50;48;2;26;27;29m▅[38;2;46;43;42;48;2;37;38;41m▁[38;2;63;65;70;48;2;35;36;40m▁[38;2;70;70;77;48;2;33;34;37m▁[38;2;62;65;72;48;2;28;29;33m▂[38;2;59;64;75;48;2;31;33;38m▂[38;2;55;60;71;48;2;32;35;41m▂[38;2;46;52;63;48;2;28;24;21m▂[38;2;33;38;46;48;2;26;26;27m▃[38;2;11;13;16;48;2;25;31;39m▂[38;2;16;19;23;48;2;23;31;39m▄[38;2;17;23;29;48;2;12;15;20m▘[38;2;5;9;12;48;2;4;8;10m▕[38;2;7;13;15;48;2;6;10;12m▔[38;2;10;17;21;48;2;8;14;17m▕[38;2;15;24;28;48;2;11;18;22m▖[38;2;20;30;38;48;2;12;18;23m▝[38;2;13;18;23;48;2;23;35;46m▄[38;2;14;19;26;48;2;22;35;48m▅[38;2;23;33;43;48;2;16;22;28m▂[38;2;34;44;57;48;2;14;19;22m▂[38;2;32;39;46;48;2;13;18;21m▁[38;2;20;23;26;48;2;13;15;17m▝[38;2;21;25;30;48;2;12;15;16m▘[38;2;13;17;20;48;2;9;12;15m▁[38;2;27;31;36;48;2;20;22;22m▝[38;2;18;20;15;48;2;14;16;16m▗[38;2;19;19;15;48;2;12;14;12m▔[38;2;15;17;15;48;2;9;12;12m▘[38;2;5;8;8;48;2;10;14;14m▁[38;2;10;14;16;48;2;8;11;12m▏[38;2;6;10;11;48;2;3;4;6m▊[38;2;3;5;5;48;2;11;11;11m▌[38;2;4;6;8;48;2;6;9;11m▌[38;2;4;6;9;48;2;2;3;4m▃[0m
[38;2;11;12;14;48;2;9;10;12m▁[38;2;7;8;10;48;2;11;12;15m▃[38;2;7;7;9;48;2;12;13;16m▃[38;2;10;11;13;48;2;14;15;19m▆[38;2;16;17;20;48;2;12;13;15m▔[38;2;27;29;33m▁[38;2;22;23;27;48;2;12;12;14m▁[38;2;15;16;18;48;2;10;10;11m▎[38;2;14;15;17;48;2;20;22;26m▂[38;2;24;26;31;48;2;15;16;19m▘[38;2;32;27;23;48;2;19;17;15m▏[38;2;35;29;23;48;2;17;16;15m▂[38;2;47;38;29;48;2;21;19;17m▂[38;2;27;23;19;48;2;9;8;8m▎[38;2;14;14;15;48;2;7;8;9m▌[38;2;6;6;9;48;2;10;12;15m▘[38;2;17;20;26;48;2;9;10;13m▕[38;2;26;32;41;48;2;42;50;64m▊[38;2;41;47;55;48;2;73;65;59m▋[38;2;76;59;43;48;2;29;26;22m▅[38;2;81;63;46;48;2;21;19;18m▆[38;2;97;75;54;48;2;43;35;28m▅[38;2;24;21;19;48;2;90;69;50m▔[38;2;45;36;27;48;2;88;68;50m▔[38;2;81;78;73;48;2;45;41;38m▕[38;2;120;114;107;48;2;114;95;77m▖[38;2;119;90;64;48;2;89;68;49m▅[38;2;114;88;63;48;2;96;73;53m▅[38;2;109;85;62;48;2;108;84;61m▂[38;2;91;68;50;48;2;112;86;63m▔[38;2;103;80;59;48;2;118;91;66m▅[38;2;101;79;58;48;2;104;81;60m▕[38;2;109;87;66;48;2;94;73;55m▂[38;2;111;90;71;48;2;85;67;52m▃[38;2;98;81;66;48;2;84;67;52m▄[38;2;90;74;62;48;2;87;71;58m▖[38;2;86;72;60;48;2;82;70;60m▏[38;2;84;73;66;48;2;76;64;54m▅[38;2;84;74;68;48;2;70;61;54m▅[38;2;85;77;72;48;2;73;63;56m▄[38;2;83;77;75;48;2;71;62;55m▄[38;2;90;88;90;48;2;66;58;52m▄[38;2;100;99;103;48;2;61;54;48m▅[38;2;98;97;100;48;2;59;51;45m▆[38;2;31;35;43;48;2;90;88;91m▁[38;2;21;24;30;48;2;93;91;95m▂[38;2;18;20;25;48;2;92;92;98m▃[38;2;19;22;28;48;2;85;87;95m▄[38;2;21;25;33;48;2;77;81;91m▅[38;2;23;29;37;48;2;68;72;82m▆[38;2;19;23;31;48;2;45;50;59m▆[38;2;33;39;47;48;2;14;18;24m▔[38;2;4;5;6;48;2;15;19;25m▂[38;2;9;10;13;48;2;15;18;23m▄[38;2;9;12;16;48;2;18;21;28m▅[38;2;10;13;19;48;2;17;20;26m▆[38;2;11;15;22;48;2;19;27;37m▆[38;2;18;27;38;48;2;10;16;21m▖[38;2;7;11;14;48;2;5;9;11m▔[38;2;6;10;13;48;2;11;19;25m▆[38;2;11;18;22;48;2;10;15;17m▝[38;2;20;32;41;48;2;13;20;24m▔[38;2;24;34;43;48;2;14;20;26m▗[38;2;27;36;47;48;2;20;29;36m▖[38;2;33;44;57;48;2;21;29;38m▝[38;2;13;19;24;48;2;35;46;58m▄[38;2;20;26;28;48;2;34;44;53m▅[38;2;21;26;30;48;2;29;33;35m▕[38;2;18;24;32;48;2;32;41;51m▆[38;2;15;19;18;48;2;29;40;52m▆[38;2;21;25;19;48;2;15;19;20m▁[38;2;15;20;22;48;2;5;8;9m▅[38;2;17;22;23;48;2;14;19;20m▁[38;2;7;10;10;48;2;11;16;16m▔[38;2;11;17;21;48;2;8;12;13m▕[38;2;13;19;23;48;2;9;15;17m▏[38;2;8;15;16;48;2;5;9;10m▖[38;2;11;13;14;48;2;4;6;7m▝[38;2;3;6;7;48;2;9;14;15m▅[38;2;12;19;19;48;2;5;9;11m▃[0m
[38;2;8;9;12;48;2;13;14;17m▄[38;2;10;11;14;48;2;15;16;20m▅[48;2;20;22;27m▆[38;2;25;28;33;48;2;11;12;14m▔[48;2;12;13;15m [38;2;13;14;16;48;2;13;13;15m▏[38;2;17;17;19;48;2;12;12;13m▂[38;2;24;23;22;48;2;11;11;13m▃[38;2;33;27;24;48;2;11;11;12m▃[38;2;38;32;25;48;2;13;12;13m▄[38;2;24;19;17;48;2;43;35;27m▘[38;2;51;41;31;48;2;40;33;26m▆[38;2;42;35;28;48;2;57;45;35m▔[38;2;52;42;33;48;2;11;11;11m▎[38;2;10;9;11;48;2;4;4;5m▊[38;2;7;9;11;48;2;10;12;15m▌[38;2;6;7;9;48;2;12;14;18m▎[38;2;37;43;53;48;2;16;19;26m▕[38;2;92;76;61;48;2;36;38;43m▕[38;2;70;56;43;48;2;78;61;45m▃[38;2;103;79;56;48;2;75;58;43m▔[38;2;76;60;45;48;2;89;69;50m▃[38;2;78;61;45;48;2;91;70;51m▗[38;2;41;35;30;48;2;84;65;48m▗[38;2;32;30;29;48;2;15;14;13m▂[38;2;44;41;38;48;2;98;79;60m▌[38;2;80;61;44;48;2;108;85;63m▔[38;2;107;85;65;48;2;125;98;71m▅[38;2;138;109;80;48;2;113;90;68m▔[38;2;116;96;78;48;2;108;86;66m▂[38;2;117;97;79;48;2;104;83;64m▃[38;2;117;98;81;48;2;104;85;67m▖[38;2;107;91;77;48;2;98;79;63m▅[38;2;98;87;79;48;2;94;78;64m▅[38;2;91;88;89;48;2;91;78;68m▂[38;2;24;30;38;48;2;86;77;71m▁[38;2;29;33;38;48;2;88;79;73m▂[38;2;21;23;27;48;2;86;80;76m▃[38;2;12;13;17;48;2;76;72;70m▃[38;2;14;17;22;48;2;84;79;77m▄[38;2;20;24;32;48;2;87;86;90m▅[38;2;24;30;39;48;2;84;84;88m▆[38;2;76;75;75;48;2;23;29;39m▔[38;2;32;40;53;48;2;18;21;26m▄[38;2;25;33;43;48;2;14;17;21m▅[38;2;3;3;5;48;2;24;30;39m▂[38;2;5;6;8;48;2;25;32;42m▃[38;2;7;8;10;48;2;29;37;48m▄[38;2;6;8;10;48;2;31;39;51m▆[38;2;26;33;45;48;2;3;4;5m▔[38;2;5;6;9;48;2;4;5;7m▔[38;2;7;9;11;48;2;2;3;4m▅[38;2;6;7;9;48;2;9;11;13m▏[38;2;9;11;14;48;2;22;28;35m▌[38;2;28;35;44;48;2;14;18;23m▖[38;2;20;26;33;48;2;6;8;10m▖[38;2;11;14;20;48;2;9;12;14m▝[38;2;10;13;15;48;2;11;16;22m▆[38;2;15;18;19;48;2;12;17;20m▁[38;2;11;14;13;48;2;14;19;22m▁[38;2;28;36;44;48;2;12;17;21m▂[38;2;38;49;64;48;2;16;21;28m▂[38;2;34;43;57;48;2;17;23;30m▂[38;2;23;30;39;48;2;16;21;25m▖[38;2;21;26;28;48;2;14;18;21m▃[38;2;21;25;25;48;2;15;19;21m▁[38;2;19;25;29;48;2;11;12;13m▂[38;2;18;24;31;48;2;8;9;11m▂[38;2;15;20;25;48;2;15;17;15m▂[38;2;12;14;13;48;2;14;18;18m▝[38;2;17;23;25;48;2;9;12;14m▃[38;2;16;22;24;48;2;11;15;16m▕[38;2;12;17;18;48;2;9;12;12m▏[38;2;9;13;14;48;2;6;9;9m▔[38;2;5;8;8;48;2;6;10;10m▆[38;2;7;11;11;48;2;4;6;6m▔[38;2;2;3;3;48;2;7;11;12m▆[38;2;15;21;27;48;2;4;7;8m▁[38;2;34;50;72;48;2;6;10;10m▂[38;2;14;21;32;48;2;7;12;13m▂[0m
[38;2;8;8;11;48;2;11;13;16m▄[38;2;16;16;18;48;2;10;11;14m▁[38;2;19;18;18;48;2;11;12;14m▂[38;2;31;27;24;48;2;14;14;15m▂[38;2;31;26;23;48;2;16;15;16m▄[38;2;32;27;24;48;2;15;15;16m▆[38;2;20;18;17;48;2;35;30;25m▔[38;2;43;36;30;48;2;36;29;24m▄[38;2;46;38;31;48;2;42;35;28m▗[38;2;49;41;34;48;2;45;37;29m▂[38;2;55;45;37;48;2;50;41;32m▁[38;2;58;45;35;48;2;53;43;34m▔[38;2;42;34;28;48;2;55;44;34m▁[38;2;46;38;30;48;2;9;9;11m▎[38;2;7;8;10;48;2;4;5;6m▕[38;2;6;7;9;48;2;8;9;11m▕[38;2;1;1;1;48;2;12;14;18m▏[38;2;23;28;36;48;2;18;22;29m▞[38;2;29;31;35;48;2;65;60;56m▋[38;2;67;56;45;48;2;81;65;51m▄[38;2;77;62;49;48;2;95;75;57m▄[38;2;84;69;54;48;2;94;75;56m▃[38;2;79;64;51;48;2;95;76;59m▃[38;2;116;95;73;48;2;83;68;54m▁[38;2;91;75;60;48;2;47;43;40m▆[38;2;77;65;54;48;2;107;87;68m▅[38;2;65;56;49;48;2;128;104;81m▆[38;2;18;23;31;48;2;96;79;64m▂[38;2;22;27;34;48;2;102;84;67m▃[38;2;21;23;28;48;2;102;85;70m▄[38;2;18;19;23;48;2;95;81;69m▅[38;2;20;21;26;48;2;106;95;87m▆[38;2;13;17;22;48;2;83;79;80m▆[38;2;78;76;78;48;2;18;23;30m▔[38;2;25;35;48;48;2;14;18;23m▃[38;2;27;36;49;48;2;13;16;21m▄[38;2;21;28;39;48;2;10;12;15m▅[38;2;23;30;41;48;2;9;11;14m▆[38;2;2;3;5;48;2;24;32;43m▂[38;2;1;2;4;48;2;25;33;45m▃[38;2;0;1;2;48;2;25;35;47m▄[38;2;2;3;5;48;2;35;45;61m▆[38;2;0;0;0;48;2;23;31;44m▆[38;2;12;17;24;48;2;0;0;0m▔[38;2;5;5;6m▁[38;2;1;2;2;48;2;8;9;11m▊[38;2;11;13;14m▂[38;2;12;15;18;48;2;23;28;35m▋[38;2;33;41;48;48;2;11;14;18m▃[38;2;18;24;28;48;2;8;10;12m▁[38;2;13;16;20;48;2;3;4;5m▃[38;2;12;15;19;48;2;8;9;11m▂[38;2;11;14;16;48;2;9;11;13m▃[38;2;15;20;28m▂[38;2;20;27;37;48;2;12;16;19m▂[38;2;16;22;28;48;2;14;18;22m▁[38;2;10;13;15;48;2;18;24;29m▂[38;2;19;26;33;48;2;17;21;23m▄[38;2;20;27;34;48;2;18;23;28m▞[38;2;16;20;23;48;2;29;37;45m▅[38;2;27;35;44;48;2;26;32;36m▗[38;2;35;42;49;48;2;43;51;60m▊[38;2;43;50;60;48;2;34;41;49m▖[38;2;54;55;57;48;2;31;36;40m▁[38;2;41;44;48;48;2;24;28;29m▂[38;2;44;49;59;48;2;20;22;24m▁[38;2;27;31;31;48;2;17;21;23m▂[38;2;18;22;25;48;2;21;28;36m▅[38;2;21;29;32;48;2;16;22;24m▖[38;2;19;23;20;48;2;10;14;13m▔[38;2;12;18;21;48;2;11;15;15m▕[38;2;10;16;18;48;2;6;9;10m▏[38;2;12;19;22;48;2;5;9;11m▔[38;2;10;16;17;48;2;6;10;13m▂[38;2;5;8;10;48;2;8;13;14m▕[38;2;23;27;30;48;2;7;12;13m▗[38;2;19;22;27;48;2;25;34;46m▄[38;2;23;31;41;48;2;13;18;24m▔[38;2;27;40;56;48;2;14;19;26m▔[38;2;13;19;28;48;2;23;37;54m▆[0m
[38;2;18;18;19;48;2;16;15;17m▃[38;2;21;20;20;48;2;18;18;18m▃[38;2;24;22;20;48;2;22;20;20m▕[38;2;23;21;20;48;2;29;25;22m▖[38;2;36;32;28;48;2;31;26;23m▂[38;2;45;37;32;48;2;34;29;25m▁[38;2;32;27;22;48;2;40;34;29m▔[38;2;34;29;25m▁[38;2;33;28;24;48;2;44;37;30m▁[38;2;42;36;30;48;2;46;38;31m▕[38;2;29;26;23;48;2;45;38;31m▃[38;2;23;21;20;48;2;44;36;30m▅[38;2;55;43;33;48;2;22;20;20m▔[38;2;27;33;41;48;2;11;11;13m▁[38;2;28;35;45;48;2;7;8;10m▂[38;2;30;37;47m▃[38;2;26;31;40;48;2;9;10;13m▄[38;2;24;29;38;48;2;17;21;27m▄[38;2;47;53;61;48;2;28;30;35m▔[38;2;9;10;13;48;2;70;59;49m▃[38;2;13;15;18;48;2;92;77;62m▄[38;2;14;15;18;48;2;99;82;64m▅[38;2;16;17;20;48;2;108;90;70m▆[38;2;101;83;64;48;2;14;14;17m▔[38;2;53;48;46;48;2;9;12;16m▔[38;2;19;26;35;48;2;10;13;17m▂[38;2;29;37;51;48;2;10;12;16m▂[38;2;20;26;36;48;2;10;13;17m▄[38;2;22;29;40;48;2;8;9;12m▅[38;2;21;29;40;48;2;12;15;21m▃[38;2;8;10;13;48;2;17;23;32m▔[38;2;5;6;8;48;2;21;28;37m▂[38;2;3;3;5;48;2;27;35;47m▃[38;2;5;6;8;48;2;28;37;49m▄[48;2;32;43;58m▆[38;2;0;0;0;48;2;24;30;41m▆[38;2;13;18;25;48;2;0;0;0m▔[38;2;1;1;2m▁[38;2;4;4;4m▁[38;2;11;13;16;48;2;1;1;2m▁[38;2;13;15;18;48;2;2;3;3m▂[38;2;22;23;26;48;2;3;3;3m▃[38;2;24;24;26;48;2;6;6;6m▃[38;2;33;34;36;48;2;10;11;11m▃[38;2;60;61;64;48;2;18;19;21m▂[38;2;55;57;62;48;2;20;23;26m▃[38;2;54;57;65;48;2;21;24;28m▄[38;2;72;87;110;48;2;33;36;41m▂[38;2;49;63;82;48;2;36;42;49m▃[38;2;41;53;71;48;2;12;17;19m▅[38;2;14;20;26;48;2;12;15;17m▏[38;2;17;22;27;48;2;14;17;19m▁[38;2;18;25;31;48;2;14;18;21m▔[38;2;26;31;37;48;2;16;21;25m▁[38;2;36;39;43;48;2;13;18;21m▂[38;2;34;39;47;48;2;23;29;35m▗[38;2;37;42;46;48;2;30;34;39m▖[38;2;41;42;41;48;2;20;25;32m▅[38;2;50;49;44;48;2;30;34;38m▖[38;2;49;51;53;48;2;17;21;26m▄[38;2;56;58;61;48;2;25;25;24m▂[38;2;53;54;53;48;2;28;27;24m▂[38;2;38;37;31m▃[38;2;38;37;36;48;2;24;25;23m▔[38;2;17;19;17;48;2;40;40;42m▆[38;2;16;17;15;48;2;35;37;38m▆[38;2;25;25;22;48;2;17;18;16m▘[38;2;35;35;32;48;2;17;19;17m▗[38;2;37;43;52;48;2;10;14;16m▃[38;2;27;34;42;48;2;7;10;12m▃[38;2;25;33;43;48;2;13;15;15m▃[38;2;23;26;31;48;2;15;17;18m▆[38;2;11;14;20;48;2;22;28;37m▆[38;2;6;8;11;48;2;12;18;20m▅[38;2;20;19;18;48;2;6;9;10m▕[38;2;12;14;17;48;2;35;36;37m▘[38;2;22;26;30;48;2;16;17;20m▘[38;2;12;15;19;48;2;17;21;27m▊[38;2;25;33;45;48;2;13;17;23m▔[38;2;17;22;28;48;2;9;13;18m▂[0m
[38;2;16;16;18;48;2;19;19;21m▄[38;2;27;26;28;48;2;20;20;21m▁[38;2;32;30;28;48;2;24;23;22m▂[38;2;35;32;29;48;2;28;25;23m▄[38;2;39;36;34;48;2;31;27;24m▃[38;2;43;38;35;48;2;34;29;26m▄[38;2;41;37;35;48;2;33;28;24m▆[38;2;16;17;20;48;2;45;39;35m▂[38;2;16;20;26;48;2;49;42;36m▃[38;2;20;22;27;48;2;42;37;32m▅[38;2;12;14;17;48;2;31;29;27m▅[38;2;11;14;18;48;2;36;34;34m▅[38;2;12;15;20;48;2;43;41;42m▆[38;2;10;12;16;48;2;25;29;36m▆[38;2;21;27;37;48;2;9;11;15m▔[38;2;5;6;9;48;2;12;15;20m▄[38;2;5;6;8m▄[38;2;8;10;13;48;2;15;18;25m▆[38;2;16;21;28;48;2;7;8;11m▃[38;2;16;22;31;48;2;6;7;10m▄[38;2;20;26;36;48;2;8;10;13m▄[38;2;18;23;33;48;2;9;10;13m▅[38;2;18;23;32;48;2;8;10;12m▆[38;2;3;4;6;48;2;17;22;31m▁[38;2;1;1;1;48;2;19;25;34m▂[38;2;0;0;0;48;2;20;27;38m▃[38;2;2;2;4;48;2;22;31;42m▅[38;2;0;0;0;48;2;17;23;31m▅[48;2;15;20;29m▆[38;2;7;9;15;48;2;0;0;0m▔[38;2;9;10;13m▕[38;2;7;8;10;48;2;5;5;7m▅[38;2;19;25;35m▕[38;2;23;30;41;48;2;14;16;22m▆[38;2;23;29;41;48;2;4;6;8m▌[38;2;4;5;7;48;2;0;0;0m▅[38;2;6;7;8;48;2;4;5;6m▁[38;2;11;13;16;48;2;7;8;11m▕[38;2;14;16;20;48;2;11;13;16m▘[38;2;13;15;19;48;2;20;24;31m▆[38;2;26;31;38;48;2;21;23;27m▔[38;2;33;35;37;48;2;27;27;28m▗[38;2;5;6;8;48;2;47;46;48m▁[38;2;37;38;39;48;2;68;63;58m▅[38;2;15;19;24;48;2;53;52;51m▃[38;2;21;28;36;48;2;52;54;59m▄[38;2;27;34;44;48;2;56;67;83m▅[38;2;15;19;24;48;2;37;48;63m▄[38;2;13;16;18;48;2;29;40;54m▄[38;2;55;50;44;48;2;12;16;20m▂[38;2;78;71;61;48;2;19;22;22m▃[38;2;66;61;56;48;2;24;27;26m▄[38;2;65;62;61;48;2;28;29;28m▃[38;2;61;57;52;48;2;29;30;28m▃[38;2;51;48;44;48;2;37;36;32m▂[38;2;55;50;44;48;2;33;33;30m▔[38;2;28;28;26;48;2;40;39;35m▄[38;2;24;25;22;48;2;47;44;36m▃[38;2;25;25;19;48;2;54;54;51m▂[38;2;17;16;13;48;2;52;52;49m▂[38;2;30;29;24;48;2;42;43;44m▄[38;2;52;53;53;48;2;28;27;22m▔[38;2;30;31;30;48;2;22;22;20m▔[38;2;52;62;77;48;2;21;21;18m▁[38;2;33;41;51;48;2;19;19;17m▂[38;2;29;33;39;48;2;21;21;18m▂[38;2;26;37;48;48;2;28;27;22m▁[38;2;20;26;30;48;2;23;21;18m▁[38;2;27;36;37;48;2;19;20;18m▁[38;2;34;40;47;48;2;16;18;17m▔[38;2;29;32;25;48;2;17;21;25m▅[38;2;30;36;28;48;2;17;20;19m▂[38;2;22;28;23;48;2;13;17;17m▎[38;2;11;18;17;48;2;9;13;13m▗[38;2;25;25;21;48;2;10;15;15m▔[38;2;8;12;12;48;2;39;34;28m▅[38;2;10;15;16;48;2;28;27;23m▅[38;2;25;25;26;48;2;12;17;18m▔[38;2;19;20;20;48;2;9;12;14m▕[38;2;9;12;12;48;2;26;24;23m▄[0m
[38;2;6;7;11;48;2;20;21;23m▃[38;2;8;9;12;48;2;25;25;27m▅[38;2;7;9;12;48;2;26;27;30m▅[38;2;9;12;16;48;2;25;25;29m▆[38;2;30;29;30;48;2;10;13;17m▔[38;2;19;21;26;48;2;9;11;14m▔[38;2;3;4;5m▂[38;2;4;5;7;48;2;10;12;16m▃[38;2;7;8;10;48;2;11;14;19m▅[38;2;7;9;11;48;2;12;15;20m▆[38;2;15;20;26;48;2;8;10;14m▂[38;2;16;20;27;48;2;6;8;11m▄[38;2;15;19;26;48;2;5;6;8m▄[38;2;15;18;25;48;2;4;5;7m▅[38;2;16;21;29;48;2;7;9;12m▆[38;2;21;28;38;48;2;13;16;21m▆[38;2;4;5;6;48;2;19;25;35m▁[38;2;6;8;10;48;2;19;26;35m▃[38;2;6;7;9;48;2;21;28;39m▄[38;2;0;0;0;48;2;18;23;33m▄[38;2;1;1;2;48;2;17;22;31m▆[38;2;10;12;18;48;2;0;0;1m▔[38;2;4;4;6m▁[38;2;2;2;3;48;2;0;0;0m▃[38;2;1;1;2;48;2;1;1;1m▕[38;2;3;3;4;48;2;1;1;2m▖[38;2;5;6;8m▁[48;2;1;1;1m▂[38;2;5;6;7;48;2;1;2;2m▁[48;2;2;3;3m [38;2;7;9;9;48;2;3;4;4m▂[38;2;5;6;7;48;2;9;10;11m▂[38;2;15;19;22;48;2;8;10;10m▕[38;2;24;30;36;48;2;18;23;26m▕[38;2;28;34;39;48;2;16;19;23m▆[38;2;28;35;41;48;2;23;28;33m▎[38;2;15;20;21;48;2;5;6;7m▖[38;2;10;12;13;48;2;3;4;5m▂[38;2;5;6;7;48;2;8;10;13m▅[38;2;5;5;6m▅[38;2;3;4;5m▄[38;2;27;32;38;48;2;6;7;9m▁[38;2;21;26;34;48;2;8;11;14m▁[38;2;10;13;17;48;2;6;7;9m▁[38;2;18;23;29;48;2;10;12;13m▔[38;2;33;32;29;48;2;10;13;14m▂[38;2;31;29;26;48;2;13;16;16m▃[38;2;33;31;28;48;2;13;15;16m▆[38;2;31;29;27;48;2;39;37;35m▃[38;2;22;21;20;48;2;47;44;41m▃[38;2;19;19;18m▂[48;2;50;48;45m▂[38;2;24;24;24;48;2;54;54;53m▃[38;2;25;26;25;48;2;58;56;56m▄[38;2;20;21;20;48;2;49;48;48m▃[38;2;30;32;33;48;2;43;42;42m▄[38;2;30;32;36;48;2;38;39;40m▅[38;2;16;18;21;48;2;31;34;37m▂[38;2;18;21;23;48;2;14;16;16m▎[38;2;25;24;17;48;2;14;15;14m▔[38;2;13;14;14;48;2;23;24;21m▄[38;2;24;23;20;48;2;15;17;15m▔[38;2;53;47;40;48;2;17;16;15m▝[38;2;43;39;36;48;2;27;26;26m▘[38;2;38;45;56;48;2;21;26;32m▃[38;2;19;25;33;48;2;34;43;57m▆[38;2;13;17;24;48;2;20;26;34m▃[38;2;12;15;19;48;2;18;25;34m▃[38;2;21;29;34;48;2;11;15;15m▘[38;2;8;12;11;48;2;10;16;16m▆[38;2;7;11;10;48;2;5;7;7m▏[38;2;10;15;14;48;2;8;12;11m▂[38;2;8;12;11;48;2;10;16;15m▅[38;2;4;7;7;48;2;9;14;13m▃[38;2;4;6;6;48;2;7;12;12m▅[38;2;8;14;14;48;2;5;8;9m▗[38;2;8;13;14;48;2;5;9;9m▝[38;2;6;11;12;48;2;4;7;8m▘[38;2;6;11;13;48;2;3;6;7m▗[38;2;3;6;6;48;2;2;3;4m▔[0m
[?25h