[?25l[0m[7m[38;2;0;0;0m [0m[38;2;0;0;1;48;2;0;0;0m▁[38;2;0;0;0;48;2;3;3;4m▊[48;2;3;4;4m▝[38;2;3;3;4;48;2;0;0;0m▂[38;2;0;0;0;48;2;3;3;3m▅[38;2;2;2;2;48;2;3;2;2m▏[38;2;5;5;5;48;2;2;2;1m▃[38;2;5;4;4;48;2;1;0;0m▂[38;2;3;3;3;48;2;0;0;0m▃[38;2;3;2;2m▂[38;2;5;3;3m▂[38;2;6;4;3m▁[38;2;6;5;4m▔[48;2;1;1;1m [38;2;6;4;3;48;2;4;3;3m▕[38;2;0;0;0;48;2;3;3;2m▁[48;2;0;0;0m [38;2;2;1;1m▗[48;2;1;0;0m [38;2;3;2;2;48;2;0;0;0m▂[38;2;5;4;5m▂[38;2;8;7;7;48;2;3;2;3m▁[38;2;2;2;2;48;2;6;5;6m▔[38;2;1;1;1;48;2;8;8;9m▔[38;2;8;8;9;48;2;9;8;8m▍[38;2;11;11;11;48;2;5;5;6m▅[38;2;7;7;8;48;2;12;12;12m▘[38;2;18;17;16;48;2;14;13;12m▃[38;2;21;22;22;48;2;13;13;12m▕[38;2;75;89;99;48;2;30;33;36m▝[38;2;86;95;102;48;2;119;134;147m▏[38;2;124;140;152;48;2;118;135;149m▅[38;2;126;142;155;48;2;118;135;150m▄[38;2;125;141;153;48;2;117;134;148m▄[38;2;123;139;151;48;2;118;135;149m▂[38;2;121;137;149;48;2;117;134;147m▂[38;2;113;127;138;48;2;114;131;145m▗[48;2;113;132;147m▃[38;2;114;129;141;48;2;114;132;147m▖[38;2;119;136;151;48;2;109;129;145m▄[38;2;97;113;121;48;2;111;130;145m▕[38;2;62;70;67;48;2;104;124;139m▄[38;2;42;48;42;48;2;78;91;92m▅[38;2;63;74;72;48;2;37;44;42m▔[38;2;46;56;56;48;2;29;35;33m▔[38;2;45;53;52;48;2;33;39;38m▕[38;2;57;67;70;48;2;71;84;92m▌[38;2;81;94;103;48;2;44;52;53m▆[38;2;53;54;50;48;2;75;88;98m▃[38;2;58;70;78;48;2;43;51;52m▝[38;2;33;40;40;48;2;59;71;76m▃[38;2;38;47;46;48;2;90;105;118m▆[38;2;39;47;46;48;2;73;86;92m▖[38;2;33;40;36;48;2;82;95;103m▔[38;2;90;102;111;48;2;49;58;60m▄[38;2;76;90;99;48;2;48;58;59m▞[38;2;39;48;47;48;2;60;74;79m▂[38;2;52;64;66;48;2;36;45;44m▖[38;2;55;72;80;48;2;32;42;39m▔[38;2;33;42;35;48;2;23;31;27m▗[38;2;29;35;32;48;2;20;28;24m▏[38;2;14;18;16;48;2;18;26;23m▁[38;2;15;22;21;48;2;11;17;16m▏[38;2;18;22;20;48;2;8;13;12m▁[38;2;14;20;19;48;2;10;15;14m▔[38;2;5;8;8;48;2;11;17;16m▏[38;2;21;33;30;48;2;12;20;18m▂[38;2;13;21;19;48;2;13;21;20m▕[38;2;8;14;13;48;2;3;5;6m▘[38;2;9;16;13;48;2;4;6;6m▁[38;2;8;11;10;48;2;3;5;5m▁[38;2;5;8;8;48;2;4;6;6m▕[38;2;13;17;14;48;2;7;11;11m▖[38;2;8;13;13;48;2;3;5;6m▗[38;2;8;13;14;48;2;6;10;10m▔[38;2;8;14;14;48;2;6;9;9m▏[38;2;24;29;23;48;2;7;11;11m▏[38;2;3;5;6;48;2;11;17;16m▏[38;2;6;10;10;48;2;2;3;4m▘[0m
[7m[38;2;0;0;0m [0m[38;2;0;0;0;48;2;0;0;0m [38;2;2;1;1m▕[38;2;2;2;2;48;2;2;1;1m▕[48;2;4;4;5m▆[38;2;4;4;4;48;2;3;3;3m▂[38;2;5;4;4;48;2;1;1;1m▃[38;2;7;7;7;48;2;3;2;2m▂[38;2;4;4;4;48;2;6;6;5m▅[38;2;7;6;6;48;2;5;4;4m▗[48;2;3;2;2m▍[38;2;6;6;6;48;2;0;0;0m▄[38;2;8;7;7;48;2;2;2;2m▃[38;2;9;8;8;48;2;3;3;2m▂[38;2;8;7;6m▂[38;2;7;7;7;48;2;3;2;2m▁[38;2;4;4;3m▕[48;2;6;5;4m [38;2;9;7;6;48;2;3;3;2m▖[38;2;4;4;4;48;2;1;1;1m▁[38;2;2;1;1;48;2;0;0;0m▗[38;2;4;3;4;48;2;1;1;1m▃[38;2;8;7;7;48;2;5;5;5m▔[38;2;11;11;11;48;2;8;8;9m▁[38;2;14;14;14;48;2;10;10;11m▁[48;2;12;12;12m [48;2;13;13;13m [38;2;13;13;12;48;2;13;12;12m▕[38;2;16;16;14;48;2;23;22;19m▋[38;2;28;25;21;48;2;18;17;16m▖[38;2;62;68;72;48;2;30;31;31m▕[38;2;84;89;92;48;2;116;125;131m▎[38;2;123;131;135;48;2;129;140;148m▁[38;2;133;143;150;48;2;127;138;146m▗[38;2;140;150;158;48;2;133;146;156m▃[38;2;139;151;159;48;2;132;147;158m▃[38;2;123;136;147;48;2;136;149;160m▔[38;2;137;150;160;48;2;122;135;145m▅[38;2;134;146;156;48;2;119;131;140m▄[38;2;97;105;102;48;2;123;135;144m▗[38;2;56;59;50;48;2;101;112;117m▄[38;2;38;43;39;48;2;97;109;113m▅[38;2;70;77;75;48;2;46;52;49m▘[38;2;79;90;97;48;2;42;48;46m▃[38;2;105;120;128;48;2;55;63;65m▂[38;2;75;84;88;48;2;52;57;60m▖[38;2;60;67;70;48;2;46;50;49m▘[38;2;90;102;113;48;2;34;37;34m▔[38;2;90;99;101;48;2;36;42;41m▁[38;2;73;82;89;48;2;43;49;45m▝[38;2;46;49;52;48;2;88;98;105m▍[38;2;120;132;141;48;2;61;67;72m▄[38;2;112;124;132;48;2;54;61;64m▅[38;2;107;116;122;48;2;73;81;84m▅[38;2;59;68;69;48;2;101;110;119m▗[38;2;41;50;49;48;2;94;105;112m▄[38;2;69;81;84;48;2;26;33;31m▘[38;2;31;34;32;48;2;17;23;21m▁[38;2;38;44;45;48;2;18;23;22m▂[38;2;44;51;50;48;2;21;28;24m▁[38;2;20;28;24;48;2;25;32;26m▏[38;2;33;41;37;48;2;27;34;32m▁[38;2;34;42;37;48;2;24;30;25m▁[38;2;21;25;24;48;2;23;30;29m▔[38;2;21;25;21;48;2;15;20;18m▗[38;2;16;22;20;48;2;8;13;13m▕[38;2;42;51;52;48;2;19;23;23m▁[38;2;24;33;31;48;2;13;19;19m▖[38;2;11;16;15;48;2;17;23;20m▕[38;2;7;11;11;48;2;6;11;10m▁[38;2;11;17;17;48;2;4;7;6m▗[38;2;11;15;14;48;2;6;10;9m▕[38;2;15;23;22;48;2;7;11;12m▏[38;2;11;15;12;48;2;13;18;15m▕[38;2;17;22;18;48;2;5;8;9m▏[38;2;6;11;11;48;2;6;9;9m▔[38;2;13;17;15;48;2;9;12;12m▁[38;2;20;23;20;48;2;8;12;11m▖[38;2;7;11;10;48;2;15;22;21m▊[38;2;7;12;13;48;2;2;3;4m▍[0m
[38;2;0;0;1;48;2;0;0;0m▗ [38;2;1;0;1m▔[38;2;0;0;0;48;2;9;9;9m▍[38;2;8;8;8;48;2;1;0;0m▅[38;2;10;10;10;48;2;1;1;1m▃[38;2;4;4;4;48;2;3;2;2m▁[38;2;4;3;3;48;2;7;6;6m▆[38;2;6;5;5;48;2;9;9;8m▄[38;2;11;11;10;48;2;6;5;5m▅[38;2;8;8;8;48;2;15;14;13m▊[38;2;19;19;17;48;2;110;108;104m▍[38;2;144;142;136;48;2;23;21;20m▆[38;2;140;138;131;48;2;27;26;25m▅[38;2;141;139;133;48;2;14;13;12m▅[38;2;137;135;129;48;2;16;16;14m▄[38;2;149;148;142;48;2;18;18;16m▃[38;2;123;122;117;48;2;8;8;7m▃[38;2;124;123;114;48;2;9;8;8m▂[38;2;119;118;112;48;2;13;12;11m▁[38;2;12;11;10;48;2;5;5;5m▅[38;2;44;43;43;48;2;8;8;8m▁[38;2;45;43;41;48;2;11;11;11m▁[38;2;24;23;21m▂[38;2;21;20;19;48;2;11;11;10m▄[38;2;23;22;21;48;2;14;14;13m▃[38;2;29;27;25;48;2;18;17;16m▂[38;2;31;30;27;48;2;19;19;17m▂[38;2;33;30;26;48;2;20;20;18m▁[38;2;36;33;27;48;2;28;27;23m▗[38;2;59;58;53;48;2;29;30;29m▁[38;2;63;70;74;48;2;123;125;126m▘[38;2;138;139;137;48;2;128;133;136m▄[38;2;137;137;134;48;2;131;136;138m▂[38;2;133;135;134;48;2;134;140;145m▄[38;2;127;131;133;48;2;140;150;157m▆[38;2;128;133;136;48;2;142;151;158m▅[48;2;142;152;160m▆[38;2;89;92;83;48;2;127;134;137m▗[38;2;74;78;69;48;2;118;128;132m▆[38;2;49;52;45;48;2;86;93;92m▆[38;2;79;81;78;48;2;46;49;46m▁[38;2;74;77;78;48;2;51;55;56m▁[38;2;63;69;68;48;2;87;96;101m▖[38;2;117;127;131;48;2;80;88;93m▅[38;2;69;77;69;48;2;115;126;132m▂[38;2;74;80;80;48;2;100;110;115m▞[38;2;96;104;107;48;2;71;75;78m▄[38;2;127;136;141;48;2;72;76;79m▃[38;2;53;55;52;48;2;100;104;107m▆[38;2;75;85;85;48;2;49;55;51m▝[38;2;37;46;42;48;2;89;101;105m▆[38;2;22;29;27;48;2;83;94;97m▅[38;2;84;95;100;48;2;30;38;34m▘[38;2;60;71;72;48;2;27;33;32m▔[38;2;44;51;49;48;2;30;36;35m▗[38;2;69;76;78;48;2;48;56;56m▕[38;2;51;59;59;48;2;80;87;90m▘[38;2;57;60;60;48;2;92;100;104m▞[38;2;90;100;96;48;2;52;61;57m▖[38;2;35;43;41;48;2;73;83;85m▝[38;2;93;103;107;48;2;50;58;57m▆[38;2;74;83;86;48;2;46;53;53m▎[38;2;30;37;33;48;2;66;75;76m▍[38;2;67;74;72;48;2;20;26;24m▎[38;2;41;47;46;48;2;14;20;17m▏[38;2;25;30;29;48;2;20;26;24m▔[38;2;28;33;32;48;2;18;22;22m▏[38;2;26;30;27;48;2;16;21;19m▁[38;2;16;23;19;48;2;10;16;15m▁[38;2;17;24;24;48;2;12;16;15m▔[38;2;25;28;27;48;2;13;17;16m▏[38;2;28;37;33;48;2;10;15;14m▏[38;2;5;9;10;48;2;17;20;17m▕[38;2;24;27;21;48;2;7;10;10m▗[38;2;24;24;24;48;2;7;9;9m▕[38;2;33;37;30;48;2;15;18;16m▁[38;2;26;27;24;48;2;17;20;19m▏[38;2;9;12;12;48;2;7;10;9m▁[38;2;6;10;11;48;2;1;2;3m▍[0m
[38;2;1;1;1;48;2;0;0;0m▕ [38;2;1;1;0m▗[38;2;1;1;1;48;2;12;12;12m▍[38;2;12;12;13;48;2;5;5;5m▋[38;2;13;13;12;48;2;14;14;14m▂[38;2;8;8;8;48;2;15;15;15m▌[38;2;11;10;10;48;2;3;3;3m▆[38;2;16;16;16;48;2;5;4;4m▃[48;2;8;7;6m▁[38;2;12;11;10;48;2;21;19;17m▊[38;2;49;45;41;48;2;158;149;135m▋[38;2;154;142;123;48;2;163;153;138m▁[38;2;131;122;100;48;2;172;161;146m▁[38;2;153;145;130;48;2;173;164;150m▏[38;2;177;167;152;48;2;166;161;150m▆[38;2;111;106;91;48;2;160;153;141m▗[38;2;97;95;81;48;2;141;137;125m▃[38;2;112;111;100;48;2;77;76;66m▔[38;2;87;86;73;48;2;127;126;117m▅[38;2;16;16;16;48;2;13;12;12m▎[38;2;24;23;21;48;2;151;148;139m▋[38;2;143;143;139;48;2;173;170;160m▔[38;2;57;55;52;48;2;172;169;161m▔[38;2;38;36;31;48;2;167;164;156m▔[38;2;173;170;161;48;2;46;43;40m▆[38;2;167;164;156;48;2;63;61;56m▆[38;2;44;41;37;48;2;168;167;159m▔[38;2;170;168;159;48;2;58;56;51m▅[38;2;159;156;148;48;2;52;50;46m▅[38;2;57;53;45;48;2;152;150;143m▘[38;2;173;171;165;48;2;153;151;145m▆[38;2;176;173;166;48;2;152;149;144m▆[38;2;177;174;166;48;2;158;155;147m▃[38;2;175;172;164;48;2;149;147;140m▃[38;2;165;162;153;48;2;140;140;135m▄[38;2;168;165;157;48;2;140;139;135m▃[38;2;168;165;158;48;2;143;142;137m▃[38;2;159;156;149;48;2;133;134;132m▄[38;2;152;150;144;48;2;103;106;101m▆[38;2;152;152;145;48;2;92;95;88m▅[38;2;72;72;54;48;2;117;120;112m▗[38;2;47;51;41;48;2;88;94;84m▅[38;2;69;76;73;48;2;43;49;40m▔[38;2;31;38;32;48;2;75;83;74m▆[38;2;53;58;46;48;2;28;33;28m▔[38;2;61;63;58;48;2;38;44;40m▁[38;2;48;53;49;48;2;83;92;91m▆[38;2;105;114;115;48;2;69;74;69m▔[38;2;63;61;55;48;2;41;43;34m▖[38;2;51;59;55;48;2;45;47;45m▔[38;2;99;97;94;48;2;47;51;50m▄[38;2;99;98;93;48;2;55;56;55m▄[38;2;82;83;75;48;2;35;36;34m▄[38;2;49;51;46;48;2;62;64;58m▊[38;2;78;81;83;48;2;66;67;62m▔[38;2;80;83;82;48;2;53;53;51m▘[38;2;111;112;109;48;2;69;69;68m▆[38;2;98;101;94;48;2;121;124;123m▂[38;2;90;97;97m▔[38;2;96;99;93;48;2;129;133;135m▃[38;2;81;86;78;48;2;115;119;118m▁[38;2;91;94;93;48;2;113;117;118m▗[38;2;85;88;78;48;2;51;57;49m▖[38;2;71;75;68;48;2;39;44;37m▁[38;2;51;54;52;48;2;32;35;32m▘[38;2;58;62;61;48;2;19;24;24m▗[38;2;41;46;43;48;2;28;34;32m▁[38;2;35;40;35;48;2;17;21;20m▂[38;2;11;14;11;48;2;16;20;17m▔[38;2;31;36;31;48;2;15;19;17m▘[38;2;24;30;25;48;2;12;16;15m▕[38;2;30;34;27;48;2;19;24;20m▕[38;2;47;47;35;48;2;24;27;22m▗[38;2;18;20;18;48;2;8;11;12m▔[38;2;21;22;19;48;2;16;19;16m▏[38;2;63;60;51;48;2;39;41;35m▗[38;2;51;51;45;48;2;34;35;31m▁[38;2;6;9;10;48;2;19;22;19m▋[38;2;8;12;13;48;2;0;0;0m▊[0m
[38;2;0;0;1;48;2;0;0;0m▁[38;2;1;1;1m▍[38;2;0;0;0;48;2;2;2;2m▋[38;2;4;3;3;48;2;16;16;16m▍[38;2;17;17;17;48;2;9;8;8m▋[38;2;19;18;18;48;2;21;21;21m▁[38;2;14;14;14;48;2;21;21;20m▌[38;2;18;17;17;48;2;9;8;8m▊[38;2;19;19;18;48;2;23;23;22m▋[38;2;13;12;12;48;2;24;23;22m▎[38;2;19;17;14;48;2;43;36;28m▊[38;2;61;50;38;48;2;200;179;152m▍[38;2;137;123;101;48;2;198;176;149m▝[38;2;188;165;133;48;2;115;104;82m▁[38;2;134;125;105;48;2;89;83;66m▔[38;2;89;85;69;48;2;163;151;130m▅[38;2;101;94;75;48;2;160;150;130m▅[38;2;140;124;99;48;2;88;84;70m▁[38;2;97;92;80;48;2;85;79;67m▝[38;2;121;108;88;48;2;82;77;65m▁[38;2;16;15;12;48;2;13;13;11m▖[38;2;27;24;21;48;2;151;139;119m▋[38;2;149;135;110;48;2;184;173;155m▂[38;2;116;108;86;48;2;169;159;142m▃[38;2;72;70;57;48;2;168;159;144m▄[38;2;90;85;71;48;2;170;163;149m▆[38;2;139;130;111;48;2;177;166;149m▍[38;2;199;185;166;48;2;190;182;169m▅[38;2;200;186;167;48;2;190;183;169m▅[38;2;199;187;168;48;2;191;184;171m▅[38;2;199;187;169;48;2;190;183;171m▅[38;2;200;187;168m▄[38;2;201;188;170;48;2;188;182;170m▄[38;2;197;187;171;48;2;186;181;170m▄[38;2;194;184;169;48;2;185;180;170m▄[38;2;191;182;168;48;2;179;175;165m▅[38;2;189;182;170;48;2;178;174;165m▆[38;2;190;183;170;48;2;180;176;168m▅[38;2;167;157;135;48;2;181;176;164m▁[38;2;109;104;84;48;2;155;150;137m▃[38;2;55;55;43;48;2;121;119;104m▅[38;2;75;76;56;48;2;43;45;35m▘[38;2;80;77;67;48;2;40;42;35m▁[38;2;98;94;84;48;2;37;39;34m▃[38;2;129;124;114;48;2;62;62;56m▂[38;2;128;123;114;48;2;76;75;68m▃[38;2;124;121;112;48;2;71;71;66m▅[38;2;89;90;83;48;2;123;120;112m▔[38;2;172;167;158;48;2;72;71;66m▅[38;2;81;81;77;48;2;165;160;150m▔[38;2;118;115;108;48;2;94;87;78m▘[38;2;134;128;115;48;2;48;44;39m▂[38;2;99;96;91;48;2;59;57;49m▘[38;2;80;82;69;48;2;49;46;40m▔[38;2;43;42;39;48;2;73;75;67m▆[38;2;64;64;57;48;2;36;36;33m▔[38;2;60;62;58;48;2;44;50;45m▔[38;2;33;39;38;48;2;73;76;70m▆[38;2;79;84;78;48;2;45;52;48m▔[38;2;70;75;68;48;2;38;45;40m▔[38;2;31;38;33;48;2;55;60;51m▆[38;2;67;73;63;48;2;32;40;34m▔[38;2;29;37;31;48;2;64;70;60m▆[38;2;65;70;47;48;2;36;43;34m▔[38;2;33;40;32;48;2;51;57;44m▅[38;2;70;71;59;48;2;36;42;33m▝[38;2;20;25;21;48;2;62;66;62m▊[38;2;46;52;45;48;2;73;76;71m▄[38;2;73;75;69;48;2;49;53;44m▘[38;2;19;26;21;48;2;30;37;30m▋[38;2;31;34;29;48;2;27;29;26m▕[38;2;21;28;25;48;2;32;36;33m▊[38;2;26;29;25;48;2;18;23;19m▘[38;2;40;43;36;48;2;27;30;24m▔[38;2;39;42;37;48;2;9;11;11m▕[38;2;42;42;32;48;2;12;17;16m▝[38;2;74;70;61;48;2;34;35;30m▝[38;2;56;55;49;48;2;46;45;40m▔[38;2;9;12;11;48;2;51;56;42m▋[38;2;17;25;21;48;2;4;7;8m▌[0m
[38;2;0;0;0;48;2;1;1;2m▌[38;2;1;1;2;48;2;1;1;1m▎[38;2;6;5;5m▕[38;2;7;6;6;48;2;21;21;21m▍[38;2;25;25;24;48;2;15;14;14m▋[38;2;35;34;32;48;2;23;23;22m▅[38;2;40;38;36;48;2;24;23;22m▗[38;2;30;28;26;48;2;16;14;13m▊[38;2;48;44;40;48;2;31;30;28m▂[38;2;38;34;30;48;2;30;29;27m▖[38;2;20;18;15;48;2;47;40;30m▊[38;2;62;50;36;48;2;178;154;122m▍[38;2;148;129;103;48;2;212;188;156m▆[38;2;122;107;83;48;2;198;173;141m▅[38;2;151;131;103;48;2;125;109;85m▎[38;2;107;95;73;48;2;69;64;53m▖[38;2;115;105;88;48;2;73;69;56m▔[38;2;98;85;65;48;2;159;139;112m▃[38;2;145;126;102;48;2;117;101;79m▘[38;2;109;95;73;48;2;146;130;107m▆[38;2;25;21;15;48;2;15;14;12m▍[38;2;88;82;66;48;2;40;36;28m▕[38;2;108;101;80;48;2;68;67;55m▔[38;2;84;76;60;48;2;70;67;54m▗[38;2;88;79;65;48;2;78;72;56m▝[38;2;159;142;118;48;2;98;88;69m▝[38;2;105;92;69;48;2;176;157;131m▃[38;2;136;118;89;48;2;193;173;144m▖[38;2;212;190;159;48;2;203;184;160m▆[38;2;219;195;163;48;2;206;186;160m▃[38;2;217;193;160;48;2;208;187;160m▂[38;2;211;188;158;48;2;202;183;158m▄[38;2;214;192;161;48;2;204;184;158m▖[38;2;214;192;162;48;2;205;188;167m▅[38;2;217;196;168;48;2;204;189;168m▄[38;2;217;197;169;48;2;206;190;168m▃[38;2;213;195;170;48;2;201;187;168m▄[38;2;212;194;170;48;2;201;188;169m▄[38;2;161;147;123;48;2;193;179;156m▕[38;2;153;142;117;48;2;102;93;72m▘[38;2;98;89;73;48;2;67;63;49m▁[38;2;135;122;104;48;2;54;52;44m▄[38;2;152;139;121;48;2;73;71;61m▅[38;2;158;146;126;48;2;102;94;82m▄[38;2;120;112;95;48;2;89;86;74m▖[38;2;100;100;87;48;2;61;61;51m▔[38;2;94;88;78;48;2;50;50;43m▂[38;2;118;111;98;48;2;75;72;62m▂[38;2;153;147;136;48;2;112;105;92m▔[38;2;87;88;76;48;2;128;120;107m▂[38;2;78;79;66;48;2;173;165;150m▄[38;2;124;119;102;48;2;88;87;75m▘[38;2;91;88;71;48;2;58;60;52m▘[38;2;69;71;58;48;2;52;54;49m▔[38;2;20;19;19;48;2;47;41;35m▕[38;2;53;52;49;48;2;32;33;31m▕[38;2;58;58;57;48;2;52;54;53m▏[38;2;69;69;70;48;2;44;47;43m▖[38;2;47;56;56;48;2;42;47;44m▁[38;2;35;39;39;48;2;26;30;29m▂[38;2;38;43;39;48;2;23;28;27m▁[38;2;27;30;28;48;2;18;23;22m▂[38;2;32;35;34;48;2;19;24;24m▂[38;2;27;31;30;48;2;18;23;22m▃[38;2;47;50;39;48;2;22;28;23m▍[38;2;23;29;25;48;2;30;37;29m▋[38;2;64;64;45;48;2;25;29;22m▎[38;2;19;24;23;48;2;33;40;37m▆[38;2;29;36;35;48;2;56;57;41m▊[38;2;13;19;14;48;2;33;39;31m▊[38;2;26;27;23;48;2;34;35;30m▔[38;2;34;35;33;48;2;19;24;22m▏[38;2;27;33;28;48;2;14;19;17m▋[38;2;27;30;27;48;2;54;58;45m▊[38;2;30;31;26;48;2;10;15;15m▕[38;2;35;42;32;48;2;8;12;11m▍[38;2;55;55;43;48;2;26;30;24m▘[38;2;81;80;57;48;2;22;26;25m▕[38;2;21;25;20;48;2;55;58;44m▋[38;2;22;30;24;48;2;5;8;7m▌[0m
[38;2;0;0;0;48;2;2;2;3m▍[38;2;3;3;4;48;2;2;1;2m▍[38;2;7;7;7;48;2;3;3;3m▗[38;2;11;10;9;48;2;35;35;33m▍[38;2;39;37;34;48;2;22;20;19m▋[38;2;57;54;49;48;2;39;37;34m▅[38;2;40;37;33;48;2;59;54;48m▌[38;2;57;51;44;48;2;32;28;24m▊[38;2;79;69;58;48;2;61;55;48m▆[38;2;64;56;48;48;2;40;38;35m▋[38;2;28;28;29;48;2;18;16;14m▏[38;2;41;34;26;48;2;97;85;68m▍[38;2;173;150;118;48;2;118;101;76m▔[38;2;161;138;102;48;2;131;113;83m▍[38;2;119;104;78;48;2;100;87;65m▏[38;2;129;112;83;48;2;92;81;62m▃[38;2;54;52;43;48;2;77;70;57m▏[38;2;87;78;61;48;2;63;60;50m▂[38;2;106;92;69;48;2;58;57;49m▔[38;2;119;104;78;48;2;63;61;50m▔[38;2;26;21;14;48;2;14;13;12m▏[38;2;91;78;61;48;2;44;39;32m▗[38;2;74;69;56;48;2;55;54;46m▕[38;2;117;103;81;48;2;67;63;50m▕[38;2;123;108;83;48;2;88;78;59m▏[38;2;90;78;62;48;2;119;102;78m▏[38;2;213;189;151;48;2;139;118;85m▄[38;2;197;172;136;48;2;231;206;166m▔[38;2;246;231;199;48;2;238;214;174m▂[38;2;248;240;214;48;2;237;213;174m▂[38;2;215;182;135;48;2;231;206;168m▗[38;2;174;144;107;48;2;214;189;154m▅[38;2;155;131;100;48;2;216;191;157m▆[38;2;191;165;131;48;2;225;201;166m▁[38;2;236;212;177;48;2;222;198;166m▆[38;2;222;200;169;48;2;232;208;174m▔[38;2;205;179;151;48;2;227;206;175m▃[38;2;216;196;169;48;2;228;204;173m▔[38;2;204;184;156;48;2;224;201;168m▔[38;2;214;190;158;48;2;138;124;99m▅[38;2;210;187;157;48;2;120;108;90m▆[38;2;165;148;128;48;2;203;179;150m▔[38;2;150;127;96;48;2;183;161;132m▁[38;2;160;140;113;48;2;124;109;87m▎[38;2;135;117;95;48;2;114;99;80m▖[38;2;142;125;103;48;2;117;104;88m▗[38;2;140;123;94;48;2;158;143;124m▂[38;2;83;81;62;48;2;148;136;116m▃[38;2;104;99;74;48;2;71;70;56m▖[38;2;65;65;58;48;2;56;57;47m▕[38;2;65;65;57;48;2;37;40;36m▃[38;2;74;71;68;48;2;42;43;40m▁[38;2;69;71;75;48;2;40;42;39m▃[38;2;59;62;65;48;2;45;45;43m▃[38;2;57;51;44;48;2;40;35;30m▍[38;2;53;58;63;48;2;30;29;29m▝[38;2;44;43;42;48;2;57;62;69m▃[38;2;56;62;63;48;2;39;42;43m▘[38;2;53;47;41;48;2;36;39;38m▂[38;2;47;46;39;48;2;27;26;26m▝[38;2;37;41;41;48;2;26;26;26m▁[38;2;62;66;60;48;2;30;34;33m▗[38;2;71;72;68;48;2;50;54;52m▕[38;2;59;60;57;48;2;53;55;52m▏[38;2;59;62;59;48;2;40;43;37m▖[38;2;27;33;32;48;2;33;36;35m▁[38;2;66;65;51;48;2;35;40;31m▘[38;2;22;26;27;48;2;17;21;21m▔[38;2;62;65;46;48;2;23;28;26m▕[38;2;27;35;26;48;2;8;12;12m▏[38;2;46;48;39;48;2;37;39;33m▗[38;2;11;14;15;48;2;34;37;32m▌[38;2;42;46;43;48;2;24;28;25m▕[38;2;38;40;38;48;2;80;84;63m▊[38;2;33;41;30;48;2;15;20;19m▏[38;2;40;43;36;48;2;21;28;23m▖[38;2;43;45;38;48;2;15;19;19m▕[38;2;40;46;36;48;2;18;22;20m▎[38;2;53;58;43;48;2;33;39;30m▗[38;2;24;30;24;48;2;17;21;16m▘[0m
[38;2;0;0;0;48;2;3;3;4m▏[38;2;5;5;6m▖[38;2;4;4;4;48;2;9;8;8m▋[38;2;12;12;11;48;2;39;38;35m▍[38;2;49;46;42;48;2;26;25;23m▋[38;2;57;53;49;48;2;70;64;57m▘[38;2;60;54;46;48;2;85;75;62m▌[38;2;85;74;61;48;2;46;39;32m▊[38;2;88;76;62;48;2;108;92;74m▗[38;2;87;76;62;48;2;52;48;44m▋[38;2;30;32;33;48;2;15;14;13m▏[38;2;26;25;24;48;2;45;44;42m▁[38;2;65;62;60;48;2;45;47;49m▗[38;2;53;54;54;48;2;67;66;64m▋[38;2;73;69;58;48;2;62;61;57m▕[38;2;86;80;66;48;2;68;65;56m▏[38;2;55;54;43;48;2;62;60;50m▕[38;2;46;48;41;48;2;58;58;48m▁[38;2;35;38;36;48;2;51;52;46m▁[38;2;57;54;47;48;2;47;48;44m▔[38;2;38;31;21;48;2;13;12;11m▏[38;2;29;25;20;48;2;82;72;58m▍[38;2;41;46;41;48;2;36;38;35m▘[38;2;40;42;39;48;2;48;50;44m▌[38;2;53;52;43;48;2;70;68;53m▆[38;2;90;81;60;48;2;63;61;52m▝[38;2;145;123;94;48;2;95;84;66m▔[38;2;128;105;80;48;2;213;191;158m▅[38;2;179;144;108;48;2;246;235;214m▄[38;2;171;136;100;48;2;246;236;213m▂[38;2;169;132;89;48;2;236;212;169m▂[38;2;157;124;86;48;2;225;196;150m▅[38;2;136;112;83;48;2;200;171;129m▅[38;2;144;120;91;48;2;212;186;146m▆[38;2;155;133;109;48;2;228;203;165m▂[38;2;153;130;106;48;2;230;204;166m▂[38;2;149;127;104;48;2;228;200;163m▂[38;2;144;123;101;48;2;220;192;158m▂[38;2;141;120;97;48;2;209;182;147m▃[38;2;132;114;92;48;2;203;176;144m▄[38;2;106;95;72;48;2;170;148;119m▄[38;2;91;81;63;48;2;152;129;101m▆[38;2;85;77;64;48;2;155;133;104m▆[38;2;141;121;95;48;2;107;94;78m▝[38;2;128;112;92;48;2;105;93;78m▕[38;2;122;108;89;48;2;105;95;76m▘[38;2;135;120;93;48;2;64;62;50m▔[38;2;60;60;50;48;2;51;51;45m▏[38;2;63;64;59;48;2;51;50;46m▘[38;2;50;47;46;48;2;77;76;75m▃[38;2;50;48;47;48;2;100;94;89m▃[38;2;39;38;40;48;2;88;87;87m▂[38;2;43;45;47;48;2;89;90;93m▃[38;2;36;38;40;48;2;78;82;86m▃[38;2;35;37;40;48;2;66;70;73m▃[38;2;58;61;57;48;2;39;40;38m▏[38;2;40;45;43;48;2;28;25;24m▃[38;2;38;38;33;48;2;26;24;22m▂[38;2;35;32;30;48;2;23;22;22m▘[38;2;24;25;25;48;2;36;40;40m▍[38;2;42;48;48;48;2;33;39;38m▍[38;2;29;34;34;48;2;32;37;38m▏[38;2;45;52;56m▔[38;2;57;64;65;48;2;39;44;44m▔[38;2;43;49;50;48;2;72;74;57m▊[38;2;22;29;27;48;2;38;44;42m▋[38;2;57;58;44;48;2;45;49;41m▝[38;2;10;14;13;48;2;32;37;32m▋[38;2;41;43;38;48;2;32;35;31m▞[38;2;72;72;48;48;2;8;12;11m▏[38;2;64;63;49;48;2;34;36;31m▕[38;2;59;58;42;48;2;25;28;27m▏[38;2;53;54;43;48;2;37;40;35m▗[38;2;82;85;61;48;2;33;36;34m▕[38;2;36;44;34;48;2;21;27;23m▂[38;2;36;43;39;48;2;27;32;27m▁[38;2;8;12;11;48;2;23;30;27m▘[38;2;32;38;30;48;2;24;29;26m▗[38;2;55;60;46;48;2;32;38;29m▝[38;2;19;24;18;48;2;15;20;16m▔[0m
[38;2;1;2;3;48;2;3;3;5m▏[38;2;6;6;7;48;2;5;5;6m▁[38;2;11;10;9;48;2;7;7;7m▗[38;2;16;15;13;48;2;42;41;38m▍[38;2;52;50;46;48;2;28;27;25m▋[38;2;57;54;49;48;2;71;66;59m▖[38;2;66;60;52;48;2;93;81;68m▌[38;2;32;26;21;48;2;88;78;65m▕[38;2;71;64;54;48;2;108;94;77m▂[38;2;105;94;78;48;2;63;58;51m▏[38;2;32;34;35;48;2;14;13;13m▏[38;2;28;25;21;48;2;20;20;20m▘[38;2;25;26;27;48;2;18;19;21m▝[38;2;17;19;21;48;2;23;25;27m▆[38;2;33;38;42;48;2;21;23;24m▔[38;2;65;64;63;48;2;31;34;35m▔[38;2;28;31;32;48;2;46;53;58m▆[38;2;55;56;51;48;2;36;39;37m▔[38;2;52;52;42;48;2;44;46;40m▔[38;2;54;54;48;48;2;44;46;41m▘[38;2;25;22;16;48;2;9;9;9m▏[38;2;58;51;42;48;2;44;40;34m▔[38;2;33;39;38;48;2;41;46;42m▄[38;2;46;50;47;48;2;62;64;55m▊[38;2;60;65;63;48;2;50;51;46m▃[38;2;60;62;58;48;2;69;70;63m▎[38;2;68;64;50;48;2;71;71;68m▔[38;2;77;81;84;48;2;76;70;64m▁[38;2;75;70;64;48;2;104;83;63m▆[38;2;77;69;62;48;2;122;100;80m▆[38;2;72;67;63;48;2;108;92;77m▅[38;2;71;68;59;48;2;111;93;71m▆[38;2;90;78;64;48;2;64;61;53m▝[38;2;73;68;59;48;2;147;126;101m▆[38;2;87;80;67;48;2;167;143;117m▆[38;2;95;86;73;48;2;113;99;87m▄[38;2;114;102;89;48;2;100;89;77m▁[38;2;94;85;76;48;2;101;90;81m▅[38;2;108;99;87;48;2;93;86;77m▁[38;2;81;75;59;48;2;98;90;73m▗[38;2;72;69;55;48;2;87;81;63m▅[38;2;63;62;51;48;2;56;55;49m▘[38;2;60;61;55;48;2;52;53;50m▝[38;2;72;70;66;48;2;59;60;56m▕[38;2;68;68;68;48;2;89;84;77m▆[38;2;90;88;85;48;2;63;63;63m▘[38;2;72;73;72;48;2;48;46;44m▂[38;2;91;82;69;48;2;52;51;50m▁[38;2;43;42;40;48;2;56;58;60m▆[38;2;41;41;41;48;2;49;52;55m▆[38;2;39;39;40;48;2;48;51;55m▆[38;2;37;38;38;48;2;45;48;52m▆[48;2;44;49;54m▆[38;2;37;38;39;48;2;45;49;54m▆[38;2;36;38;39;48;2;42;47;52m▆[38;2;34;37;38;48;2;39;43;41m▕[38;2;50;52;51;48;2;37;41;41m▁[38;2;55;59;52;48;2;41;44;42m▂[38;2;62;60;52;48;2;39;34;30m▖[38;2;26;28;30;48;2;23;23;24m▕[38;2;46;52;53;48;2;32;36;37m▗[38;2;47;52;55;48;2;38;43;43m▗[38;2;48;55;54;48;2;35;40;41m▃[38;2;44;50;51;48;2;36;40;42m▄[38;2;55;60;59;48;2;45;51;51m▁[38;2;79;80;62;48;2;31;37;34m▎[38;2;56;57;53;48;2;80;80;61m▊[38;2;15;20;17;48;2;47;48;46m▊[38;2;66;66;63;48;2;52;51;48m▃[38;2;82;81;59;48;2;12;17;15m▎[38;2;30;32;30;48;2;53;54;50m▏[38;2;57;58;48;48;2;24;30;28m▍[38;2;45;49;46;48;2;38;41;37m▏[38;2;63;68;49;48;2;31;36;30m▕[38;2;41;49;41;48;2;17;21;21m▏[38;2;30;33;30;48;2;9;13;12m▊[38;2;13;17;15;48;2;7;11;11m▕[38;2;16;19;19;48;2;41;47;35m▊[38;2;19;24;18;48;2;45;50;37m▌[38;2;17;22;19;48;2;8;11;10m▎[0m
[38;2;1;0;2;48;2;3;3;4m▏[38;2;3;3;4;48;2;7;7;8m▍[38;2;14;12;12;48;2;10;9;10m▔[38;2;21;19;18;48;2;41;41;41m▌[38;2;46;46;45;48;2;24;24;24m▋[38;2;46;46;44;48;2;58;57;54m▃[38;2;43;42;40;48;2;62;61;57m▋[38;2;38;36;34;48;2;50;49;47m▍[38;2;42;43;44;48;2;62;59;54m▄[38;2;54;55;55;48;2;39;40;41m▏[38;2;31;35;38;48;2;12;12;12m▏[38;2;18;17;17;48;2;26;29;31m▍[38;2;29;34;36;48;2;21;24;26m▃[38;2;26;30;32;48;2;20;23;25m▄[38;2;30;32;32m▕[38;2;37;40;39;48;2;27;31;32m▔[38;2;58;59;47;48;2;26;31;32m▔[38;2;27;32;33;48;2;38;43;39m▆[38;2;40;43;42;48;2;32;36;36m▝[38;2;44;47;44;48;2;35;39;37m▁[38;2;16;16;14;48;2;8;8;9m▏[38;2;23;21;18;48;2;55;53;45m▋[38;2;46;49;46;48;2;38;41;39m▁[38;2;62;59;54;48;2;40;42;41m▝[38;2;52;52;50;48;2;58;59;55m▊[38;2;64;68;71;48;2;56;55;51m▔[38;2;72;77;82;48;2;54;53;49m▔[38;2;80;84;90;48;2;56;54;49m▔[38;2;83;86;90m▔[38;2;81;84;90;48;2;58;56;51m▔[38;2;43;46;43;48;2;67;66;61m▅[38;2;33;38;37;48;2;58;59;53m▅[38;2;29;33;32;48;2;54;54;47m▅[38;2;29;33;31;48;2;50;53;46m▅[38;2;60;60;55;48;2;38;40;37m▔[38;2;66;65;58;48;2;44;46;41m▝[38;2;51;50;45;48;2;105;97;86m▅[38;2;58;55;50;48;2;118;108;96m▅[38;2;57;54;48;48;2;114;104;85m▅[38;2;52;50;45;48;2;82;77;64m▅[38;2;61;58;52;48;2;58;56;50m▁[38;2;60;57;51;48;2;57;55;50m▏[38;2;57;56;52;48;2;51;49;46m▘[38;2;39;40;36;48;2;62;62;54m▅[38;2;31;35;32;48;2;65;63;53m▅[38;2;66;65;60;48;2;42;44;40m▔[38;2;45;45;41;48;2;69;67;64m▅[38;2;48;48;43;48;2;104;93;77m▅[38;2;46;46;43;48;2;73;69;62m▅[38;2;46;46;42;48;2;70;68;64m▅[38;2;52;51;47;48;2;46;46;44m▏[38;2;44;43;41;48;2;46;46;43m▏[38;2;48;48;46;48;2;44;44;42m▏[38;2;55;53;50;48;2;44;46;42m▔[38;2;61;58;52;48;2;39;41;38m▝[38;2;63;62;56;48;2;40;42;40m▘[38;2;39;42;39;48;2;60;61;56m▄[38;2;38;39;39;48;2;61;63;57m▅[38;2;41;45;42;48;2;54;55;52m▅[38;2;44;42;39;48;2;28;27;26m▖[38;2;65;67;53;48;2;24;26;27m▁[38;2;33;36;38;48;2;54;58;60m▄[38;2;50;53;54;48;2;62;69;66m▅[38;2;45;49;49;48;2;61;66;66m▅[38;2;44;47;49;48;2;66;71;71m▅[38;2;64;67;60;48;2;23;29;25m▌[38;2;46;48;47;48;2;62;61;56m▏[38;2;87;89;62;48;2;20;24;21m▏[38;2;55;55;52;48;2;70;70;65m▅[38;2;66;67;55;48;2;10;14;14m▍[38;2;15;18;17;48;2;48;50;45m▎[38;2;53;54;46;48;2;28;33;30m▘[38;2;17;20;20;48;2;32;35;33m▏[38;2;51;53;41;48;2;32;35;30m▗[38;2;8;14;14;48;2;20;25;27m▊[38;2;21;24;24;48;2;38;43;33m▋[38;2;5;8;9;48;2;9;13;14m▋[38;2;18;22;20;48;2;13;17;18m▕[38;2;48;53;39;48;2;27;34;26m▋[38;2;13;19;17;48;2;8;11;10m▎[0m
[38;2;5;5;7;48;2;3;3;4m▕[38;2;9;9;11;48;2;6;6;8m▗[38;2;10;10;11;48;2;5;5;5m▊[38;2;15;14;13;48;2;34;36;39m▌[38;2;35;38;40;48;2;14;14;15m▊[38;2;22;22;23;48;2;43;46;48m▁[38;2;25;26;26;48;2;38;40;42m▁[38;2;11;13;15;48;2;36;38;41m▕[38;2;30;29;30;48;2;40;43;46m▏[38;2;29;31;34;48;2;39;43;46m▍[38;2;22;26;30;48;2;11;11;11m▎[38;2;20;20;19;48;2;41;46;48m▍[38;2;43;50;53;48;2;36;42;45m▅[38;2;40;46;49;48;2;32;38;41m▖[38;2;18;22;25;48;2;28;30;32m▌[38;2;25;28;29;48;2;29;33;33m▌[38;2;18;25;25;48;2;30;34;35m▏[38;2;32;37;38;48;2;31;35;36m▄[38;2;23;28;30;48;2;35;40;40m▁[38;2;26;31;32;48;2;39;42;40m▁[38;2;17;18;18;48;2;6;6;8m▏[38;2;19;17;16;48;2;51;50;44m▋[38;2;62;62;53;48;2;48;49;48m▕[38;2;35;37;38;48;2;45;47;47m▁[38;2;28;30;30;48;2;46;47;46m▁[38;2;40;41;40;48;2;53;54;52m▆[38;2;32;36;35;48;2;48;50;48m▅[38;2;31;38;38;48;2;51;52;49m▅[38;2;26;35;35;48;2;49;56;55m▄[38;2;28;35;36;48;2;47;50;48m▄[38;2;27;34;36;48;2;42;47;45m▃[38;2;29;35;36;48;2;35;39;38m▁[38;2;35;38;34;48;2;28;32;31m▝[38;2;32;34;32;48;2;29;31;30m▝[38;2;33;36;35;48;2;31;33;31m▂[38;2;26;28;27;48;2;37;40;37m▏[38;2;53;53;50;48;2;44;44;40m▗[38;2;62;61;56;48;2;53;51;45m▄[38;2;65;63;58;48;2;55;54;49m▃[38;2;63;62;56;48;2;52;51;47m▄[38;2;60;59;54;48;2;66;64;59m▊[38;2;70;69;63;48;2;62;60;54m▕[38;2;64;62;57;48;2;60;59;54m▖[38;2;54;52;48;48;2;42;42;39m▎[38;2;37;39;36;48;2;30;33;31m▏[38;2;38;36;35;48;2;39;40;37m▁[38;2;34;35;35;48;2;46;46;42m▁[38;2;47;46;43;48;2;42;43;41m▃[38;2;32;33;33;48;2;45;45;43m▁[38;2;44;45;43;48;2;46;46;43m▏[38;2;30;32;32;48;2;49;48;44m▁[38;2;28;30;31;48;2;48;48;45m▁[38;2;30;31;32;48;2;47;47;45m▁[38;2;39;44;40;48;2;31;36;34m▋[38;2;27;31;31;48;2;39;42;39m▁[38;2;22;26;28;48;2;36;39;38m▁[38;2;38;41;40;48;2;43;46;43m▄[38;2;50;53;48;48;2;37;42;41m▁[38;2;81;83;64;48;2;43;46;44m▗[38;2;84;85;58;48;2;62;63;55m▖[38;2;75;74;59;48;2;34;40;36m▏[38;2;31;41;39;48;2;20;25;24m▂[38;2;22;28;29;48;2;42;47;49m▆[38;2;28;37;39;48;2;41;46;48m▆[38;2;25;32;34;48;2;38;45;46m▅[38;2;46;49;36;48;2;40;47;45m▝[38;2;23;30;30;48;2;41;47;44m▅[38;2;64;67;50;48;2;12;17;13m▍[38;2;9;10;11;48;2;37;42;40m▏[38;2;52;57;44;48;2;22;27;23m▘[38;2;8;11;10;48;2;31;38;33m▍[38;2;35;41;33;48;2;27;34;29m▝[38;2;16;22;20;48;2;33;37;33m▆[38;2;67;69;48;48;2;20;25;22m▕[38;2;41;43;31;48;2;14;19;17m▎[38;2;10;14;15;48;2;41;45;34m▊[38;2;18;24;19;48;2;5;8;8m▏[38;2;14;18;20;48;2;10;15;16m▔[38;2;38;42;33;48;2;24;31;24m▋[38;2;5;8;8;48;2;30;39;29m▊[0m
[38;2;3;4;5;48;2;2;2;5m▝[38;2;7;7;8;48;2;5;5;7m▕[38;2;5;5;6;48;2;8;8;9m▃[38;2;11;11;11;48;2;29;33;37m▌[38;2;32;36;40;48;2;11;13;15m▊[38;2;33;36;39;48;2;37;42;45m▏[38;2;32;35;39;48;2;33;37;40m▔[38;2;22;24;27;48;2;35;39;44m▍[38;2;23;22;25;48;2;38;42;45m▏[38;2;29;32;35;48;2;38;42;46m▍[38;2;23;27;31;48;2;11;11;11m▎[38;2;20;20;20;48;2;45;52;54m▍[38;2;49;58;62;48;2;46;54;58m▝[38;2;44;52;55;48;2;38;46;49m▌[38;2;32;39;41;48;2;23;26;29m▏[38;2;29;32;33;48;2;23;28;29m▌[38;2;22;27;28;48;2;28;33;34m▂[38;2;19;24;26;48;2;27;32;34m▁[38;2;24;31;31;48;2;37;40;41m▋[38;2;30;36;36;48;2;35;40;39m▆[38;2;16;18;18;48;2;7;7;9m▏[38;2;8;8;9;48;2;46;43;38m▍[38;2;48;50;49;48;2;82;75;63m▊[38;2;35;38;39;48;2;47;48;47m▏[38;2;34;38;38;48;2;41;43;42m▄[38;2;27;32;32;48;2;38;40;39m▅[38;2;21;27;27;48;2;25;33;33m▅[38;2;20;24;25;48;2;21;29;30m▆[38;2;19;24;25;48;2;19;23;24m▝[38;2;25;33;34;48;2;21;26;27m▕[38;2;42;55;56;48;2;26;33;33m▔[38;2;29;37;38;48;2;23;31;31m▔[38;2;29;34;35;48;2;23;29;30m▔[38;2;26;32;32;48;2;25;29;29m▄[38;2;32;35;34;48;2;27;32;31m▝[38;2;30;35;33;48;2;42;44;41m▋[38;2;41;43;41;48;2;46;47;43m▄[48;2;55;55;51m▅[38;2;40;43;42;48;2;59;59;55m▅[38;2;50;53;50;48;2;72;71;65m▅[38;2;57;60;57;48;2;71;70;64m▄[38;2;59;58;53;48;2;69;70;67m▔[38;2;67;69;66;48;2;63;63;58m▄[38;2;62;62;58;48;2;49;51;47m▎[38;2;31;35;32;48;2;41;43;41m▔[38;2;60;62;60;48;2;57;56;51m▁[38;2;56;56;52;48;2;51;51;47m▂[38;2;41;40;35;48;2;53;54;51m▔[38;2;66;64;55;48;2;48;50;48m▏[38;2;37;37;35;48;2;47;49;46m▔[38;2;48;49;46;48;2;44;45;42m▖[38;2;46;48;45;48;2;40;43;42m▏[38;2;42;46;46;48;2;41;44;44m▕[38;2;31;38;38;48;2;36;40;40m▁[38;2;35;41;41;48;2;40;44;43m▁[38;2;49;54;47;48;2;39;44;43m▕[38;2;35;41;39;48;2;42;47;42m▕[38;2;49;56;43;48;2;38;45;41m▖[38;2;34;39;35;48;2;30;35;32m▎[38;2;73;66;57;48;2;26;27;25m▁[38;2;26;29;29;48;2;15;17;18m▂[38;2;21;24;23;48;2;11;12;13m▁[38;2;29;36;32;48;2;18;20;20m▁[38;2;19;24;25;48;2;23;33;34m▊[38;2;19;29;31;48;2;25;34;37m▄[38;2;20;29;31;48;2;59;61;47m▊[38;2;22;28;31;48;2;16;23;22m▝[38;2;47;49;41;48;2;24;28;23m▖[38;2;36;43;40;48;2;22;27;25m▕[38;2;14;18;14;48;2;37;41;33m▕[38;2;51;58;48;48;2;20;25;20m▝[38;2;40;45;33;48;2;25;32;28m▕[38;2;14;21;21;48;2;9;13;14m▁[38;2;62;68;51;48;2;12;15;15m▕[38;2;32;37;30;48;2;22;27;22m▗[38;2;26;30;25;48;2;9;12;13m▕[38;2;22;29;25;48;2;4;6;8m▎[38;2;10;12;14;48;2;7;9;10m▕[38;2;40;41;34;48;2;31;36;29m▘[38;2;20;31;26;48;2;6;10;11m▕[0m
[38;2;2;2;5;48;2;2;2;4m▍[38;2;5;5;7;48;2;3;3;5m▕[38;2;8;9;10;48;2;5;5;7m▗[38;2;18;20;22;48;2;12;12;14m▔[38;2;26;30;33;48;2;16;17;18m▔[38;2;34;38;41;48;2;18;18;18m▔[38;2;13;13;14;48;2;24;24;25m▃[38;2;11;11;12;48;2;26;26;25m▂[38;2;14;14;14;48;2;30;28;27m▃[38;2;15;15;15;48;2;31;29;27m▃[38;2;19;19;19;48;2;11;11;12m▘[38;2;24;24;22;48;2;38;42;44m▍[38;2;36;42;45;48;2;45;54;59m▆[38;2;37;44;47;48;2;32;39;42m▌[38;2;28;34;37;48;2;24;29;31m▗[38;2;27;31;33;48;2;20;26;28m▌[38;2;28;32;33;48;2;22;28;30m▔[38;2;20;26;28;48;2;23;30;31m▕[38;2;26;34;36;48;2;21;28;30m▎[38;2;29;35;36;48;2;22;29;30m▔[38;2;17;20;21;48;2;8;9;10m▏[38;2;10;10;11;48;2;40;38;32m▍[38;2;42;43;41;48;2;23;30;31m▝[38;2;23;29;30;48;2;34;37;38m▅[38;2;19;25;27;48;2;29;35;36m▃[38;2;28;36;37;48;2;24;31;32m▕[38;2;24;30;31;48;2;21;26;27m▖[38;2;28;34;35;48;2;22;26;27m▃[38;2;29;36;36;48;2;22;26;28m▃[38;2;28;36;38;48;2;23;28;29m▂[38;2;29;35;37;48;2;25;29;31m▖[38;2;27;33;34;48;2;23;27;28m▂[48;2;24;29;30m▕[38;2;29;37;35;48;2;27;31;31m▗[38;2;31;39;40;48;2;28;31;33m▂[38;2;37;40;39;48;2;30;37;37m▔[38;2;26;34;35;48;2;34;40;39m▄[38;2;38;46;46;48;2;35;42;41m▗[38;2;61;73;73;48;2;34;38;39m▃[38;2;44;51;54;48;2;36;40;41m▖[38;2;47;50;50;48;2;38;44;45m▔[38;2;51;56;57;48;2;42;48;49m▝[38;2;48;54;56;48;2;59;63;63m▄[38;2;56;61;61;48;2;54;58;58m▍[38;2;54;60;61;48;2;46;49;50m▂[38;2;53;55;55;48;2;62;64;62m▕[38;2;57;62;63;48;2;52;54;52m▃[38;2;57;62;61;48;2;47;49;47m▄[38;2;55;61;59;48;2;48;50;49m▄[38;2;53;59;60;48;2;48;52;51m▁[38;2;54;60;59;48;2;42;46;45m▄[38;2;45;53;54;48;2;40;47;48m▞[38;2;42;49;50;48;2;37;45;46m▔[38;2;42;53;50;48;2;34;43;44m▗[38;2;57;62;53;48;2;49;56;52m▕[38;2;39;44;38;48;2;61;67;57m▆[38;2;53;60;47;48;2;29;37;32m▏[38;2;90;93;79;48;2;27;33;31m▁[38;2;54;61;52;48;2;38;41;36m▁[38;2;37;38;32;48;2;81;77;61m▅[38;2;16;18;17;48;2;32;36;32m▄[38;2;10;11;13;48;2;19;24;22m▃[38;2;25;32;28;48;2;17;22;23m▔[38;2;28;38;37;48;2;16;23;24m▔[38;2;25;36;33;48;2;15;23;25m▂[38;2;16;25;27;48;2;25;34;33m▊[38;2;46;53;41;48;2;13;19;19m▎[38;2;31;35;31;48;2;26;32;28m▂[38;2;3;6;6;48;2;19;25;24m▏[38;2;20;25;21;48;2;25;31;26m▔[38;2;4;6;7;48;2;20;29;26m▋[38;2;33;39;32;48;2;15;21;22m▕[38;2;42;50;40;48;2;14;21;19m▏[38;2;56;63;47;48;2;17;23;22m▕[38;2;34;43;33;48;2;16;21;19m▏[38;2;28;37;31;48;2;12;18;18m▏[38;2;27;34;30;48;2;6;10;10m▍[38;2;12;14;16;48;2;7;10;12m▕[38;2;22;27;23;48;2;27;32;26m▁[38;2;8;14;14;48;2;5;9;10m▝[0m
[38;2;1;1;4;48;2;1;1;3m▊[38;2;4;4;6;48;2;9;10;11m▊[38;2;2;2;3;48;2;9;9;11m▕[38;2;12;12;14;48;2;8;8;10m▌[38;2;17;17;18;48;2;10;10;12m▕[38;2;10;11;12;48;2;14;14;15m▔[38;2;18;18;18;48;2;15;16;15m▄[38;2;20;20;19;48;2;18;18;18m▕[38;2;15;14;15;48;2;20;20;20m▏[38;2;20;20;21;48;2;17;17;17m▎[38;2;19;19;21;48;2;9;9;10m▕[38;2;24;24;24;48;2;39;46;49m▌[38;2;44;53;58;48;2;40;48;51m▃[38;2;42;51;54;48;2;36;44;47m▄[38;2;36;45;49;48;2;30;36;39m▅[38;2;35;46;48;48;2;28;36;37m▄[38;2;39;50;52;48;2;29;38;41m▃[38;2;40;52;55;48;2;26;34;37m▃[38;2;37;47;50;48;2;26;35;37m▄[38;2;33;43;46;48;2;24;32;34m▄[38;2;21;29;31;48;2;10;10;12m▏[38;2;13;13;13;48;2;34;34;30m▌[38;2;34;46;49;48;2;21;29;30m▄[38;2;39;51;57;48;2;26;34;36m▂[38;2;39;52;57;48;2;26;34;35m▂[38;2;37;48;51;48;2;22;29;31m▃[38;2;36;47;50;48;2;32;41;43m▕[38;2;44;57;56;48;2;38;50;53m▝[38;2;43;56;61;48;2;36;46;44m▅[38;2;45;56;62;48;2;27;34;35m▅[38;2;44;55;60;48;2;30;37;38m▖[38;2;42;53;53;48;2;28;35;36m▖[38;2;38;48;47m▖[38;2;31;42;41;48;2;29;37;38m▁[38;2;37;49;50;48;2;28;35;37m▖[38;2;30;38;40;48;2;38;49;52m▊[38;2;36;47;49;48;2;29;36;38m▅[38;2;44;54;56;48;2;36;44;47m▝[38;2;39;45;47;48;2;32;38;39m▝[38;2;31;37;39;48;2;42;50;53m▅[38;2;53;64;65;48;2;41;50;51m▝[38;2;39;46;47;48;2;48;59;61m▃[38;2;45;52;54;48;2;38;47;48m▎[38;2;43;51;53;48;2;50;56;58m▆[38;2;39;46;48;48;2;49;56;58m▅[38;2;39;47;47;48;2;56;60;61m▁[38;2;40;49;50;48;2;56;62;64m▃[38;2;46;55;57;48;2;62;68;70m▄[38;2;51;60;63;48;2;62;70;73m▅[38;2;54;66;68;48;2;62;70;74m▅[38;2;90;98;90;48;2;62;75;78m▁[38;2;58;70;70;48;2;49;60;58m▌[38;2;52;59;48;48;2;40;50;50m▁[38;2;32;39;36;48;2;39;47;43m▕[38;2;44;51;44;48;2;32;39;34m▏[38;2;103;107;95;48;2;35;41;36m▂[38;2;125;125;120;48;2;82;84;73m▗[38;2;94;97;85;48;2;82;84;72m▝[38;2;64;68;49;48;2;42;46;40m▏[38;2;29;33;32;48;2;101;96;78m▌[38;2;73;71;59;48;2;32;35;34m▎[38;2;32;37;38;48;2;18;20;22m▖[38;2;37;42;39;48;2;22;29;30m▗[38;2;37;44;40;48;2;24;31;29m▁[38;2;39;44;37m▖[38;2;38;46;42;48;2;24;32;30m▗[38;2;35;41;36;48;2;18;25;21m▍[38;2;27;31;24;48;2;31;39;34m▔[38;2;15;21;19;48;2;30;37;33m▊[38;2;28;36;31;48;2;21;28;25m▂[38;2;15;20;21;48;2;5;9;10m▕[38;2;21;27;23;48;2;16;21;21m▘[38;2;25;33;27;48;2;13;19;18m▍[38;2;35;43;33;48;2;20;28;25m▕[38;2;26;35;28;48;2;9;14;14m▏[38;2;19;27;24;48;2;13;19;19m▘[38;2;12;19;20;48;2;11;16;16m▝[38;2;5;8;9;48;2;9;14;16m▌[38;2;23;29;24;48;2;12;18;17m▘[38;2;8;14;16;48;2;5;9;10m▁[0m
[38;2;1;2;5;48;2;1;2;4m▍[38;2;3;3;6;48;2;10;10;12m▌[38;2;0;0;1;48;2;10;11;12m▕[38;2;11;12;13;48;2;10;10;12m▖[48;2;13;14;15m▍[38;2;9;9;11;48;2;14;14;16m▏[38;2;14;14;16;48;2;18;19;22m▊[38;2;21;25;30;48;2;17;18;19m▁[38;2;14;15;17;48;2;18;19;21m▏[38;2;17;20;23;48;2;16;17;19m▗[38;2;15;18;20;48;2;11;11;14m▄[38;2;21;22;24;48;2;48;57;60m▌[38;2;80;75;67;48;2;50;62;69m▁[38;2;98;88;76;48;2;51;63;69m▁[38;2;102;91;77;48;2;45;57;61m▁[38;2;108;95;79;48;2;42;53;56m▁[38;2;109;96;81;48;2;40;50;53m▁[38;2;109;98;83;48;2;39;49;51m▁[38;2;107;96;80;48;2;38;49;51m▁[38;2;109;97;82;48;2;35;45;47m▁[38;2;34;41;41;48;2;9;9;11m▏[38;2;45;52;48;48;2;19;19;19m▕[38;2;107;99;84;48;2;36;46;47m▁[38;2;54;65;64;48;2;37;46;46m▗[38;2;54;65;65;48;2;28;34;35m▅[38;2;54;64;63;48;2;25;32;32m▅[38;2;63;72;74;48;2;33;41;39m▃[38;2;62;73;75;48;2;34;43;40m▄[38;2;63;74;74;48;2;35;43;40m▄[38;2;72;82;86;48;2;39;48;45m▃[38;2;67;76;79;48;2;44;54;50m▄[38;2;63;73;75;48;2;48;59;55m▅[38;2;60;71;72;48;2;41;51;47m▅[38;2;58;68;67;48;2;32;41;37m▆[38;2;59;68;67;48;2;40;48;44m▅[38;2;58;67;65;48;2;39;48;43m▅[38;2;62;70;69;48;2;41;50;45m▅[38;2;68;76;76;48;2;44;52;48m▄[38;2;70;79;80;48;2;43;51;46m▄[38;2;70;78;77;48;2;42;50;45m▅[38;2;73;81;80;48;2;46;54;50m▄[38;2;66;73;73;48;2;42;49;46m▅[38;2;68;74;75;48;2;45;52;48m▅[38;2;62;68;66;48;2;41;48;44m▆[38;2;58;63;61;48;2;42;50;46m▆[38;2;58;62;59;48;2;45;52;49m▄[38;2;68;74;66;48;2;48;54;51m▂[38;2;71;78;65;48;2;49;56;53m▂[38;2;69;75;58;48;2;51;58;56m▃[38;2;61;65;50;48;2;54;61;56m▖[38;2;49;53;49;48;2;87;92;83m▆[38;2;35;39;38;48;2;52;59;54m▆[38;2;48;58;48;48;2;35;40;37m▁[38;2;39;45;41;48;2;46;52;51m▊[38;2;106;113;113;48;2;65;70;67m▝[38;2;90;93;85;48;2;72;76;70m▔[38;2;43;49;43;48;2;101;101;89m▆[38;2;86;89;67;48;2;41;44;40m▔[38;2;67;71;60;48;2;35;40;38m▁[38;2;83;86;75;48;2;62;65;58m▕[38;2;89;86;73;48;2;40;40;35m▎[38;2;78;82;66;48;2;55;58;46m▎[38;2;60;60;52;48;2;42;40;34m▏[38;2;24;25;23;48;2;35;40;33m▏[38;2;48;52;46;48;2;29;33;27m▘[38;2;37;40;37;48;2;28;32;29m▔[38;2;39;45;39;48;2;21;28;25m▖[38;2;38;41;34;48;2;25;32;29m▁[38;2;26;34;32;48;2;13;20;19m▝[38;2;31;40;35;48;2;21;29;27m▎[38;2;21;28;24;48;2;10;16;16m▕[38;2;17;24;23;48;2;23;28;25m▕[38;2;21;29;24;48;2;8;13;13m▌[38;2;20;27;22;48;2;11;17;16m▏[38;2;23;29;24;48;2;9;12;12m▎[38;2;5;9;11;48;2;11;18;16m▂[38;2;9;14;14;48;2;13;21;20m▆[38;2;8;15;16;48;2;5;10;11m▝[38;2;16;22;21;48;2;10;15;16m▖[48;2;5;10;11m [0m
[7m[38;2;1;2;4m [0m[38;2;2;3;5;48;2;8;9;11m▌[38;2;0;0;0;48;2;9;9;11m▕[38;2;11;12;15;48;2;9;10;12m▕[38;2;12;15;18;48;2;10;11;14m▝[38;2;8;10;12;48;2;14;16;20m▅[38;2;19;25;30;48;2;9;11;13m▔[38;2;9;10;13;48;2;14;15;18m▆[38;2;16;17;20;48;2;11;12;15m▁[38;2;15;17;20;48;2;12;13;16m▁[38;2;13;15;17;48;2;18;19;20m▊[38;2;24;24;24;48;2;43;40;36m▍[38;2;58;53;46;48;2;51;47;42m▝[38;2;44;40;35;48;2;66;60;52m▔[38;2;50;45;39;48;2;74;66;56m▔[38;2;46;42;37;48;2;76;68;58m▔[38;2;48;45;39;48;2;82;73;62m▔[38;2;79;70;58;48;2;71;64;55m▕[38;2;70;63;53;48;2;80;71;60m▅[38;2;80;70;58;48;2;59;54;47m▘[38;2;40;40;40;48;2;28;30;30m▁[38;2;57;54;48;48;2;32;33;31m▝[38;2;33;35;31;48;2;76;70;62m▆[38;2;17;21;24;48;2;61;65;57m▂[38;2;25;29;30;48;2;80;84;69m▂[38;2;25;31;34;48;2;92;94;82m▁[38;2;116;111;92;48;2;65;72;72m▅[38;2;119;114;92;48;2;62;68;67m▅[38;2;81;84;76;48;2;67;70;66m▏[38;2;89;84;74;48;2;57;62;62m▃[38;2;92;87;75;48;2;57;63;62m▃[38;2;102;94;80;48;2;54;60;57m▂[38;2;99;92;79;48;2;53;59;56m▂[38;2;99;94;81;48;2;55;60;58m▂[38;2;101;94;80m▂[38;2;98;91;77;48;2;58;63;60m▂[38;2;99;93;79;48;2;59;64;60m▂[38;2;101;93;80;48;2;67;71;68m▂[38;2;93;88;76;48;2;68;74;72m▅[38;2;111;104;88;48;2;74;79;77m▅[38;2;123;114;96;48;2;78;83;80m▅[38;2;134;124;105;48;2;77;80;77m▅[38;2;141;129;108;48;2;74;78;75m▅[38;2;143;131;109;48;2;72;74;69m▅[38;2;149;135;109;48;2;78;78;70m▅[38;2;151;137;103;48;2;87;88;75m▅[38;2;142;129;94;48;2;88;88;67m▅[38;2;125;115;77;48;2;67;71;57m▆[38;2;117;110;75;48;2;60;64;51m▆[38;2;120;112;72;48;2;62;64;49m▄[38;2;118;110;71;48;2;50;52;42m▄[38;2;111;104;70;48;2;50;54;42m▄[38;2;91;89;61;48;2;46;52;41m▄[38;2;74;74;51;48;2;53;57;45m▃[38;2;64;64;47;48;2;44;49;41m▂[38;2;63;64;49;48;2;42;48;41m▁[38;2;50;52;43;48;2;28;34;31m▅[38;2;65;67;54;48;2;45;51;42m▁[38;2;75;83;69;48;2;49;54;46m▗[38;2;58;61;51;48;2;46;51;43m▕[38;2;77;71;57;48;2;23;21;18m▎[38;2;40;42;37;48;2;27;28;24m▏[38;2;102;91;74;48;2;23;22;19m▏[38;2;47;53;45;48;2;29;31;26m▏[38;2;62;57;45;48;2;17;16;15m▍[38;2;37;37;29;48;2;27;29;24m▖[38;2;48;50;42;48;2;29;31;26m▘[38;2;43;39;32;48;2;19;22;20m▖[38;2;20;30;27;48;2;12;17;16m▔[38;2;14;21;20;48;2;17;25;22m▁[38;2;37;33;28;48;2;12;19;18m▗[38;2;24;33;28;48;2;15;20;19m▔[38;2;15;26;25;48;2;10;15;15m▁[38;2;16;24;21;48;2;10;17;16m▔[38;2;18;25;25;48;2;11;18;17m▏[38;2;7;11;11;48;2;9;15;16m▕[38;2;15;26;25;48;2;8;14;14m▔[38;2;6;12;13;48;2;3;6;7m▝[38;2;16;23;22;48;2;5;8;9m▘[38;2;3;5;6;48;2;6;12;15m▆[0m
[7m[38;2;1;2;4m [0m[38;2;3;4;7;48;2;7;8;10m▊ [38;2;8;10;12;48;2;6;7;9m▔[48;2;7;8;9m [38;2;8;8;9;48;2;7;8;10m▖[38;2;9;9;10;48;2;9;10;12m▃[38;2;10;11;12;48;2;9;10;11m▅[38;2;13;14;16;48;2;12;12;14m▗[38;2;14;14;16;48;2;11;12;13m▅[38;2;19;20;21;48;2;14;14;16m▕[38;2;28;27;26;48;2;33;32;31m▘[38;2;36;36;34;48;2;42;40;37m▆[38;2;40;39;37;48;2;52;49;45m▆[38;2;47;44;41;48;2;61;56;51m▆[38;2;46;45;43;48;2;66;61;55m▄[38;2;49;47;46;48;2;71;66;59m▄[38;2;48;47;44;48;2;71;66;58m▄[38;2;31;29;27;48;2;69;64;57m▄[38;2;19;18;18;48;2;44;43;41m▆[38;2;21;20;19;48;2;13;13;14m▏[38;2;31;33;32;48;2;11;14;16m▝[38;2;36;41;36;48;2;18;22;24m▘[38;2;13;17;20;48;2;39;44;38m▄[38;2;15;20;23;48;2;59;60;47m▄[38;2;22;27;29;48;2;73;73;58m▄[38;2;89;86;74;48;2;47;48;45m▝[38;2;83;81;73;48;2;29;33;33m▘[38;2;59;61;51;48;2;31;36;33m▔[38;2;66;65;42;48;2;108;101;76m▅[38;2;82;79;50;48;2;112;104;74m▃[38;2;68;67;43;48;2;106;99;69m▁[38;2;109;101;68;48;2;109;101;72m▎[38;2;122;112;78;48;2;92;84;65m▄[38;2;111;102;70;48;2;90;83;66m▄[38;2;119;109;77;48;2;86;78;64m▃[38;2;111;100;82;48;2;89;82;65m▔[38;2;127;114;95;48;2;90;83;68m▔[38;2;86;79;64;48;2;102;94;79m▃[38;2;86;78;64;48;2;106;97;81m▂[38;2;104;96;81;48;2;120;110;92m▆[38;2;93;85;71;48;2;118;108;92m▃[38;2;101;92;77;48;2;114;104;87m▄[38;2;104;95;79;48;2;119;109;91m▄[38;2;113;102;81;48;2;129;117;97m▃[38;2;138;124;97;48;2;128;116;94m▃[38;2;117;105;85;48;2;139;124;99m▁[38;2;102;91;72;48;2;144;128;101m▁[38;2;99;89;71;48;2;139;125;100m▁[38;2;86;79;57;48;2;124;111;88m▔[38;2;121;109;79;48;2;94;86;63m▆[38;2;85;75;58;48;2;115;106;72m▁[38;2;109;99;70;48;2;119;112;75m▃[38;2;140;129;86;48;2;109;100;71m▂[38;2;135;125;82;48;2;95;88;65m▃[38;2;132;123;83;48;2;89;85;64m▃[38;2;107;101;74;48;2;69;71;56m▄[38;2;71;72;57;48;2;66;68;56m▄[38;2;86;82;64;48;2;53;56;43m▖[38;2;61;61;47;48;2;46;49;39m▘[38;2;52;47;39;48;2;29;27;23m▎[38;2;59;57;44;48;2;41;40;33m▏[38;2;45;41;34;48;2;25;24;22m▏[38;2;60;59;57;48;2;27;28;23m▂[38;2;49;45;36;48;2;17;16;15m▎[38;2;28;30;24;48;2;26;29;22m▔[38;2;11;12;12;48;2;22;23;19m▕[38;2;48;42;35;48;2;21;20;19m▍[38;2;10;19;17;48;2;7;9;9m▝[38;2;12;20;21;48;2;12;18;17m▁[38;2;15;21;19;48;2;65;55;44m▌[38;2;27;24;20;48;2;9;9;8m▏[38;2;12;23;24;48;2;8;14;14m▗[38;2;12;21;22;48;2;9;17;17m▏[38;2;15;22;23;48;2;8;13;14m▏[38;2;58;50;40;48;2;22;21;19m▎[38;2;20;23;24;48;2;5;7;7m▔[38;2;4;8;9;48;2;3;6;7m▘[38;2;2;4;5;48;2;7;12;12m▎[38;2;3;5;6;48;2;4;7;8m▁[0m
[38;2;2;2;5;48;2;1;2;4m▅[48;2;7;8;11m▌[38;2;8;9;12;48;2;6;7;9m▏[38;2;4;5;6;48;2;7;8;10m▔[38;2;11;13;15m▁[38;2;14;15;17;48;2;8;8;10m▁[38;2;11;13;15;48;2;9;9;11m▂[38;2;13;14;15;48;2;10;10;12m▃[48;2;13;13;15m [38;2;14;14;16;48;2;12;13;15m▃[38;2;21;21;23;48;2;14;15;17m▗[38;2;27;27;28;48;2;33;33;33m▎[38;2;47;48;49;48;2;36;36;36m▁[38;2;51;52;52;48;2;32;32;32m▄[38;2;51;52;53;48;2;41;41;41m▖[38;2;21;21;22;48;2;45;45;44m▄[38;2;15;15;15;48;2;38;38;39m▆[38;2;4;5;6;48;2;21;21;19m▅[38;2;15;14;13;48;2;5;6;8m▔[38;2;5;8;11;48;2;15;17;19m▊[38;2;23;31;35;48;2;17;19;21m▄[38;2;24;31;38;48;2;14;18;22m▝[38;2;15;20;23;48;2;33;40;43m▄[38;2;21;27;31;48;2;53;57;53m▄[38;2;32;37;41;48;2;68;69;63m▅[38;2;30;34;37;48;2;113;105;90m▄[38;2;39;41;41;48;2;141;130;113m▄[38;2;51;56;54;48;2;36;40;36m▂[38;2;66;67;58;48;2;40;44;32m▄[38;2;101;98;92;48;2;53;53;36m▂[38;2;62;61;51;48;2;84;78;48m▂[38;2;62;58;37;48;2;93;87;53m▁[38;2;73;69;43;48;2;102;95;60m▄[38;2;79;75;48;48;2;129;119;74m▆[38;2;67;64;43;48;2;121;113;71m▅[38;2;68;65;44;48;2;99;93;59m▄[38;2;74;70;49;48;2;102;96;69m▆[38;2;73;69;52;48;2;93;84;65m▄[38;2;76;70;54;48;2;95;85;68m▄[38;2;78;71;59;48;2;93;86;71m▆[38;2;79;72;59;48;2;95;89;76m▆[38;2;82;74;62;48;2;100;91;75m▆[38;2;84;76;62;48;2;101;90;70m▆[38;2;102;94;77;48;2;94;85;70m▁[38;2;110;97;73;48;2;94;86;69m▔[38;2;90;82;66;48;2;105;94;72m▅[38;2;80;72;58;48;2;104;95;75m▃[38;2;75;68;54;48;2;106;95;75m▅[38;2;71;66;50;48;2;111;100;76m▅[38;2;79;72;54;48;2;98;89;63m▆[38;2;85;78;54;48;2;102;94;62m▆[38;2;89;82;55;48;2;111;102;68m▆[38;2;74;69;46;48;2;109;101;66m▁[38;2;84;77;55;48;2;111;102;69m▁[38;2;70;65;48;48;2;123;114;75m▂[38;2;71;64;50;48;2;125;116;79m▃[38;2;61;58;45;48;2;86;84;61m▃[38;2;72;69;49;48;2;95;90;64m▃[38;2;55;55;41;48;2;84;79;59m▆[38;2;60;60;47;48;2;29;34;30m▏[38;2;43;40;35;48;2;23;22;19m▎[38;2;57;55;42;48;2;29;30;27m▘[38;2;58;52;43;48;2;18;18;16m▏[38;2;45;46;32;48;2;24;27;22m▏[38;2;21;21;20;48;2;17;17;16m▏[38;2;19;20;19;48;2;27;28;26m▏[38;2;37;36;34;48;2;27;29;27m▖[38;2;33;31;27;48;2;14;14;14m▌[38;2;19;21;21;48;2;6;9;9m▁[38;2;18;33;32;48;2;9;14;14m▁[38;2;53;45;37;48;2;24;24;21m▝[38;2;12;12;11;48;2;7;7;7m▘[38;2;13;17;15;48;2;7;12;12m▕[38;2;12;18;18;48;2;5;9;10m▏[38;2;7;9;9;48;2;5;8;8m▂[38;2;52;46;38;48;2;18;17;15m▍[38;2;5;9;10;48;2;4;5;6m▕[38;2;6;12;14;48;2;4;7;8m▁[38;2;23;23;22;48;2;6;11;11m▂[38;2;4;7;8;48;2;8;10;10m▔[0m
[38;2;7;8;11;48;2;2;2;4m▂[38;2;11;14;17;48;2;4;5;8m▂[38;2;4;5;7;48;2;8;10;12m▔[38;2;12;14;17;48;2;9;11;13m▂[38;2;15;17;20m▂[38;2;12;14;17;48;2;9;9;12m▆[38;2;13;14;17;48;2;9;10;12m▆[38;2;13;15;17;48;2;11;12;13m▆[38;2;10;11;12;48;2;15;15;17m▁[38;2;26;28;31;48;2;14;15;16m▂[38;2;15;16;17;48;2;32;32;32m▘[38;2;23;24;27;48;2;42;43;44m▂[38;2;15;16;17;48;2;49;51;52m▄[38;2;11;12;13;48;2;43;44;44m▆[38;2;2;2;3;48;2;13;13;14m▄[38;2;15;15;15;48;2;3;4;6m▔[38;2;12;17;22;48;2;1;2;4m▃[38;2;15;21;25;48;2;3;5;7m▄[38;2;30;38;44;48;2;12;17;21m▂[38;2;27;34;37;48;2;11;15;19m▄[38;2;54;57;59;48;2;31;37;42m▂[38;2;72;73;73;48;2;39;47;54m▅[38;2;90;89;84;48;2;58;62;64m▅[38;2;99;96;89;48;2;57;62;64m▄[38;2;129;121;108;48;2;72;73;71m▄[38;2;171;156;135;48;2;79;79;79m▄[38;2;115;107;95;48;2;38;40;35m▌[38;2;53;59;64;48;2;31;34;25m▔[38;2;79;80;77;48;2;29;32;27m▔[38;2;106;104;100;48;2;35;38;33m▔[38;2;53;53;46;48;2;70;68;58m▊[38;2;51;51;49;48;2;115;108;92m▄[38;2;56;56;54;48;2;111;106;95m▃[38;2;90;89;85;48;2;60;59;42m▆[38;2;28;31;32;48;2;96;92;75m▂[38;2;24;29;25;48;2;79;77;53m▃[38;2;40;42;31;48;2;91;86;61m▄[38;2;37;40;32;48;2;91;84;62m▄[38;2;94;87;72;48;2;59;57;45m▘[38;2;38;40;36;48;2;83;78;62m▂[38;2;59;58;49;48;2;84;78;65m▂[38;2;74;69;59;48;2;77;72;61m▎[38;2;51;52;51;48;2;83;76;65m▁[38;2;43;43;42;48;2;87;80;68m▁[38;2;68;63;54;48;2;87;80;67m▃[38;2;51;50;38;48;2;83;76;63m▂[38;2;82;86;89;48;2;73;67;57m▁[38;2;82;80;74;48;2;75;71;62m▕[38;2;85;89;93;48;2;67;61;47m▃[38;2;77;84;89;48;2;68;64;54m▁[38;2;67;70;73;48;2;66;62;46m▂[38;2;69;63;44;48;2;58;57;45m▝[38;2;51;51;40;48;2;85;77;53m▅[38;2;31;34;30;48;2;71;70;54m▂[38;2;33;37;32;48;2;88;87;66m▃[38;2;31;36;32;48;2;83;80;54m▄[38;2;29;32;27;48;2;83;79;54m▅[38;2;56;56;39;48;2;30;35;29m▔[38;2;54;61;44;48;2;25;30;28m▃[38;2;42;50;38;48;2;19;24;22m▄[38;2;30;37;32;48;2;20;20;20m▄[38;2;39;37;35;48;2;17;23;21m▔[38;2;23;25;23;48;2;15;18;18m▏[38;2;31;32;33;48;2;13;19;19m▗[38;2;26;26;23;48;2;12;11;12m▎[38;2;14;17;14;48;2;6;9;10m▕[38;2;17;21;19;48;2;10;12;12m▖[38;2;28;27;24;48;2;9;8;8m▖[38;2;9;10;10;48;2;42;44;46m▆[38;2;39;40;39;48;2;19;20;20m▘[38;2;43;39;32;48;2;18;18;18m▝[38;2;31;32;34;48;2;9;10;10m▂[38;2;35;36;37;48;2;10;16;16m▁[38;2;4;8;9;48;2;3;5;5m▏[38;2;41;35;28;48;2;3;5;6m▕[38;2;37;34;29;48;2;12;12;11m▌[38;2;5;5;5;48;2;2;4;4m▘[38;2;2;5;5;48;2;6;12;14m▆[38;2;3;5;5;48;2;38;33;28m▍[38;2;11;11;10;48;2;4;4;3m▌[0m
[38;2;5;6;7;48;2;10;12;15m▆[38;2;7;7;9;48;2;13;16;18m▆[38;2;11;13;16;48;2;8;8;10m▂[38;2;9;10;12;48;2;12;13;15m▎[38;2;16;17;20;48;2;14;15;17m▔[38;2;12;14;16;48;2;14;16;18m▝[38;2;21;24;28;48;2;15;17;19m▗[38;2;25;29;33;48;2;19;22;25m▃[38;2;17;19;22;48;2;24;27;30m▂[38;2;26;28;31;48;2;15;16;18m▘[38;2;10;11;12;48;2;24;26;28m▆[38;2;5;5;6;48;2;10;11;13m▄[38;2;0;1;2;48;2;8;8;10m▅[38;2;4;6;8;48;2;1;2;3m▂[38;2;1;1;3;48;2;6;8;11m▂[38;2;2;3;5;48;2;11;16;21m▃[38;2;6;8;11;48;2;17;24;30m▄[38;2;19;24;28;48;2;26;36;44m▆[38;2;39;44;45;48;2;22;27;31m▂[38;2;40;43;46;48;2;34;38;42m▕[38;2;43;47;50;48;2;64;65;64m▆[38;2;45;50;54;48;2;71;71;70m▄[38;2;51;55;57;48;2;98;96;90m▄[38;2;47;52;56;48;2;108;103;95m▂[38;2;73;76;76;48;2;133;124;110m▃[38;2;52;59;65;48;2;151;140;123m▃[38;2;62;62;59;48;2;25;28;29m▏[38;2;15;18;14;48;2;57;57;36m▅[38;2;18;20;16;48;2;44;45;30m▄[38;2;19;23;16;48;2;39;41;27m▁[38;2;23;26;19;48;2;47;46;33m▅[38;2;21;24;18;48;2;39;41;28m▅[38;2;38;40;30;48;2;29;31;22m▕[38;2;39;41;31;48;2;32;34;28m▍[38;2;43;44;41;48;2;19;22;17m▅[38;2;54;57;58;48;2;27;30;26m▂[38;2;48;52;52;48;2;34;37;34m▝[38;2;28;30;32;48;2;80;83;83m▃[38;2;28;32;34;48;2;89;93;95m▂[38;2;22;27;28;48;2;88;93;96m▁[38;2;39;45;49;48;2;94;100;105m▂[38;2;40;46;49;48;2;88;94;99m▂[38;2;31;36;39;48;2;69;76;81m▂[38;2;14;17;19;48;2;53;58;60m▂[38;2;27;31;30;48;2;46;46;46m▆[38;2;30;34;31;48;2;53;53;43m▆[38;2;53;57;60;48;2;36;39;38m▔[38;2;40;42;33;48;2;56;62;70m▆[38;2;36;38;28;48;2;66;73;79m▆[38;2;35;39;29;48;2;41;47;49m▅[38;2;22;27;22;48;2;49;55;48m▆[38;2;25;29;24;48;2;35;40;36m▆[38;2;33;38;30;48;2;24;28;23m▁[38;2;35;42;36;48;2;27;31;23m▗[38;2;20;26;20;48;2;28;32;24m▁[38;2;43;50;45;48;2;35;40;33m▕[38;2;44;51;46;48;2;57;66;67m▊[38;2;58;68;58;48;2;45;55;49m▘[38;2;44;58;58;48;2;43;54;45m▁[38;2;45;56;43;48;2;29;38;31m▔[38;2;30;41;33;48;2;21;29;24m▘[38;2;19;27;23;48;2;15;22;18m▔[38;2;15;26;25;48;2;13;22;20m▕[38;2;16;24;24;48;2;14;22;20m▕[38;2;18;25;25;48;2;12;17;18m▏[38;2;21;26;26;48;2;13;19;19m▘[38;2;24;27;29;48;2;14;18;19m▖[38;2;24;28;26;48;2;10;12;13m▍[38;2;5;9;11;48;2;4;5;7m▝[38;2;6;12;13;48;2;4;7;8m▔[38;2;22;20;18;48;2;10;9;9m▗[38;2;3;3;3;48;2;10;10;10m▆[38;2;7;8;7;48;2;46;46;47m▆[38;2;38;39;37;48;2;21;21;21m▝[38;2;39;38;36;48;2;15;15;14m▗[38;2;41;37;32;48;2;27;25;24m▁[38;2;54;54;52;48;2;6;7;7m▁[38;2;7;8;8;48;2;2;5;6m▁[38;2;4;7;7;48;2;35;31;25m▍[38;2;12;12;11;48;2;3;3;3m▋[0m
[38;2;8;9;12;48;2;5;5;7m▂[38;2;10;13;15;48;2;5;6;7m▂[38;2;14;16;20;48;2;7;8;10m▔[38;2;9;10;12;48;2;12;14;16m▘[38;2;19;23;27;48;2;13;15;18m▄[48;2;15;18;22m▝[38;2;8;10;12;48;2;20;24;28m▄[38;2;19;21;24;48;2;9;10;12m▔[38;2;2;2;3m▃[38;2;0;0;0;48;2;8;9;10m▅[38;2;1;1;1;48;2;9;10;12m▋[38;2;1;2;4;48;2;13;15;17m▕[38;2;6;9;12;48;2;2;4;6m▗[38;2;8;12;15;48;2;4;5;7m▃[38;2;9;13;18;48;2;7;11;14m▕[38;2;6;9;12;48;2;16;21;25m▘[38;2;18;22;27;48;2;23;29;35m▋[38;2;27;34;41;48;2;26;32;36m▔[38;2;31;37;41;48;2;28;33;38m▕[38;2;39;45;50;48;2;30;35;39m▔[38;2;30;35;39;48;2;34;39;43m▗[38;2;38;44;49;48;2;35;40;44m▗[38;2;41;47;51;48;2;37;42;46m▆[38;2;49;54;58;48;2;45;50;54m▝[38;2;29;35;40;48;2;70;73;74m▅[38;2;28;35;41;48;2;14;18;22m▘[38;2;12;15;18;48;2;11;14;14m▏[38;2;26;28;22;48;2;12;15;13m▗[38;2;47;47;33;48;2;19;22;19m▗[38;2;45;46;30;48;2;23;25;21m▂[38;2;38;41;30;48;2;21;24;23m▄[38;2;39;42;31;48;2;29;32;27m▖[38;2;20;24;19;48;2;32;36;33m▁[38;2;48;54;54;48;2;35;39;38m▗[38;2;45;49;47;48;2;61;64;63m▋[38;2;84;89;92;48;2;62;65;66m▗[38;2;104;107;110;48;2;76;79;80m▂[38;2;100;103;106;48;2;52;53;50m▆[38;2;93;95;97;48;2;40;43;42m▆[38;2;91;95;97;48;2;32;37;38m▅[38;2;80;83;86;48;2;36;39;37m▄[38;2;84;87;89;48;2;20;24;24m▅[38;2;68;71;72;48;2;25;28;27m▄[38;2;62;68;74;48;2;32;36;36m▂[38;2;56;62;63;48;2;34;39;37m▁[38;2;27;31;28;48;2;45;49;42m▅[38;2;23;27;26;48;2;52;55;40m▄[38;2;36;41;33;48;2;48;51;37m▅[38;2;49;52;35;48;2;35;41;31m▔[38;2;26;31;25;48;2;42;46;32m▆[38;2;42;47;33;48;2;31;37;28m▔[38;2;20;25;21;48;2;38;41;31m▆[38;2;15;20;17;48;2;31;37;29m▆[38;2;19;26;23;48;2;13;17;15m▁[38;2;32;35;38;48;2;20;25;24m▁[38;2;28;33;32;48;2;14;19;18m▔[38;2;23;28;28;48;2;11;16;14m▝[38;2;24;29;27;48;2;28;37;36m▏[38;2;29;39;36;48;2;22;31;27m▍[38;2;21;31;32;48;2;14;22;20m▖[38;2;17;25;22;48;2;13;20;18m▕[38;2;26;39;36;48;2;10;16;15m▃[38;2;12;19;19;48;2;8;14;15m▁[38;2;17;30;33;48;2;12;21;22m▝[38;2;17;28;26;48;2;12;21;20m▗[38;2;16;28;27;48;2;11;20;20m▝[38;2;12;18;17;48;2;9;14;15m▏[38;2;11;16;17;48;2;8;10;11m▏[38;2;16;19;18;48;2;11;14;14m▕[38;2;22;23;22;48;2;12;15;15m▖[38;2;30;32;32;48;2;15;15;14m▂[38;2;7;7;7;48;2;3;4;4m▎[38;2;6;9;8;48;2;2;3;3m▗[38;2;1;3;4;48;2;1;2;3m▕[38;2;1;2;3;48;2;26;23;19m▊[38;2;20;18;15;48;2;7;7;6m▔[38;2;6;5;5;48;2;43;41;38m▆[38;2;40;38;37;48;2;14;14;13m▘[38;2;19;18;16;48;2;12;12;12m▝[38;2;7;7;8;48;2;2;2;2m▍[0m
[38;2;11;14;18;48;2;10;12;15m▁[38;2;12;15;18;48;2;10;13;16m▖[38;2;17;21;25;48;2;10;12;15m▝[38;2;7;8;10;48;2;16;19;23m▄[38;2;6;7;9;48;2;15;18;22m▆[38;2;1;1;2;48;2;7;8;10m▂[38;2;0;0;1;48;2;6;7;8m▄[38;2;3;6;9;48;2;1;1;2m▁[38;2;1;1;3m▕[38;2;1;1;4;48;2;0;0;1m▆[38;2;1;1;2;48;2;13;16;19m▊[38;2;17;23;29m▁[38;2;19;26;31;48;2;12;17;22m▃[38;2;7;11;14;48;2;11;15;19m▁[38;2;9;13;17;48;2;2;3;5m▏[38;2;7;10;13;48;2;1;3;4m▔[38;2;18;24;30;48;2;2;3;5m▔[38;2;33;42;48;48;2;3;5;7m▔[38;2;36;44;50;48;2;5;8;11m▔[38;2;33;40;45;48;2;5;7;10m▔[38;2;30;39;45m▔[38;2;33;41;48m▔[38;2;27;34;40;48;2;4;7;10m▔[38;2;4;6;9;48;2;11;15;20m▆[38;2;17;23;29;48;2;8;12;15m▔[38;2;8;11;11;48;2;10;13;15m▕[38;2;16;20;17;48;2;12;15;14m▕[38;2;26;30;23;48;2;14;19;19m▔[38;2;24;29;24;48;2;17;21;20m▔[38;2;25;29;25;48;2;15;19;19m▂[38;2;22;28;23;48;2;15;19;18m▂[38;2;19;25;23;48;2;13;16;15m▂[38;2;20;26;26;48;2;10;13;11m▃[38;2;14;18;20;48;2;8;11;12m▖[38;2;12;15;17;48;2;29;33;33m▆[38;2;10;13;15;48;2;50;56;62m▄[38;2;9;12;16;48;2;75;83;90m▃[38;2;19;23;28;48;2;81;89;96m▃[38;2;41;48;53;48;2;107;108;109m▆[38;2;33;39;45;48;2;77;85;93m▅[38;2;28;34;40;48;2;68;75;80m▄[38;2;23;28;32;48;2;60;67;72m▃[38;2;15;20;25;48;2;57;63;68m▃[38;2;17;22;26;48;2;50;57;63m▄[38;2;12;17;20;48;2;49;56;59m▄[38;2;10;14;13;48;2;34;39;42m▅[38;2;12;16;15;48;2;28;34;34m▆[38;2;13;18;18;48;2;28;33;28m▆[38;2;13;19;19;48;2;33;39;34m▆[38;2;22;30;24;48;2;13;18;18m▔[38;2;7;10;11;48;2;13;19;18m▂[38;2;36;43;40;48;2;10;15;14m▔[38;2;26;34;31;48;2;8;12;12m▔[38;2;6;10;11;48;2;35;45;40m▆[38;2;15;23;23;48;2;10;15;16m▘[38;2;11;21;24;48;2;10;15;17m▁[38;2;7;14;15;48;2;7;11;12m▁[38;2;11;22;25;48;2;11;16;17m▁[38;2;11;20;18;48;2;8;14;15m▕[38;2;8;15;16;48;2;13;22;19m▄[38;2;27;37;34;48;2;8;14;15m▔[38;2;31;44;37;48;2;7;14;15m▔[38;2;6;11;12;48;2;17;28;27m▆[38;2;5;9;9;48;2;10;17;18m▅[38;2;12;20;20;48;2;10;16;16m▁[38;2;4;9;10;48;2;8;15;15m▃[38;2;8;16;16;48;2;3;8;9m▍[38;2;9;18;18;48;2;7;12;13m▔[38;2;3;7;8;48;2;6;11;11m▆[38;2;5;12;12;48;2;4;7;7m▏[38;2;14;14;15;48;2;7;8;8m▕[38;2;22;22;23;48;2;10;10;10m▝[38;2;24;25;25;48;2;12;14;14m▗[38;2;28;30;31;48;2;4;5;6m▂[38;2;3;4;5;48;2;34;31;25m▊[38;2;16;15;15;48;2;4;4;4m▌[38;2;3;5;6;48;2;3;5;5m▕[38;2;6;8;8;48;2;1;2;3m▏[38;2;2;3;4;48;2;12;12;10m▏[38;2;4;4;4;48;2;1;1;1m▔[0m
[38;2;4;4;6;48;2;9;11;14m▃[38;2;3;4;6;48;2;9;11;13m▆[38;2;2;3;4;48;2;4;5;7m▂[38;2;1;2;3;48;2;7;8;11m▆[38;2;0;0;0;48;2;3;3;4m▆[38;2;1;0;2;48;2;0;0;1m▕[38;2;1;2;5m▔[38;2;2;3;6;48;2;0;1;2m▂[38;2;2;4;8;48;2;1;1;3m▁[38;2;6;11;14;48;2;2;4;6m▁[38;2;2;3;6;48;2;9;13;17m▆[38;2;5;7;11;48;2;13;19;24m▆[38;2;9;14;17;48;2;5;8;11m▔[38;2;11;16;20;48;2;6;9;12m▁[38;2;9;13;14;48;2;5;9;10m▕[38;2;12;17;21;48;2;5;8;9m▂[38;2;13;19;22;48;2;3;5;6m▃[38;2;20;27;33;48;2;3;5;7m▃[38;2;28;36;42;48;2;2;4;5m▃[38;2;32;41;46;48;2;4;7;9m▃[38;2;26;35;41;48;2;5;8;10m▃[38;2;8;13;16;48;2;5;8;9m▏[38;2;6;9;10;48;2;4;6;7m▕[38;2;8;13;13;48;2;4;7;8m▁[38;2;6;9;9;48;2;6;10;11m▁[38;2;8;13;13;48;2;7;11;10m▏[38;2;6;10;10;48;2;14;19;17m▆[38;2;5;9;9;48;2;12;16;14m▄[38;2;16;20;18;48;2;10;15;15m▔[38;2;13;18;19;48;2;16;21;24m▊[38;2;28;36;42;48;2;9;12;13m▆[38;2;34;42;48;48;2;39;48;55m▌[38;2;47;58;68;48;2;37;45;51m▃[38;2;38;47;54;48;2;56;67;75m▄[38;2;40;51;61;48;2;56;65;72m▂[38;2;61;73;83;48;2;38;47;54m▆[38;2;61;74;86;48;2;35;42;48m▅[38;2;51;64;75;48;2;32;40;46m▃[38;2;36;45;52;48;2;12;17;20m▆[38;2;30;38;44;48;2;11;16;18m▅[38;2;23;30;35;48;2;11;15;16m▄[38;2;17;23;26;48;2;8;11;12m▄[38;2;10;16;14;48;2;9;13;13m▏[38;2;10;14;14;48;2;7;10;10m▆[38;2;13;20;22;48;2;10;15;15m▁[38;2;11;16;16;48;2;8;12;13m▝[38;2;6;9;9;48;2;11;16;16m▂[38;2;5;9;9;48;2;11;17;16m▁[38;2;6;10;10;48;2;10;16;15m▅[38;2;7;11;10;48;2;6;10;10m▔[38;2;3;5;6;48;2;6;9;10m▂[38;2;8;14;13;48;2;5;8;9m▔[38;2;6;11;11;48;2;6;10;10m▂[38;2;8;16;16;48;2;7;12;12m▁[38;2;5;11;13;48;2;14;22;23m▆[38;2;13;20;18;48;2;8;14;15m▏[38;2;8;16;18;48;2;5;11;12m▕[38;2;12;22;22;48;2;7;13;15m▏[38;2;11;18;19;48;2;4;10;12m▕[38;2;8;16;16;48;2;5;11;12m▏[38;2;10;21;22;48;2;4;9;11m▘[38;2;8;16;17;48;2;3;8;9m▔[38;2;2;4;5;48;2;8;17;18m▅[38;2;3;4;6;48;2;3;7;8m▕[38;2;7;13;13;48;2;4;7;8m▔[38;2;7;14;14;48;2;4;8;9m▗[38;2;4;9;10;48;2;3;7;8m▍[38;2;6;13;13m▘[38;2;7;13;14;48;2;4;8;9m▖[38;2;6;13;13;48;2;2;6;7m▅[38;2;2;5;5;48;2;10;13;14m▎[38;2;4;8;9;48;2;2;5;5m▎[38;2;1;4;5;48;2;3;8;9m▁[38;2;20;21;21;48;2;4;7;8m▔[38;2;24;24;23;48;2;6;7;7m▝[38;2;20;21;21;48;2;7;7;8m▗[38;2;24;26;28;48;2;4;5;6m▂[38;2;6;10;11;48;2;2;4;5m▂[38;2;3;6;6;48;2;15;14;12m▎[38;2;4;4;4;48;2;1;1;1m▌[0m
[?25h