[?25l[0m[38;2;25;17;27;48;2;41;27;41m▄[38;2;22;15;25;48;2;40;27;40m▄[38;2;21;14;23;48;2;41;27;40m▅[38;2;20;15;23;48;2;40;26;38m▆[38;2;44;27;40;48;2;20;14;22m▔[38;2;26;17;27;48;2;47;29;43m▅[38;2;34;25;36;48;2;48;32;46m▂[38;2;33;26;38;48;2;48;33;47m▁[38;2;33;24;35;48;2;47;35;50m▁[38;2;45;34;49;48;2;46;37;53m▂[38;2;44;35;50;48;2;44;37;53m▂[38;2;36;32;49;48;2;42;36;52m▝[38;2;37;32;49;48;2;30;28;44m▆[38;2;36;31;48;48;2;29;26;41m▅[38;2;32;29;44;48;2;26;24;37m▄[38;2;33;29;43;48;2;27;24;38m▗[38;2;38;33;47;48;2;33;27;42m▁[38;2;36;29;44;48;2;31;27;42m▆[38;2;14;16;25;48;2;37;30;45m▂[38;2;10;13;21;48;2;35;28;43m▂[38;2;14;18;28;48;2;33;28;42m▂[38;2;13;16;25;48;2;29;26;40m▁[38;2;18;21;31;48;2;26;24;37m▁[38;2;27;28;39;48;2;24;22;35m▃[38;2;31;27;41;48;2;25;22;35m▁[38;2;27;23;37;48;2;23;21;34m▄[38;2;28;24;37;48;2;25;22;35m▃[38;2;28;24;38;48;2;24;22;35m▄[38;2;28;24;37;48;2;24;22;34m▄[48;2;25;22;35m▄[38;2;29;25;38m▄[38;2;30;26;39;48;2;25;23;35m▄[38;2;31;26;39;48;2;26;23;35m▖[38;2;25;23;35;48;2;23;21;34m▃[38;2;21;20;31;48;2;18;19;29m▃[38;2;18;18;28;48;2;16;17;27m▃[38;2;16;16;26;48;2;15;16;26m▃[48;2;15;16;25m▂[38;2;17;17;27;48;2;15;16;26m▁[38;2;22;21;32;48;2;16;18;27m▗[38;2;28;25;38;48;2;20;21;31m▄[38;2;41;36;50;48;2;31;29;41m▅[38;2;42;37;50;48;2;48;42;56m▔[38;2;45;39;53;48;2;53;46;60m▃[38;2;44;38;51;48;2;53;45;60m▃[48;2;51;44;58m▃[38;2;44;35;49;48;2;49;42;55m▄[38;2;41;32;45;48;2;46;39;52m▅[38;2;36;28;40;48;2;41;34;47m▅[38;2;33;27;38;48;2;30;25;35m▌[38;2;29;23;33;48;2;30;25;36m▆[38;2;27;22;31;48;2;25;21;30m▍[38;2;29;23;31;48;2;24;20;29m▂[38;2;31;25;34;48;2;26;22;30m▃[38;2;35;35;44;48;2;26;21;30m▁[38;2;37;39;48;48;2;21;18;27m▁[38;2;31;30;39;48;2;20;18;26m▁[38;2;26;26;35;48;2;18;16;24m▁[38;2;33;34;43m▁[38;2;28;26;35;48;2;19;17;25m▁[48;2;19;17;26m▂[38;2;27;23;34;48;2;18;16;25m▅[38;2;30;26;36;48;2;17;16;24m▄[38;2;31;27;36;48;2;19;18;27m▂[38;2;30;26;36;48;2;21;20;28m▄[38;2;34;30;40;48;2;20;19;27m▃[38;2;39;34;45;48;2;23;22;31m▃[38;2;37;33;44m▃[38;2;41;37;47;48;2;29;27;36m▃[38;2;51;45;56;48;2;39;36;47m▃[38;2;50;45;57;48;2;57;51;63m▔[38;2;54;47;58;48;2;58;50;63m▂[38;2;56;49;61;48;2;48;43;55m▆[38;2;35;33;43;48;2;44;41;52m▗[38;2;27;27;36;48;2;43;40;51m▄[38;2;21;22;30;48;2;40;37;48m▄[38;2;22;22;30;48;2;32;31;42m▄[38;2;22;23;32;48;2;33;32;43m▃[38;2;23;23;33m▂[38;2;25;26;36;48;2;31;31;42m▂[0m
[38;2;14;12;20;48;2;19;14;23m▄[38;2;13;12;19;48;2;20;14;22m▆[48;2;17;13;22m▄[38;2;18;14;22;48;2;15;12;20m▔[38;2;15;13;20;48;2;13;12;19m▔[38;2;24;18;28;48;2;14;12;19m▝[38;2;29;21;31;48;2;18;14;22m▘[38;2;23;17;27;48;2;19;16;24m▘[38;2;38;25;38;48;2;20;15;24m▔[38;2;16;13;22;48;2;36;26;38m▅[38;2;23;17;27;48;2;44;33;47m▆[38;2;21;15;25;48;2;41;34;49m▅[38;2;17;15;23;48;2;38;31;47m▆[38;2;15;13;21;48;2;33;29;41m▄[38;2;14;14;22;48;2;33;29;42m▆[38;2;15;15;24;48;2;25;21;33m▆[38;2;13;14;22;48;2;25;21;32m▆[38;2;11;12;19;48;2;23;21;33m▆[38;2;14;18;26;48;2;12;15;23m▗[38;2;14;19;28;48;2;11;15;23m▃[38;2;13;18;26;48;2;12;16;24m▗[38;2;15;20;29;48;2;14;18;26m▁[38;2;14;20;28m▃[38;2;29;32;43m▕[38;2;16;20;28;48;2;32;32;44m▄[38;2;34;29;42;48;2;22;24;34m▝[38;2;22;25;34;48;2;36;29;43m▃[38;2;37;35;47;48;2;35;29;42m▗[38;2;41;34;47;48;2;33;26;40m▄[38;2;48;37;51;48;2;36;27;41m▂[38;2;40;30;44;48;2;35;27;41m▅[38;2;38;34;46;48;2;34;28;41m▖[38;2;31;27;39;48;2;31;28;40m▏[38;2;28;30;39;48;2;31;26;38m▂[38;2;33;28;40;48;2;27;24;36m▁[38;2;29;25;37;48;2;22;20;31m▄[48;2;21;19;30m▃[38;2;27;24;36;48;2;20;19;29m▃[38;2;26;24;36;48;2;19;19;30m▄[38;2;28;25;37;48;2;23;22;33m▆[38;2;31;27;40;48;2;37;32;46m▌[38;2;43;36;50;48;2;45;39;53m▆[38;2;38;31;44;48;2;42;35;49m▗[38;2;36;29;42;48;2;39;33;46m▅[38;2;35;27;39;48;2;38;31;44m▅[38;2;35;27;38;48;2;40;32;45m▆[38;2;45;32;41;48;2;38;28;39m▁[38;2;49;30;41;48;2;41;28;39m▃[38;2;52;31;41;48;2;39;27;37m▃[38;2;50;30;41;48;2;39;26;36m▅[38;2;49;29;40;48;2;37;25;34m▂[38;2;45;30;40;48;2;32;23;32m▃[38;2;40;40;49;48;2;39;30;40m▃[38;2;33;36;45;48;2;21;24;33m▌[38;2;19;22;29;48;2;15;19;26m▔[38;2;15;19;27;48;2;15;18;24m▅[38;2;14;18;26;48;2;15;17;24m▃[38;2;17;19;26;48;2;14;17;24m▔[38;2;12;17;23;48;2;15;17;24m▂[38;2;31;33;42;48;2;14;17;23m▔[38;2;25;29;38;48;2;15;17;24m▔[38;2;35;33;44;48;2;18;19;26m▔[38;2;20;20;28;48;2;35;30;40m▄[38;2;24;21;29;48;2;40;34;44m▃[38;2;25;22;31;48;2;45;39;50m▄[38;2;25;24;32;48;2;44;38;49m▄[38;2;27;24;32;48;2;47;40;52m▄[38;2;26;24;32;48;2;42;36;47m▃[38;2;27;26;35;48;2;48;42;53m▅[38;2;26;25;32;48;2;50;44;54m▅[38;2;24;22;30;48;2;52;45;55m▆[38;2;20;20;28;48;2;48;40;51m▅[38;2;21;20;28;48;2;45;41;50m▆[38;2;17;18;27;48;2;25;25;33m▂[38;2;20;21;29;48;2;24;23;33m▞[38;2;22;23;32;48;2;17;19;27m▖[38;2;21;22;31;48;2;16;17;25m▁[38;2;19;20;28;48;2;16;18;24m▎[38;2;15;16;24;48;2;17;19;27m▅[38;2;14;16;23;48;2;21;22;31m▆[0m
[38;2;16;14;23;48;2;13;12;19m▄[38;2;15;13;21;48;2;13;12;20m▃[38;2;13;12;20;48;2;12;11;18m▍[38;2;15;14;22m▂[38;2;13;13;21;48;2;12;12;19m▎[38;2;11;10;16;48;2;11;10;17m▞[38;2;13;12;19m▍[38;2;12;11;18;48;2;10;9;16m▎[38;2;12;13;20;48;2;11;10;17m▂[38;2;11;12;19;48;2;10;10;16m▌[38;2;9;9;14;48;2;12;10;18m▆[38;2;11;10;16;48;2;13;12;19m▍[38;2;11;11;18;48;2;14;13;22m▏[38;2;14;16;24;48;2;13;14;22m▅[38;2;17;20;29;48;2;14;17;25m▁[38;2;14;18;27;48;2;11;15;23m▊[38;2;13;17;25;48;2;12;15;23m▊[38;2;13;16;24;48;2;9;11;18m▎[38;2;12;17;25;48;2;15;21;30m▊[38;2;17;23;32;48;2;14;20;29m▁[38;2;16;22;31;48;2;14;20;28m▖[38;2;16;24;33;48;2;14;20;29m▗[38;2;17;23;33;48;2;15;20;29m▅[38;2;18;24;34;48;2;16;21;29m▁[38;2;13;17;25;48;2;10;12;18m▎[38;2;16;21;29;48;2;13;17;25m▁[38;2;15;19;27;48;2;17;21;30m▔[38;2;27;31;41;48;2;18;22;31m▔[38;2;28;32;40;48;2;21;24;32m▕[38;2;23;26;35;48;2;37;40;49m▅[38;2;14;17;23;48;2;28;27;37m▅[38;2;14;18;25;48;2;17;21;30m▞[38;2;18;22;30;48;2;16;19;27m▅[38;2;20;22;31m▕[38;2;17;18;26;48;2;28;27;37m▅[38;2;20;20;28;48;2;30;30;40m▅[38;2;34;32;43;48;2;28;27;36m▘[38;2;37;30;44;48;2;33;27;40m▃[38;2;36;29;43;48;2;28;25;38m▆[38;2;33;29;42;48;2;40;33;47m▔[38;2;44;35;49;48;2;44;36;50m▂[38;2;45;33;47;48;2;45;36;50m▂[38;2;29;30;39;48;2;41;32;45m▗[38;2;19;22;30;48;2;40;35;45m▆[38;2;44;40;51;48;2;17;19;27m▔[38;2;39;40;49;48;2;15;17;25m▔[38;2;16;18;25;48;2;35;34;43m▆[38;2;17;20;28;48;2;41;35;44m▆[38;2;19;22;30;48;2;52;37;46m▆[38;2;20;22;30;48;2;55;38;48m▆[38;2;21;22;31;48;2;54;37;47m▆[38;2;19;21;28;48;2;44;39;48m▃[38;2;21;24;32;48;2;30;34;43m▗[38;2;32;37;46;48;2;17;21;29m▎[38;2;16;20;29;48;2;17;22;31m▝[38;2;19;25;35;48;2;16;21;29m▃[38;2;17;22;31;48;2;14;18;26m▆[38;2;18;26;35;48;2;16;21;29m▂[38;2;21;28;37;48;2;14;19;27m▁[38;2;16;21;29;48;2;14;18;26m▎[38;2;17;22;30;48;2;14;17;25m▃[48;2;16;19;27m▖[38;2;20;24;33;48;2;17;19;27m▁[38;2;28;27;37;48;2;17;18;26m▔[38;2;24;25;34;48;2;17;18;27m▔[38;2;21;21;29;48;2;15;16;24m▔[38;2;12;14;20;48;2;19;19;26m▆[38;2;23;23;33;48;2;15;17;25m▔[38;2;21;22;30;48;2;17;19;27m▔[38;2;18;20;28;48;2;17;18;26m▏[38;2;15;18;26;48;2;15;16;24m▞[38;2;15;17;25;48;2;13;15;23m▎[38;2;11;13;20;48;2;15;16;24m▅[38;2;12;13;20;48;2;14;16;23m▅[48;2;13;15;21m▄[38;2;15;17;24;48;2;12;14;22m▔[38;2;14;16;24;48;2;18;19;28m▆[38;2;13;15;22;48;2;17;18;26m▄[38;2;12;13;20;48;2;13;15;22m▁[38;2;16;17;26;48;2;14;15;23m▂[0m
[38;2;18;15;24;48;2;20;17;27m▏▔[38;2;21;17;27;48;2;16;14;22m▅[38;2;20;17;26;48;2;17;15;24m▅[38;2;18;16;24;48;2;13;12;20m▅[38;2;10;9;15;48;2;14;13;21m▘[38;2;13;12;18;48;2;11;10;17m▄[38;2;13;11;17;48;2;11;11;18m▃[38;2;12;11;18;48;2;15;14;22m▋[38;2;15;14;22;48;2;9;9;15m▍[38;2;9;8;14;48;2;8;8;13m▏[38;2;9;9;15;48;2;14;14;22m▋[38;2;12;12;20;48;2;12;14;22m▊[38;2;15;18;27;48;2;13;15;24m▖[48;2;16;20;29m▆[38;2;14;17;26;48;2;17;21;31m▄[38;2;10;14;21;48;2;14;19;27m▝[38;2;13;17;26;48;2;8;11;17m▎[38;2;12;17;25;48;2;15;21;29m▆[38;2;13;19;27;48;2;16;22;31m▌[38;2;16;22;30;48;2;18;25;35m▋[38;2;15;22;31;48;2;18;25;34m▋[38;2;17;23;33;48;2;19;25;35m▏[38;2;20;27;36;48;2;15;21;30m▍[38;2;10;14;20;48;2;7;10;16m▘[38;2;14;19;27;48;2;21;27;37m▊[38;2;21;28;38;48;2;19;25;34m▖[38;2;21;26;36;48;2;16;21;29m▅[38;2;19;24;32;48;2;24;30;40m▊[38;2;20;25;35;48;2;16;20;28m▍[38;2;12;14;20;48;2;14;18;25m▊[38;2;12;16;23m▖[38;2;12;15;21;48;2;20;24;32m▆[48;2;18;21;28m [38;2;16;18;25;48;2;19;22;29m▁[38;2;21;24;32;48;2;19;22;30m▕[38;2;22;24;33;48;2;26;29;37m▊[38;2;21;23;32;48;2;39;34;46m▃[38;2;18;20;28;48;2;42;35;48m▃[38;2;18;21;29;48;2;42;36;49m▃[38;2;19;21;29;48;2;43;36;49m▃[48;2;44;36;48m▃[38;2;18;19;27;48;2;38;35;45m▃[38;2;22;24;33;48;2;22;24;32m▏[38;2;20;23;31;48;2;20;23;30m▏[38;2;22;26;33;48;2;19;22;30m▝[38;2;21;25;33;48;2;18;21;28m▘[38;2;21;24;32;48;2;14;16;23m▘[38;2;18;22;31;48;2;17;20;28m▖[38;2;17;21;29;48;2;16;19;26m▅[38;2;18;22;30;48;2;15;18;24m▊[38;2;10;12;17;48;2;16;19;26m▋[38;2;23;24;32;48;2;18;21;29m▔[38;2;19;23;32;48;2;18;22;31m▂[38;2;17;23;32;48;2;21;26;36m▝[38;2;18;24;34;48;2;22;28;38m▅[38;2;18;25;35;48;2;19;26;36m▞[38;2;20;28;38m▖[38;2;22;29;39;48;2;19;25;35m▁[38;2;17;21;30;48;2;18;24;34m▔[38;2;18;22;31;48;2;15;20;28m▘[38;2;18;23;31;48;2;14;18;26m▝[38;2;13;16;24;48;2;19;22;31m▆[38;2;11;13;20;48;2;16;19;27m▎[38;2;14;18;26;48;2;13;16;23m▅[38;2;13;16;24;48;2;12;14;21m▎[38;2;13;14;21;48;2;11;13;19m▗[38;2;13;15;23;48;2;16;19;27m▎[38;2;15;19;27;48;2;15;18;26m▏[38;2;15;18;26;48;2;14;17;25m▁[38;2;16;18;27;48;2;13;15;22m▖[38;2;11;13;20m▆[38;2;12;13;21;48;2;11;13;20m▘[38;2;10;12;19;48;2;10;12;20m▂[48;2;11;13;20m▆[38;2;11;13;21;48;2;11;12;19m▔[38;2;12;14;21;48;2;11;13;20m▔[38;2;14;16;23;48;2;12;14;20m▂[38;2;15;16;24;48;2;14;15;22m▗[38;2;13;14;21;48;2;18;18;27m▄[0m
[38;2;20;16;25;48;2;18;14;22m▔[38;2;21;17;26;48;2;17;14;22m▁[38;2;16;12;20;48;2;17;15;23m▂[38;2;17;14;21;48;2;18;16;24m▅[38;2;19;16;25;48;2;19;15;22m▘[38;2;27;18;26;48;2;20;16;24m▂[38;2;29;19;27;48;2;19;15;22m▅[38;2;32;21;30;48;2;20;15;22m▄[38;2;37;24;34;48;2;22;17;26m▄[38;2;31;20;29;48;2;17;14;20m▅[38;2;19;14;21;48;2;11;10;16m▖[38;2;10;9;14;48;2;14;14;22m▌[38;2;12;13;22;48;2;15;16;25m▘[38;2;14;17;25;48;2;16;19;28m▅[38;2;14;16;24;48;2;17;19;29m▁[38;2;15;17;26;48;2;12;15;23m▘[38;2;10;12;20;48;2;12;16;24m▖[38;2;12;18;26;48;2;7;11;18m▎[48;2;10;15;22m▘[38;2;14;19;27;48;2;12;16;24m▂[38;2;13;19;27;48;2;17;23;32m▊[38;2;15;20;29;48;2;17;24;33m▃[38;2;13;19;28;48;2;18;24;34m▘[38;2;19;25;35;48;2;17;23;32m▍[38;2;14;19;27;48;2;8;11;17m▎[38;2;12;16;24;48;2;17;23;31m▍[38;2;16;22;31;48;2;20;26;36m▖[38;2;22;29;38;48;2;16;22;30m▊[38;2;15;20;28;48;2;20;25;35m▏[38;2;17;22;30;48;2;23;30;39m▆[38;2;15;19;26;48;2;10;13;18m▏[38;2;18;22;30;48;2;14;18;25m▃[38;2;16;19;26;48;2;10;11;16m▂[38;2;8;7;12;48;2;12;12;17m▅[38;2;19;21;29;48;2;8;8;12m▔[38;2;11;12;17;48;2;16;17;24m▅[38;2;13;12;17;48;2;17;18;26m▆[38;2;38;25;37;48;2;17;12;18m▁[38;2;39;27;41;48;2;19;13;20m▁[38;2;40;23;34;48;2;18;13;19m▂[38;2;39;22;32;48;2;19;14;19m▂[38;2;40;27;39;48;2;20;13;19m▁[38;2;26;17;25;48;2;14;12;17m▁[38;2;13;14;19;48;2;18;19;26m▅[38;2;11;12;17;48;2;17;20;26m▆[38;2;7;7;11;48;2;14;15;21m▅[38;2;14;15;21;48;2;10;10;14m▔[38;2;12;12;17;48;2;15;17;23m▋[38;2;15;17;24;48;2;17;20;28m▖[38;2;20;24;32m▁[38;2;16;20;28;48;2;11;15;20m▋[38;2;9;12;17;48;2;14;17;23m▌[38;2;14;16;24;48;2;17;21;28m▂[38;2;21;25;34;48;2;12;15;21m▎[38;2;19;25;35;48;2;13;16;24m▔[38;2;16;21;29;48;2;19;24;33m▎[38;2;20;26;36;48;2;19;25;35m▘[38;2;22;29;39m▝[38;2;19;25;34;48;2;20;27;37m▄[38;2;18;25;34;48;2;13;18;26m▍[38;2;19;25;35;48;2;15;19;28m▂[38;2;16;21;30;48;2;17;23;32m▞[38;2;18;24;33;48;2;16;21;29m▃[38;2;14;18;27;48;2;18;23;33m▌[38;2;18;24;33;48;2;14;17;26m▖[38;2;13;16;24;48;2;11;14;21m▏[38;2;12;14;22;48;2;15;19;28m▌[38;2;17;22;31;48;2;16;19;27m▖[38;2;16;20;29;48;2;15;17;26m▘[38;2;14;16;24;48;2;15;18;27m▆[38;2;12;14;22;48;2;12;15;22m▔[48;2;11;13;20m▍[48;2;11;13;19m [38;2;11;13;20;48;2;11;12;19m▂[38;2;12;13;20;48;2;10;12;19m▁[38;2;13;14;21;48;2;11;12;19m▃[38;2;17;17;26;48;2;13;14;21m▖[38;2;15;17;25m▔[38;2;15;14;21;48;2;12;13;19m▘[38;2;12;13;20;48;2;12;12;19m▄[0m
[38;2;22;13;21;48;2;22;15;24m▅[38;2;21;13;21;48;2;21;17;26m▄[38;2;28;17;26;48;2;22;15;22m▗[38;2;31;17;26;48;2;25;15;23m▗[38;2;33;16;24;48;2;28;16;24m▖[38;2;18;13;20;48;2;31;18;27m▁[38;2;22;15;24;48;2;36;20;30m▄[38;2;20;15;24;48;2;36;21;31m▄[38;2;24;20;30;48;2;39;24;34m▄[38;2;33;21;31;48;2;39;24;35m▞[38;2;33;21;29;48;2;24;16;23m▌[38;2;30;21;30;48;2;20;16;24m▄[38;2;34;26;36;48;2;21;18;27m▄[38;2;26;22;31;48;2;18;17;26m▖[38;2;19;20;29;48;2;14;15;23m▃[38;2;15;17;25;48;2;11;12;19m▁[38;2;12;15;23;48;2;15;19;28m▆[38;2;12;17;25;48;2;8;11;18m▎[38;2;15;21;30;48;2;12;16;24m▂[38;2;10;13;21;48;2;13;17;25m▋[38;2;19;25;35;48;2;16;21;30m▔[38;2;13;18;26;48;2;17;23;32m▕[38;2;13;18;27;48;2;19;25;34m▂[38;2;21;27;38;48;2;14;19;27m▍[38;2;13;18;26;48;2;8;11;17m▍[38;2;11;15;22;48;2;10;13;19m▝[38;2;9;12;17;48;2;16;21;31m▃[38;2;13;17;24;48;2;20;25;34m▃[38;2;16;20;28;48;2;18;24;33m▏[48;2;20;25;33m▆[38;2;16;19;27;48;2;10;13;19m▎[38;2;19;24;33;48;2;25;29;38m▊[38;2;16;19;26;48;2;15;17;23m▘[38;2;15;17;23;48;2;12;13;17m▎[38;2;13;12;17;48;2;8;8;12m▋[38;2;19;18;24;48;2;15;14;19m▂[38;2;19;15;21;48;2;17;13;18m▖[38;2;20;16;24;48;2;38;26;38m▖[38;2;42;26;39;48;2;44;29;41m▂[38;2;52;31;43;48;2;46;30;43m▃[38;2;53;32;45;48;2;43;28;41m▃[38;2;52;33;45m▃[38;2;43;28;39;48;2;17;11;17m▋[38;2;19;12;18;48;2;14;12;17m▏[38;2;14;14;18;48;2;9;9;13m▋[38;2;19;20;26;48;2;11;12;16m▗[38;2;21;22;29;48;2;16;17;22m▗[38;2;17;18;24;48;2;19;21;28m▋[38;2;20;21;29;48;2;22;25;34m▊[38;2;15;19;26;48;2;19;21;29m▝[38;2;17;20;28;48;2;11;14;19m▋[38;2;21;24;31m▕[38;2;23;25;33;48;2;18;21;29m▖[38;2;18;21;29;48;2;16;19;27m▖[38;2;15;19;26;48;2;11;13;19m▘[38;2;7;9;13;48;2;16;20;28m▍[38;2;15;19;27;48;2;17;22;32m▎[38;2;15;20;30;48;2;18;23;32m▝[38;2;7;10;15;48;2;16;20;29m▗[48;2;13;17;25m▖[38;2;16;22;31;48;2;20;26;37m▆[38;2;13;17;25;48;2;17;23;32m▆[38;2;17;22;31;48;2;13;17;25m▗[38;2;13;17;26;48;2;16;21;30m▋[38;2;16;20;29;48;2;12;15;23m▅[38;2;13;16;24;48;2;16;20;29m▋[38;2;16;20;29;48;2;13;16;24m▅[38;2;17;19;28;48;2;16;19;28m▗[38;2;18;20;30;48;2;14;17;26m▖[38;2;14;17;25;48;2;12;15;23m▔[38;2;11;13;21;48;2;12;14;22m▆[38;2;13;14;22;48;2;11;13;20m▘[38;2;13;14;21;48;2;11;12;18m▌[38;2;17;15;23;48;2;13;13;20m▗[38;2;19;17;25;48;2;14;14;21m▃[38;2;16;16;23;48;2;15;14;21m▝[38;2;15;15;23;48;2;13;12;18m▞[38;2;13;14;21;48;2;12;12;18m▏[38;2;12;12;18;48;2;13;13;20m▊[38;2;16;13;20;48;2;13;12;19m▁[0m
[38;2;25;14;23;48;2;27;17;26m▝[38;2;24;14;22;48;2;27;15;24m▄[38;2;36;16;23;48;2;19;13;21m▘[38;2;26;15;24;48;2;17;12;20m▔[38;2;22;15;23;48;2;16;13;21m▔[38;2;19;18;27;48;2;16;14;22m▗[38;2;17;15;24;48;2;20;17;26m▅[38;2;23;21;32;48;2;21;19;28m▞[38;2;17;15;23;48;2;22;20;30m▃[38;2;19;16;26;48;2;26;18;27m▃[38;2;24;16;24;48;2;32;21;31m▃[38;2;35;20;30;48;2;42;25;36m▁[38;2;35;24;33;48;2;42;28;38m▝[38;2;36;25;33;48;2;27;21;29m▃[38;2;17;17;25;48;2;23;21;29m▝[38;2;21;20;29;48;2;16;17;26m▂[38;2;20;22;32;48;2;15;16;24m▗[38;2;12;15;22;48;2;9;12;18m▋[38;2;12;15;23;48;2;10;14;21m▁[38;2;11;15;22;48;2;9;12;20m▅[38;2;11;14;21;48;2;13;17;25m▌[38;2;11;15;23;48;2;16;21;29m▅[38;2;16;21;30;48;2;12;17;25m▔[38;2;12;15;22;48;2;16;21;30m▊[38;2;14;18;26;48;2;8;11;17m▏[38;2;13;17;24;48;2;16;21;30m▆[38;2;10;13;20;48;2;15;20;28m▔[38;2;15;20;28;48;2;11;14;21m▍[38;2;13;16;23;48;2;16;21;29m▌[38;2;14;16;23;48;2;19;23;31m▆[38;2;12;14;20;48;2;9;11;17m▎[38;2;14;16;23;48;2;20;23;32m▖[38;2;21;22;30;48;2;19;20;27m▄[38;2;20;20;26;48;2;16;14;19m▍[38;2;17;15;21;48;2;10;9;13m▋[38;2;21;20;27;48;2;20;17;23m▎[38;2;24;18;25;48;2;22;15;21m▏[38;2;17;14;21;48;2;14;12;19m▝[38;2;19;15;23;48;2;35;23;35m▅[38;2;32;21;31;48;2;53;31;43m▖[38;2;51;32;44;48;2;56;33;46m▁[38;2;26;21;30;48;2;53;35;47m▄[38;2;28;24;34;48;2;21;17;24m▏[38;2;24;15;21;48;2;16;14;19m▎[38;2;15;14;19;48;2;12;10;15m▋[38;2;12;12;16;48;2;19;19;24m▍[38;2;20;20;25;48;2;15;15;20m▋[38;2;19;19;26;48;2;22;22;29m▆[38;2;21;20;27;48;2;20;20;27m▁[38;2;17;18;24;48;2;20;23;31m▆[38;2;13;14;20;48;2;16;19;25m▆[38;2;7;9;13;48;2;15;16;23m▌[38;2;23;21;29;48;2;19;20;28m▖[38;2;25;28;37;48;2;18;21;29m▁[38;2;15;18;25;48;2;12;14;20m▍[38;2;9;11;16;48;2;16;19;26m▍[38;2;14;17;25;48;2;18;22;31m▏[38;2;21;25;34;48;2;17;22;30m▁[38;2;14;19;27;48;2;9;11;17m▌[38;2;7;10;15;48;2;13;18;26m▋[38;2;13;17;24;48;2;15;19;28m▖[38;2;16;21;29;48;2;18;23;32m▊[38;2;14;18;27;48;2;18;24;34m▊[38;2;18;23;32;48;2;10;13;19m▌[38;2;16;21;29;48;2;15;19;27m▎[38;2;11;13;20;48;2;12;15;23m▄[38;2;11;14;22;48;2;14;17;26m▅[38;2;14;16;24;48;2;12;14;22m▎[38;2;12;14;22;48;2;14;17;25m▄[48;2;13;15;23m [38;2;14;14;21;48;2;12;13;21m▁[38;2;12;13;20;48;2;14;13;20m▌[38;2;26;20;27;48;2;18;15;23m▗[38;2;37;25;34;48;2;25;20;27m▄[38;2;34;23;31;48;2;26;20;28m▅[38;2;30;20;28;48;2;20;16;23m▃[38;2;23;17;24;48;2;16;14;20m▃[38;2;22;16;23;48;2;14;12;19m▃[38;2;23;16;23;48;2;16;13;20m▃[38;2;27;19;26;48;2;19;15;21m▃[0m
[38;2;28;16;26;48;2;32;18;28m▃[38;2;36;20;30;48;2;26;16;25m▃[38;2;29;18;27;48;2;19;14;21m▄[38;2;25;19;28;48;2;17;14;22m▅[38;2;26;18;26;48;2;19;15;24m▃[48;2;20;14;22m▁[38;2;22;14;22;48;2;21;17;26m▃[38;2;23;17;25;48;2;18;14;22m▂[38;2;16;14;22;48;2;22;19;28m▆[38;2;18;17;27;48;2;16;14;22m▘[38;2;25;16;24;48;2;17;14;22m▝[38;2;20;14;21;48;2;28;17;25m▂[38;2;27;16;25;48;2;35;21;31m▃[38;2;34;21;30;48;2;39;25;35m▃[38;2;33;22;31;48;2;29;21;29m▏[38;2;29;21;30;48;2;25;20;28m▎[38;2;22;22;32;48;2;20;19;28m▔[38;2;19;19;27;48;2;11;12;19m▎[38;2;11;14;21;48;2;14;17;24m▍[38;2;10;13;20;48;2;14;17;25m▝[38;2;12;16;24;48;2;11;14;20m▋[38;2;12;13;21;48;2;13;16;23m▖[38;2;14;18;26m▝[38;2;15;18;27m▔[38;2;11;14;20;48;2;8;10;15m▍[38;2;11;14;21;48;2;14;18;26m▏[38;2;19;23;33;48;2;17;21;29m▅[38;2;14;16;23m▂[38;2;21;25;33;48;2;15;18;25m▆[38;2;18;20;28;48;2;14;15;21m▖[38;2;11;13;20;48;2;8;8;12m▝[38;2;20;21;28;48;2;15;16;22m▗[38;2;21;21;30;48;2;20;18;25m▖[38;2;26;22;28;48;2;21;18;24m▃[38;2;21;16;22;48;2;15;11;15m▌[38;2;23;18;24;48;2;22;17;23m▗[38;2;26;17;23;48;2;24;15;22m▖[38;2;11;10;16;48;2;12;11;18m▋[38;2;16;13;21m▝[38;2;53;28;40;48;2;21;16;25m▝[38;2;50;29;40;48;2;23;19;28m▘[38;2;14;13;20;48;2;17;15;22m▃[38;2;32;19;25;48;2;15;14;21m▕[38;2;29;16;22;48;2;22;16;22m▖[38;2;16;13;19;48;2;12;11;16m▊[38;2;25;22;29;48;2;18;15;21m▗[38;2;22;20;26;48;2;14;13;18m▋[38;2;16;15;21;48;2;20;20;26m▆[38;2;16;16;22;48;2;21;21;27m▃[38;2;15;15;21;48;2;20;21;28m▄[48;2;11;11;16m▍[48;2;9;9;14m▝[38;2;21;23;31;48;2;20;18;25m▝[38;2;14;15;22;48;2;22;23;31m▄[38;2;17;19;26;48;2;13;15;21m▘[38;2;12;13;19;48;2;20;22;30m▌[38;2;20;23;32;48;2;19;22;30m▞[48;2;18;21;30m▎[38;2;12;14;21;48;2;16;19;27m▝[48;2;9;11;17m▁[38;2;18;21;29;48;2;13;16;23m▍[38;2;15;19;27;48;2;13;16;24m▊[38;2;14;16;24;48;2;16;20;28m▋[38;2;15;19;27;48;2;10;13;19m▌[38;2;14;17;25;48;2;16;19;28m▝[38;2;15;18;27;48;2;14;15;24m▏[38;2;16;18;27;48;2;12;14;21m▃[38;2;14;17;25;48;2;13;16;24m▗[38;2;15;15;23;48;2;13;15;23m▗[38;2;18;17;25;48;2;15;16;24m▃[38;2;17;15;23;48;2;15;15;22m▄[38;2;20;16;23;48;2;16;14;22m▃[48;2;27;19;26m▍[38;2;36;23;32;48;2;42;26;36m▍[38;2;46;27;38;48;2;42;27;37m▅[38;2;35;22;31;48;2;44;25;35m▝[38;2;24;16;25;48;2;40;23;32m▁[38;2;42;24;33;48;2;34;21;29m▅[38;2;43;24;33;48;2;31;19;27m▅[38;2;42;24;33;48;2;35;21;30m▖[0m
[38;2;18;12;19;48;2;30;17;26m▃[38;2;29;17;26;48;2;36;20;30m▃[38;2;29;18;27;48;2;37;21;30m▄[38;2;34;20;29;48;2;30;18;27m▄[38;2;32;18;27;48;2;34;20;30m▞[38;2;33;19;29;48;2;29;17;26m▖[38;2;22;18;28;48;2;33;20;29m▁[38;2;36;21;31;48;2;26;18;27m▆[38;2;34;23;33;48;2;23;17;25m▆[38;2;32;23;33;48;2;23;18;27m▖[38;2;21;17;25;48;2;18;14;21m▌[38;2;22;17;24;48;2;18;14;22m▁[48;2;20;14;21m [38;2;17;12;19;48;2;27;18;27m▅[38;2;23;15;23;48;2;31;19;28m▂[38;2;30;19;27;48;2;34;21;30m▞[38;2;26;18;26;48;2;19;15;22m▌[38;2;13;11;17;48;2;15;13;19m▊[38;2;15;15;22;48;2;17;18;26m▊[38;2;19;20;28;48;2;16;16;24m▖[38;2;15;17;26;48;2;13;14;22m▘[38;2;11;14;20;48;2;14;17;25m▝[38;2;13;16;24;48;2;12;14;21m▅[38;2;16;19;26;48;2;13;13;20m▌[38;2;13;15;22;48;2;9;10;16m▕[38;2;12;13;20;48;2;15;18;25m▍[38;2;20;22;30;48;2;17;18;25m▊[38;2;19;21;28;48;2;15;17;24m▏[38;2;16;16;22;48;2;19;21;29m▂[38;2;24;25;33;48;2;15;15;21m▋[38;2;15;15;20;48;2;10;9;14m▕[38;2;22;21;29;48;2;13;12;17m▝[38;2;22;18;25;48;2;27;25;32m▞[38;2;20;16;21;48;2;26;20;26m▆[38;2;22;17;23;48;2;14;11;16m▍[38;2;20;15;21;48;2;23;17;23m▌[38;2;29;16;23;48;2;10;9;14m▊[38;2;11;10;17;48;2;9;9;16m▔[38;2;10;9;15;48;2;11;10;18m▖[38;2;13;12;19;48;2;20;17;27m▋[38;2;18;17;26;48;2;15;14;22m▍[38;2;14;14;20;48;2;11;12;18m▘[38;2;20;15;20;48;2;11;11;17m▕[38;2;34;17;23;48;2;22;14;20m▍[38;2;12;10;15;48;2;18;14;20m▕[38;2;18;13;18;48;2;22;17;23m▖[38;2;19;17;22;48;2;18;15;21m▘[38;2;21;20;26;48;2;16;14;20m▍[38;2;20;19;25;48;2;17;16;22m▘[38;2;11;10;16;48;2;18;18;24m▆[38;2;15;15;20;48;2;10;11;15m▖[38;2;13;12;17;48;2;9;9;13m▝[38;2;16;13;19;48;2;24;21;29m▆[38;2;24;21;28;48;2;18;17;24m▍[38;2;19;19;26;48;2;15;16;23m▍[38;2;13;14;19;48;2;18;17;23m▋[38;2;15;15;21;48;2;19;20;27m▃[38;2;19;19;27;48;2;19;21;29m▄[38;2;20;21;30;48;2;17;19;27m▎[38;2;15;17;24;48;2;11;13;20m▌[38;2;14;16;23;48;2;12;14;20m▕[38;2;15;17;25m▊[38;2;16;18;25;48;2;13;15;22m▖[38;2;13;15;22;48;2;10;11;17m▌[38;2;11;13;19;48;2;16;17;25m▎[38;2;17;18;26;48;2;16;16;24m▌[38;2;17;17;24;48;2;15;16;23m▄[38;2;21;19;27;48;2;16;16;23m▃[38;2;27;22;30;48;2;19;17;25m▃[38;2;30;23;31;48;2;26;20;28m▖[38;2;34;23;31;48;2;22;17;24m▄[38;2;38;23;32;48;2;27;19;27m▃[38;2;31;21;29;48;2;39;23;32m▘[38;2;41;23;31;48;2;46;26;36m▂[38;2;36;21;30;48;2;47;26;35m▗[38;2;38;22;32;48;2;23;16;24m▘[38;2;22;16;24;48;2;17;13;21m▘[38;2;25;17;26;48;2;19;14;22m▔[38;2;37;20;29;48;2;23;16;24m▔[38;2;25;16;24;48;2;35;19;27m▅[0m
[38;2;16;11;18;48;2;11;10;15m▔[38;2;24;17;25;48;2;11;10;16m▔[38;2;15;14;22;48;2;25;17;25m▄[38;2;23;17;25;48;2;29;16;24m▆[38;2;19;17;25;48;2;17;13;20m▖[38;2;14;16;24;48;2;14;13;20m▁[38;2;20;19;30;48;2;14;14;22m▝[38;2;31;21;31;48;2;18;16;25m▝[38;2;38;23;33;48;2;33;18;28m▆[38;2;38;19;29;48;2;34;20;29m▄[38;2;34;21;30;48;2;29;18;26m▗[38;2;34;18;28;48;2;24;16;24m▁[38;2;28;17;26;48;2;21;14;21m▄[38;2;32;18;27;48;2;23;15;23m▗[38;2;28;16;24;48;2;22;15;22m▖[38;2;24;14;21;48;2;28;16;23m▏[38;2;31;18;26;48;2;29;17;25m▂[38;2;26;16;23;48;2;19;12;18m▖[38;2;21;15;22;48;2;26;21;28m▋[38;2;28;21;29;48;2;22;18;26m▄[38;2;23;19;26;48;2;18;17;24m▂[38;2;18;17;24;48;2;15;15;22m▎[38;2;17;18;25;48;2;16;16;22m▝[38;2;18;18;25;48;2;13;12;18m▎[38;2;7;7;11;48;2;14;14;19m▋[38;2;13;14;19;48;2;18;19;27m▊[38;2;17;17;23;48;2;19;20;28m▄[38;2;20;20;27;48;2;18;17;24m▖[38;2;23;22;30;48;2;21;19;26m▝[48;2;21;18;24m▔[38;2;19;14;20;48;2;9;8;13m▍[38;2;18;16;22;48;2;13;12;17m▝[38;2;17;12;18;48;2;22;16;22m▂[48;2;21;15;21m▝[38;2;25;16;22;48;2;18;12;18m▍[38;2;31;16;21;48;2;22;15;21m▕[38;2;36;16;21;48;2;22;12;18m▖[38;2;8;8;13;48;2;9;8;14m▍[38;2;9;9;16;48;2;10;9;16m▖[38;2;10;10;17;48;2;15;13;22m▋[38;2;13;13;21;48;2;11;11;19m▔[38;2;12;12;19;48;2;10;10;17m▘[38;2;10;9;14;48;2;10;10;16m▃[38;2;28;15;21;48;2;22;13;18m▌[38;2;21;14;19;48;2;17;12;17m▖[38;2;14;8;13;48;2;18;12;18m▍[38;2;20;16;22;48;2;15;12;17m▌[38;2;17;14;19;48;2;15;13;18m▗[38;2;20;18;24;48;2;16;15;20m▋[38;2;18;16;22;48;2;18;15;21m▏[38;2;18;18;24;48;2;16;15;21m▘[38;2;11;9;14;48;2;23;17;23m▊[38;2;29;19;26;48;2;20;16;22m▏[38;2;26;15;20;48;2;21;16;23m▎[38;2;21;21;29;48;2;14;14;20m▔[38;2;11;10;15;48;2;15;14;19m▆[38;2;12;10;15;48;2;15;13;19m▅[38;2;13;12;18;48;2;17;17;23m▃[38;2;16;16;22;48;2;19;19;26m▎[38;2;14;14;21;48;2;16;17;23m▁[38;2;9;10;14;48;2;13;14;20m▎[38;2;16;17;24;48;2;15;15;22m▎[38;2;12;11;17;48;2;15;16;23m▗[38;2;14;15;21;48;2;9;9;14m▊[38;2;11;11;16;48;2;17;16;24m▍[38;2;19;17;24;48;2;23;19;26m▋[38;2;20;17;23;48;2;28;20;28m▘[38;2;33;22;30;48;2;28;21;29m▗[38;2;32;19;27;48;2;33;22;31m▁[38;2;27;19;28;48;2;35;22;31m▁[38;2;28;19;27;48;2;37;21;30m▁[38;2;35;18;26;48;2;40;22;31m▃[38;2;29;15;23;48;2;39;21;29m▃[38;2;27;15;23;48;2;35;19;27m▄[38;2;29;19;28;48;2;21;15;22m▔[38;2;18;14;22;48;2;15;12;19m▎[38;2;21;16;24;48;2;16;13;20m▄[38;2;23;18;27;48;2;19;15;24m▃[38;2;21;17;25;48;2;18;14;21m▌[38;2;22;16;24;48;2;19;14;21m▁[0m
[38;2;12;12;19;48;2;10;10;16m▃[38;2;17;17;26m▃[38;2;9;9;15;48;2;12;13;21m▖[38;2;15;18;26m▖[38;2;13;15;23;48;2;17;19;28m▅[38;2;16;18;26;48;2;14;16;24m▗[38;2;16;18;27;48;2;12;14;22m▖[38;2;17;20;29;48;2;14;16;24m▂[38;2;23;19;29;48;2;15;15;23m▝[38;2;24;17;26;48;2;40;21;31m▄[38;2;18;13;20;48;2;35;18;27m▃[38;2;40;24;36;48;2;38;20;30m▃[38;2;47;24;36;48;2;35;20;30m▅[38;2;45;25;36;48;2;34;19;28m▆[38;2;45;26;37;48;2;29;17;26m▄[38;2;47;28;39;48;2;36;22;31m▃[38;2;46;30;40;48;2;36;23;32m▄[38;2;35;22;31;48;2;27;16;24m▖[38;2;21;15;22;48;2;28;16;24m▂[38;2;23;14;20;48;2;30;18;26m▂[38;2;30;17;24;48;2;26;16;23m▏[38;2;27;18;25;48;2;20;15;22m▄[38;2;30;20;27;48;2;20;17;25m▄[38;2;32;19;26;48;2;19;16;23m▃[38;2;21;13;18;48;2;13;11;16m▂[38;2;19;17;24;48;2;17;15;20m▝[38;2;21;19;24;48;2;17;16;21m▁[38;2;17;16;22;48;2;19;17;23m▎[38;2;17;15;21;48;2;21;19;25m▆[38;2;21;16;22;48;2;17;14;20m▃[38;2;21;14;19;48;2;8;7;11m▎[38;2;13;10;15;48;2;16;13;18m▖[38;2;23;17;23;48;2;20;14;20m▔[38;2;27;18;24;48;2;19;12;18m▘[38;2;18;10;15;48;2;21;13;18m▋[38;2;37;15;20;48;2;25;15;20m▗[38;2;32;11;15;48;2;15;8;12m▖[38;2;8;7;13;48;2;8;7;12m▕[38;2;8;8;13;48;2;9;9;15m▂[38;2;9;9;15;48;2;12;10;18m▋[38;2;10;10;16;48;2;11;10;18m▄[38;2;8;8;13;48;2;10;9;15m▗[38;2;9;9;14;48;2;9;8;13m▘[38;2;12;8;13;48;2;33;15;19m▎[38;2;26;15;20;48;2;21;14;20m▏[38;2;14;9;13;48;2;20;12;17m▍[38;2;19;13;18;48;2;21;15;21m▖[38;2;20;16;21;48;2;18;12;17m▎[38;2;18;13;18;48;2;20;15;21m▍[38;2;18;12;17;48;2;16;13;18m▔[38;2;16;12;17;48;2;13;11;16m▃[38;2;9;7;12;48;2;19;12;17m▌[38;2;25;15;20;48;2;17;12;17m▗[38;2;31;23;31;48;2;19;15;20m▝[38;2;18;17;22;48;2;15;14;19m▗[38;2;12;11;16;48;2;17;16;22m▃[38;2;13;11;16;48;2;11;10;15m▖[38;2;13;13;19;48;2;12;11;16m▖[38;2;12;11;16;48;2;16;15;21m▅[38;2;11;10;15;48;2;15;14;21m▅[38;2;9;9;14;48;2;13;12;18m▋[38;2;12;12;17;48;2;14;13;20m▊[38;2;19;15;22;48;2;15;14;20m▗[38;2;20;15;21;48;2;14;13;18m▄[38;2;14;12;17;48;2;20;15;22m▏[38;2;21;16;22;48;2;27;19;26m▎[38;2;30;18;26;48;2;31;20;28m▄[38;2;25;17;24;48;2;33;19;26m▂[38;2;32;19;26;48;2;20;16;24m▘[38;2;25;21;30;48;2;15;13;21m▘[38;2;14;11;17;48;2;21;14;23m▆[38;2;31;15;23;48;2;17;12;18m▔[38;2;18;13;21;48;2;31;16;25m▆[38;2;30;16;24;48;2;25;17;25m▔[38;2;25;22;32;48;2;22;16;23m▃[38;2;23;20;30;48;2;19;16;24m▅[38;2;29;21;32;48;2;20;17;26m▃[38;2;34;23;32;48;2;21;18;27m▁[38;2;18;14;22;48;2;23;17;25m▅[38;2;16;13;21;48;2;24;16;25m▅[0m
[38;2;15;14;23;48;2;12;12;20m▗[38;2;18;17;27;48;2;17;16;25m▝[38;2;12;13;19;48;2;17;17;26m▝[38;2;15;15;23;48;2;10;10;16m▖[38;2;10;11;18;48;2;14;15;23m▎[38;2;15;16;25;48;2;13;14;22m▂[38;2;22;23;35;48;2;17;19;29m▁[38;2;19;21;31;48;2;16;17;26m▞[38;2;20;22;33;48;2;21;21;31m▘[38;2;23;21;32;48;2;21;17;26m▂[38;2;29;18;27;48;2;22;15;23m▘[38;2;23;14;22;48;2;20;14;22m▔[38;2;35;23;35;48;2;21;15;22m▔[38;2;22;15;22;48;2;44;29;40m▅[38;2;29;23;32;48;2;46;27;38m▄[38;2;34;25;35;48;2;43;25;36m▖[38;2;46;30;40;48;2;44;26;37m▝[38;2;38;24;34;48;2;42;26;37m▝[38;2;40;26;35;48;2;23;16;22m▄[38;2;30;18;26;48;2;19;13;19m▁[38;2;32;15;21;48;2;26;15;21m▕[38;2;33;15;21;48;2;29;15;22m▁[38;2;32;19;26;48;2;30;16;23m▘[38;2;34;17;23;48;2;39;21;27m▅[38;2;30;16;21;48;2;26;15;21m▍[38;2;26;16;23;48;2;21;16;22m▖[38;2;21;19;25;48;2;18;14;20m▔[38;2;22;16;21;48;2;19;14;20m▕[38;2;22;15;21;48;2;18;13;19m▃[38;2;21;15;21;48;2;18;12;17m▌[38;2;21;11;15;48;2;11;8;12m▎[38;2;14;10;15;48;2;18;12;17m▌[38;2;21;13;18;48;2;18;11;16m▘[38;2;21;11;16;48;2;21;12;17m▁[38;2;24;11;15;48;2;19;10;15m▎[38;2;25;12;18;48;2;41;15;20m▊[38;2;35;11;15;48;2;10;5;10m▎[38;2;9;5;10;48;2;8;6;11m▃[38;2;7;6;11;48;2;8;7;12m▄[38;2;8;7;12;48;2;9;8;15m▅[38;2;9;8;13;48;2;10;9;15m▆[48;2;8;7;12m▘[38;2;10;6;12;48;2;9;6;12m▕[38;2;39;15;19;48;2;28;11;16m▗[38;2;32;14;20;48;2;23;13;19m▋[38;2;17;10;15;48;2;24;13;19m▌[38;2;26;15;20;48;2;21;13;19m▗[38;2;28;15;20;48;2;20;13;19m▗[38;2;26;15;21;48;2;21;14;20m▗[38;2;22;14;20;48;2;16;11;17m▖[38;2;23;16;22;48;2;16;11;16m▖[38;2;21;11;15;48;2;11;7;11m▝[38;2;23;13;17;48;2;14;11;16m▖[38;2;20;14;19;48;2;16;13;18m▗[38;2;20;15;20;48;2;18;14;20m▄[38;2;16;12;18;48;2;12;10;15m▍[38;2;19;14;20;48;2;14;12;17m▝[38;2;13;12;17;48;2;15;14;21m▆[38;2;15;14;20;48;2;13;12;18m▖[38;2;17;15;21;48;2;12;11;16m▁[38;2;16;12;18;48;2;12;10;16m▂[38;2;22;16;22;48;2;18;14;20m▂[38;2;24;17;23;48;2;21;16;22m▗[38;2;29;20;28;48;2;23;15;22m▖[38;2;23;15;21;48;2;29;18;25m▍[38;2;23;15;22;48;2;30;19;26m▂[38;2;34;20;28;48;2;21;16;24m▔[38;2;22;21;31;48;2;17;15;22m▁[38;2;14;15;23;48;2;18;17;26m▝[38;2;13;13;20;48;2;17;17;26m▃[38;2;17;14;22;48;2;12;11;18m▝[38;2;23;22;32;48;2;16;13;20m▁[38;2;26;23;35;48;2;20;17;26m▗[38;2;20;17;26;48;2;24;21;31m▁[38;2;16;14;21;48;2;23;21;31m▃[38;2;27;22;32;48;2;31;21;30m▅[38;2;35;23;33;48;2;23;19;29m▘[38;2;12;12;19;48;2;18;17;26m▆[38;2;20;16;24;48;2;10;11;17m▔[38;2;13;12;19;48;2;11;11;18m▘[0m
[38;2;16;12;19;48;2;17;14;23m▌[38;2;16;14;21;48;2;18;16;24m▏[38;2;14;12;20;48;2;18;16;25m▘[38;2;18;15;22;48;2;20;18;27m▁[38;2;19;16;25;48;2;14;13;20m▖[38;2;18;15;24;48;2;19;19;29m▆[38;2;23;23;34;48;2;21;19;29m▝[38;2;32;24;36;48;2;23;21;32m▃[38;2;29;22;31;48;2;22;20;28m▂[38;2;26;20;28;48;2;20;18;26m▄[38;2;19;14;20;48;2;23;18;26m▗[38;2;21;15;22;48;2;18;11;18m▖[38;2;15;10;16;48;2;19;17;24m▅[38;2;17;13;19;48;2;20;16;24m▅[38;2;25;20;29;48;2;22;16;24m▗[38;2;29;21;30;48;2;24;17;25m▔[38;2;28;18;26;48;2;39;23;34m▅[38;2;43;26;37;48;2;49;29;41m▋[38;2;55;33;44;48;2;46;29;40m▆[38;2;50;31;41;48;2;39;24;33m▅[38;2;42;25;35;48;2;33;20;27m▄[38;2;34;20;28;48;2;29;16;23m▖[38;2;30;15;21;48;2;33;15;21m▞[38;2;32;14;19;48;2;23;11;17m▝[38;2;35;17;21;48;2;31;12;17m▔[38;2;28;11;16;48;2;26;13;18m▁[38;2;28;13;19;48;2;19;11;17m▄[38;2;30;14;20;48;2;21;13;19m▂[38;2;23;15;21;48;2;25;14;20m▘[38;2;28;13;18;48;2;26;14;20m▗[38;2;23;8;12;48;2;13;7;11m▖[38;2;16;9;14;48;2;20;11;16m▋[38;2;22;12;17;48;2;19;9;14m▋[38;2;24;10;15;48;2;22;10;16m▂[38;2;20;8;13;48;2;22;10;15m▌[38;2;29;11;16;48;2;41;13;18m▋[38;2;47;13;17;48;2;12;5;9m▎[38;2;10;5;10;48;2;8;5;9m▆[38;2;7;5;9;48;2;7;5;10m▖[38;2;7;5;10;48;2;8;6;11m▊[38;2;8;7;11;48;2;8;6;10m▔[38;2;10;6;10;48;2;9;6;11m▗[38;2;11;6;10;48;2;10;6;11m▅[38;2;15;7;11;48;2;51;16;19m▍[38;2;42;15;19;48;2;28;12;16m▎[38;2;31;12;16;48;2;22;10;15m▁[38;2;20;10;15;48;2;23;12;17m▖[38;2;26;14;19;48;2;22;12;17m▝[38;2;31;17;24;48;2;24;14;20m▍[38;2;20;12;17;48;2;16;10;14m▌[38;2;19;11;16;48;2;15;9;13m▁[38;2;18;9;12;48;2;16;9;12m▂[38;2;26;13;17;48;2;19;11;15m▃[38;2;17;12;16;48;2;21;14;19m▞[38;2;23;14;19;48;2;20;13;19m▏[38;2;13;10;15;48;2;16;12;17m▝[38;2;19;14;19;48;2;15;12;18m▅[38;2;18;16;23;48;2;17;14;20m▔[38;2;19;13;20;48;2;14;11;16m▗[38;2;20;13;19;48;2;16;12;18m▄[38;2;23;14;20;48;2;20;13;19m▃[38;2;19;12;17;48;2;22;14;20m▖[38;2;28;19;27;48;2;25;17;23m▄[38;2;26;19;26;48;2;30;21;29m▋[38;2;29;30;41;48;2;28;22;31m▃[38;2;38;38;50;48;2;20;19;28m▁[38;2;18;19;29;48;2;19;18;26m▖[38;2;23;24;35;48;2;18;18;27m▘[38;2;12;11;18;48;2;20;20;29m▆[38;2;18;17;25;48;2;13;11;18m▂[38;2;15;13;19;48;2;21;20;29m▘[38;2;13;12;20;48;2;23;22;33m▂[38;2;13;12;19;48;2;23;22;32m▄[38;2;19;17;26;48;2;16;14;21m▅[38;2;17;17;26;48;2;25;23;34m▅[38;2;17;15;23;48;2;20;19;29m▄[38;2;19;18;27;48;2;14;13;20m▖[38;2;17;16;24m▖[38;2;12;12;19;48;2;10;11;17m▘[38;2;10;11;17;48;2;12;12;19m▞[0m
[38;2;20;13;20;48;2;23;14;22m▞[38;2;19;12;20;48;2;22;16;25m▅[38;2;12;11;17;48;2;22;15;23m▁[38;2;12;11;18;48;2;21;15;23m▁[38;2;15;13;19;48;2;23;17;25m▁[38;2;30;20;30;48;2;23;15;24m▁[38;2;28;20;30;48;2;21;14;22m▂[38;2;28;21;32;48;2;22;15;23m▝[38;2;25;17;25;48;2;32;23;33m▃[38;2;29;19;27;48;2;34;22;32m▞[38;2;38;23;33;48;2;29;19;28m▂[38;2;31;19;28;48;2;23;16;24m▄[38;2;25;14;20;48;2;18;10;16m▖[38;2;19;10;16;48;2;17;9;15m▁[38;2;19;13;19;48;2;18;9;15m▔[38;2;30;22;32;48;2;19;11;17m▝[38;2;26;14;22;48;2;33;23;33m▂[38;2;42;22;32;48;2;35;23;33m▗[38;2;36;23;33;48;2;54;30;40m▅[38;2;41;21;30;48;2;50;29;40m▃[38;2;33;19;27;48;2;40;24;34m▅[38;2;27;16;24;48;2;35;21;30m▄[38;2;30;15;22;48;2;29;17;24m▔[38;2;17;8;12;48;2;26;13;19m▝[38;2;20;7;12;48;2;19;8;14m▗[38;2;16;7;11;48;2;26;9;15m▆[38;2;28;12;16;48;2;23;10;16m▔[38;2;19;10;15;48;2;33;12;17m▖[38;2;39;12;17;48;2;31;13;19m▅[38;2;45;13;18;48;2;30;12;17m▂[38;2;34;10;14;48;2;16;6;10m▍[38;2;18;8;12;48;2;17;6;11m▝[38;2;24;10;14;48;2;21;8;12m▊[38;2;28;8;11;48;2;25;10;14m▗[38;2;32;10;14;48;2;24;9;13m▏[38;2;43;11;16;48;2;36;11;15m▗[38;2;53;12;16;48;2;16;4;9m▎[38;2;13;5;8;48;2;11;4;9m▌[38;2;9;4;8;48;2;8;4;8m▄[38;2;8;5;8;48;2;9;5;9m▌[38;2;9;5;8m▃[38;2;12;5;8;48;2;11;5;9m▗[38;2;16;5;9;48;2;14;5;8m▕[38;2;17;6;9;48;2;53;14;18m▍[38;2;49;14;18;48;2;31;11;15m▖[38;2;25;9;13;48;2;34;10;14m▌[38;2;29;10;13;48;2;23;10;14m▁[38;2;25;10;15;48;2;24;11;16m▁[38;2;28;13;18;48;2;26;12;17m▏[38;2;22;10;15;48;2;19;9;13m▋[38;2;29;14;18;48;2;20;10;14m▂[38;2;44;19;23;48;2;25;13;16m▗[38;2;50;23;27;48;2;33;15;20m▂[38;2;32;16;21;48;2;27;15;20m▍[38;2;29;15;20;48;2;20;13;18m▋[38;2;28;12;17;48;2;21;13;18m▁[38;2;18;12;17;48;2;21;15;20m▞[38;2;27;17;22;48;2;20;13;18m▗[38;2;27;14;19;48;2;22;13;19m▁[38;2;31;15;19;48;2;24;13;18m▂[38;2;32;18;22;48;2;25;15;20m▖[38;2;28;17;24;48;2;23;15;21m▁[38;2;24;23;32;48;2;21;17;24m▂[38;2;23;22;32;48;2;29;28;38m▋[38;2;31;29;39;48;2;23;23;33m▖[38;2;17;18;26;48;2;30;28;39m▆[38;2;12;11;18;48;2;21;21;32m▅[38;2;23;18;26;48;2;13;11;18m▁[38;2;30;26;35;48;2;18;15;21m▂[38;2;30;24;32;48;2;24;21;30m▃[38;2;28;21;29;48;2;19;17;25m▃[38;2;28;20;28;48;2;16;14;21m▃[38;2;26;20;27;48;2;18;16;23m▃[38;2;26;20;28;48;2;19;16;24m▄[38;2;26;19;27;48;2;21;17;25m▅[38;2;22;19;28;48;2;20;16;23m▔[38;2;19;14;22;48;2;14;11;17m▘[38;2;18;14;22;48;2;13;12;18m▗[38;2;18;19;29;48;2;14;12;19m▄[38;2;19;21;31;48;2;16;15;23m▃[0m
[38;2;10;6;9;48;2;15;10;17m▅[38;2;15;10;16;48;2;8;6;10m▃[38;2;19;12;20;48;2;10;6;10m▄[38;2;20;13;21;48;2;10;6;9m▅[38;2;21;11;18;48;2;15;10;15m▃[38;2;27;19;27;48;2;22;14;21m▕[38;2;32;23;35;48;2;27;19;29m▗[38;2;30;21;31;48;2;29;18;27m▘[38;2;32;21;31;48;2;28;17;25m▖[38;2;34;20;28;48;2;29;15;24m▝[38;2;33;17;25;48;2;42;23;34m▖[38;2;43;22;33;48;2;35;20;29m▆[38;2;40;21;30;48;2;28;15;22m▅[38;2;37;18;26;48;2;24;12;18m▄[38;2;31;15;20;48;2;19;9;14m▃[38;2;25;11;17;48;2;19;7;13m▂[38;2;24;8;13;48;2;18;7;12m▁[38;2;18;8;13;48;2;28;14;22m▆[38;2;20;10;16;48;2;35;20;28m▄[38;2;22;12;19;48;2;39;21;30m▖[38;2;40;22;31;48;2;30;15;23m▆[38;2;38;21;30;48;2;31;16;24m▁[38;2;34;17;25;48;2;27;14;21m▁[38;2;24;12;17;48;2;27;15;22m▄[38;2;29;14;20;48;2;23;8;13m▆[38;2;34;15;22;48;2;21;8;13m▂[38;2;26;9;13;48;2;20;7;11m▕[38;2;29;10;14;48;2;22;8;13m▕[38;2;41;15;22;48;2;28;9;14m▔[38;2;36;10;14;48;2;42;11;16m▁[38;2;45;11;15;48;2;26;7;11m▋[38;2;27;8;11;48;2;21;8;12m▃[38;2;30;9;13;48;2;29;9;13m▔[38;2;48;12;15;48;2;28;8;12m▗[38;2;28;8;11;48;2;41;10;15m▋[38;2;40;10;14;48;2;52;12;16m▌[38;2;62;12;16;48;2;23;5;9m▎[38;2;19;5;8;48;2;16;4;7m▖[38;2;14;4;7;48;2;11;4;7m▖[38;2;12;4;7;48;2;10;4;7m▂[38;2;14;5;7;48;2;11;4;7m▃[38;2;16;5;8;48;2;13;4;7m▄[38;2;22;6;9;48;2;18;5;8m▗[38;2;26;7;10;48;2;51;12;17m▌[38;2;55;14;18;48;2;41;11;15m▍[38;2;39;10;14;48;2;30;9;12m▗[38;2;38;12;16;48;2;27;9;12m▗[38;2;28;11;14;48;2;25;10;13m▞[38;2;32;13;16;48;2;27;12;16m▃[38;2;36;16;19;48;2;27;12;15m▗[38;2;64;31;35;48;2;42;20;23m▗[38;2;55;27;31;48;2;79;37;42m▘[38;2;51;25;29;48;2;67;32;38m▝[38;2;50;25;29;48;2;40;20;24m▖[38;2;39;19;23;48;2;30;15;20m▂[38;2;32;17;21;48;2;27;13;18m▅[38;2;35;19;22;48;2;29;16;21m▂[38;2;33;17;21;48;2;28;15;20m▃[38;2;22;15;21;48;2;30;16;20m▂[38;2;20;13;19;48;2;29;18;25m▞[38;2;28;22;30;48;2;20;15;22m▅[38;2;37;29;37;48;2;28;23;32m▁[38;2;29;27;36;48;2;22;19;27m▂[38;2;20;18;26;48;2;23;22;31m▘[38;2;22;23;33;48;2;17;16;23m▔[38;2;17;18;26;48;2;12;11;17m▔[38;2;20;17;24;48;2;14;11;16m▃[38;2;34;25;33;48;2;25;20;27m▃[38;2;41;30;39;48;2;35;26;34m▞[38;2;39;28;37;48;2;36;25;34m▘[38;2;38;29;39;48;2;31;23;31m▖[38;2;21;17;24;48;2;35;24;33m▂[38;2;23;16;24;48;2;34;23;32m▂[38;2;24;21;30;48;2;35;22;31m▂[38;2;24;15;22;48;2;30;23;32m▝[38;2;26;23;33;48;2;22;15;21m▅[38;2;25;23;33;48;2;19;13;20m▆[38;2;24;23;34;48;2;18;17;26m▅[48;2;21;21;31m [38;2;20;22;32;48;2;18;18;27m▘[0m
[38;2;22;14;20;48;2;15;9;14m▄[38;2;21;14;21;48;2;13;9;14m▆[38;2;17;12;19;48;2;19;13;20m▝[38;2;20;12;19;48;2;23;17;26m▄[38;2;23;17;25;48;2;21;14;22m▘[38;2;25;17;25;48;2;21;12;20m▃[38;2;22;16;24;48;2;22;10;17m▔[38;2;24;12;19;48;2;37;23;33m▅[38;2;36;18;27;48;2;30;17;25m▖[38;2;42;19;29;48;2;35;19;28m▁[38;2;38;17;25;48;2;35;17;25m▝[38;2;40;19;29;48;2;34;15;23m▝[38;2;32;14;21;48;2;41;19;29m▄[38;2;27;13;20;48;2;39;19;28m▁[38;2;30;14;20;48;2;37;17;25m▁[38;2;40;19;27;48;2;30;13;20m▅[38;2;35;17;24;48;2;26;10;17m▅[38;2;36;17;24;48;2;19;7;12m▄[38;2;34;14;21;48;2;18;7;11m▁[38;2;27;8;14;48;2;21;7;12m▕[38;2;25;8;13;48;2;39;17;25m▅[38;2;34;10;17;48;2;41;18;25m▂[38;2;48;20;27;48;2;44;20;28m▏[38;2;48;19;27;48;2;35;15;22m▄[38;2;50;18;25;48;2;33;12;18m▃[38;2;51;16;22;48;2;34;13;18m▁[38;2;42;12;17;48;2;34;12;17m▗[38;2;44;13;17;48;2;31;9;12m▄[38;2;45;11;15;48;2;31;8;12m▂[38;2;34;10;13;48;2;49;13;17m▋[38;2;44;12;16;48;2;53;13;17m▎[38;2;50;12;16;48;2;37;9;13m▃[38;2;53;14;17;48;2;39;10;14m▂[38;2;57;15;18;48;2;45;11;15m▂[38;2;35;9;12;48;2;52;12;16m▘[38;2;63;15;19;48;2;52;13;17m▃[38;2;86;19;23;48;2;38;8;11m▏[38;2;33;8;11;48;2;23;6;9m▃[38;2;26;7;9;48;2;18;5;8m▃[38;2;24;7;8;48;2;17;5;8m▃[38;2;25;7;8m▃[38;2;28;7;9;48;2;21;6;8m▃[38;2;35;8;11;48;2;27;7;10m▃[38;2;39;9;13;48;2;66;14;17m▌[38;2;62;15;19;48;2;51;12;16m▂[38;2;43;11;15;48;2;57;14;18m▋[38;2;52;15;19;48;2;40;12;16m▂[38;2;49;15;20;48;2;37;12;15m▂[38;2;54;18;21;48;2;39;14;17m▃[38;2;65;24;28;48;2;46;18;22m▂[38;2;62;27;31;48;2;73;33;38m▌[38;2;90;42;47;48;2;84;39;45m▝[38;2;76;37;42;48;2;63;30;35m▍[38;2;54;25;29;48;2;47;21;25m▌[38;2;45;20;24;48;2;39;18;22m▖[38;2;38;19;24;48;2;39;18;23m▕[38;2;51;25;32;48;2;37;18;24m▁[38;2;42;25;34;48;2;29;18;24m▃[38;2;38;25;33;48;2;23;17;23m▆[38;2;37;25;33;48;2;32;22;30m▞[38;2;41;29;38;48;2;35;25;33m▗[38;2;36;29;37;48;2;35;26;34m▝[38;2;40;28;36;48;2;30;23;31m▂[38;2;35;26;34;48;2;27;22;29m▃[38;2;33;26;35;48;2;24;18;25m▂[38;2;29;24;33;48;2;20;16;23m▄[38;2;27;20;28;48;2;31;23;32m▊[38;2;29;22;31;48;2;29;22;30m▁[38;2;30;22;30;48;2;38;26;35m▆[38;2;42;29;39;48;2;29;22;30m▁[38;2;36;24;32;48;2;22;17;24m▂[38;2;37;26;34;48;2;20;15;22m▃[38;2;42;34;44;48;2;25;19;27m▂[38;2;41;33;43;48;2;30;26;35m▃[38;2;35;27;37;48;2;33;27;37m▗[38;2;27;21;30;48;2;28;25;36m▂[38;2;21;18;26;48;2;26;24;35m▄[38;2;23;22;34;48;2;18;16;24m▔[38;2;18;16;25;48;2;16;13;20m▘[38;2;18;15;21;48;2;17;13;19m▝[0m
[38;2;49;28;37;48;2;33;19;26m▄[38;2;37;20;28;48;2;29;17;24m▖[38;2;28;15;22;48;2;21;12;18m▃[38;2;29;15;23;48;2;22;13;20m▗[38;2;27;14;22;48;2;30;20;29m▅[38;2;33;16;24;48;2;27;14;22m▗[38;2;36;18;26;48;2;29;15;23m▆[38;2;37;17;25;48;2;29;14;20m▄[38;2;36;19;29;48;2;32;14;22m▝[38;2;39;17;26;48;2;32;16;25m▄[38;2;40;18;28;48;2;34;16;25m▁[38;2;39;18;27;48;2;35;16;24m▔[38;2;42;19;29;48;2;30;13;19m▂[38;2;36;15;23;48;2;24;10;17m▄[38;2;38;18;25;48;2;31;13;19m▕[38;2;43;19;28;48;2;35;17;24m▝[38;2;45;21;31;48;2;43;20;29m▗[38;2;46;24;34;48;2;44;21;30m▍[38;2;49;21;31;48;2;39;17;25m▄[38;2;47;19;26;48;2;29;11;16m▅[38;2;43;16;22;48;2;31;9;14m▃[38;2;46;18;25;48;2;33;10;14m▁[38;2;36;10;15;48;2;48;15;22m▆[38;2;57;20;27;48;2;44;15;22m▔[38;2;49;19;27;48;2;59;20;26m▄[38;2;65;22;29;48;2;54;19;25m▆[38;2;64;19;26;48;2;49;14;19m▅[38;2;73;23;31;48;2;55;15;21m▂[38;2;73;22;27;48;2;60;15;20m▂[38;2;76;21;26;48;2;53;14;17m▃[38;2;75;22;26;48;2;63;16;21m▂[38;2;79;22;27;48;2;61;16;20m▃[38;2;84;24;29;48;2;64;16;20m▃[38;2;91;25;30;48;2;66;17;20m▄[38;2;94;25;29;48;2;69;17;21m▃[38;2;103;28;31;48;2;79;20;24m▃[38;2;96;27;27;48;2;67;16;19m▃[38;2;83;22;23;48;2;51;12;15m▃[38;2;76;20;21;48;2;44;11;13m▃[38;2;76;20;20;48;2;42;11;12m▃[38;2;75;21;20m▃[38;2;78;21;22;48;2;44;11;13m▃[38;2;89;24;25;48;2;53;13;15m▃[38;2;106;29;30;48;2;77;19;21m▃[38;2;101;29;32;48;2;78;19;23m▃[38;2;99;29;34;48;2;73;20;23m▃[38;2;90;26;32;48;2;65;18;23m▄[38;2;88;29;35;48;2;62;19;24m▄[38;2;88;31;38;48;2;73;24;29m▅[38;2;85;32;39;48;2;69;25;30m▆[38;2;81;32;38;48;2;83;35;41m▌[38;2;78;35;41;48;2;74;33;39m▃[38;2;71;35;40;48;2;77;39;45m▔[38;2;76;44;50;48;2;60;29;34m▄[38;2;60;33;39;48;2;44;20;25m▅[38;2;55;32;39;48;2;46;26;33m▃[38;2;59;37;44;48;2;48;29;36m▖[38;2;52;31;39;48;2;44;26;35m▂[38;2;48;30;38;48;2;42;25;33m▖[38;2;58;37;44;48;2;43;26;35m▁[38;2;54;33;42;48;2;41;26;35m▂[38;2;55;35;43;48;2;42;27;36m▂[38;2;55;33;42;48;2;42;28;37m▃[38;2;39;28;36;48;2;48;32;41m▘[38;2;51;32;40;48;2;36;25;33m▂[38;2;33;24;32;48;2;42;28;36m▘[38;2;51;33;42;48;2;35;24;32m▃[38;2;53;35;44;48;2;33;22;30m▃[38;2;62;40;50;48;2;44;29;38m▂[38;2;60;39;49;48;2;47;31;40m▄[38;2;43;28;37;48;2;53;34;44m▔[38;2;48;27;36;48;2;50;35;45m▃[38;2;45;34;44;48;2;44;27;36m▔[38;2;44;28;38;48;2;38;24;32m▎[38;2;37;21;29;48;2;35;23;32m▂[38;2;28;16;23;48;2;31;20;28m▁[38;2;21;12;17;48;2;23;16;23m▗[38;2;25;14;20;48;2;19;13;19m▂[38;2;22;13;20;48;2;16;11;18m▅[38;2;28;17;23;48;2;20;13;19m▃[0m
[38;2;69;39;49;48;2;60;35;44m▅[38;2;58;31;40;48;2;45;24;32m▅[38;2;50;25;32;48;2;38;18;25m▖[38;2;40;18;24;48;2;32;14;20m▖[38;2;37;15;21;48;2;28;12;19m▆[38;2;44;17;24;48;2;37;16;25m▂[38;2;49;17;25;48;2;44;20;29m▁[38;2;57;21;31;48;2;44;19;27m▗[38;2;44;16;22;48;2;36;14;20m▄[38;2;36;16;25;48;2;34;12;18m▘[38;2;36;15;21;48;2;34;13;18m▔[38;2;41;16;24;48;2;33;13;20m▂[38;2;42;16;25;48;2;38;14;21m▕[38;2;43;15;22;48;2;43;18;27m▃[38;2;47;18;26;48;2;40;15;23m▅[38;2;38;14;21;48;2;50;21;30m▘[38;2;53;18;27;48;2;47;19;28m▁[38;2;52;21;29;48;2;45;18;26m▄[38;2;43;16;22;48;2;46;18;26m▁[38;2;38;18;25;48;2;49;20;28m▄[38;2;57;23;31;48;2;50;18;26m▅[38;2;66;22;29;48;2;53;18;26m▃[38;2;67;20;28;48;2;53;16;21m▅[38;2;79;23;30;48;2;51;15;19m▅[38;2;83;25;31;48;2;60;18;24m▃[38;2;77;23;28;48;2;62;20;26m▄[38;2;84;29;35;48;2;75;22;29m▃[38;2;60;27;34;48;2;83;24;31m▁[38;2;88;31;35;48;2;81;25;32m▖[38;2;62;26;32;48;2;92;27;32m▃[38;2;61;28;34;48;2;95;29;33m▃[38;2;64;32;37;48;2;94;28;33m▃[38;2;70;36;40;48;2;101;31;36m▄[38;2;74;41;47;48;2;103;33;37m▄[38;2;81;44;49;48;2;116;36;39m▅[38;2;92;55;61;48;2;112;38;40m▄[38;2;102;59;63;48;2;131;43;40m▅[38;2;110;65;69;48;2;129;43;40m▅[38;2;116;71;73;48;2;132;50;46m▄[38;2;139;78;75;48;2;116;34;32m▆[38;2;136;75;73;48;2;117;35;33m▆[38;2;111;66;69;48;2;137;52;47m▄[38;2;98;58;62;48;2;135;49;45m▄[38;2;94;50;55;48;2;137;46;43m▅[38;2;87;44;49;48;2;127;40;42m▅[38;2;80;41;47;48;2;118;39;43m▄[48;2;115;42;46m▃[38;2;82;40;47;48;2;112;42;47m▃[38;2;82;39;46;48;2;105;41;47m▂[38;2;105;44;49;48;2;99;40;46m▃[38;2;110;45;51;48;2;95;39;46m▖[38;2;103;42;48;48;2;92;40;47m▂[38;2;108;44;49;48;2;87;42;49m▃[38;2;98;40;47;48;2;78;39;47m▂[38;2;91;42;50;48;2;76;39;46m▂[38;2;79;35;43;48;2;64;34;40m▄[38;2;89;37;47;48;2;65;33;40m▁[38;2;73;34;42;48;2;56;30;37m▃[38;2;70;36;43;48;2;55;32;39m▅[38;2;74;37;45;48;2;61;36;44m▃[38;2;72;35;42;48;2;58;35;43m▅[38;2;75;38;45;48;2;61;36;44m▅[38;2;73;38;46;48;2;61;34;42m▆[38;2;72;38;46;48;2;62;35;43m▅[38;2;73;40;48;48;2;59;33;41m▅[38;2;67;39;48;48;2;58;34;43m▆[38;2;50;32;42;48;2;67;40;48m▂[38;2;46;29;38;48;2;64;38;47m▃[38;2;39;23;32;48;2;54;35;44m▃[38;2;34;18;24;48;2;50;30;39m▄[38;2;41;18;24;48;2;52;27;35m▄[38;2;51;21;28m▄[38;2;58;24;33;48;2;48;23;31m▄[38;2;51;22;30;48;2;44;23;30m▆[38;2;46;20;26;48;2;36;18;24m▄[38;2;42;18;24;48;2;31;15;23m▄[38;2;44;18;24;48;2;32;15;21m▂[38;2;49;22;28;48;2;34;16;23m▄[38;2;51;25;32;48;2;35;18;25m▄[38;2;52;26;34;48;2;38;20;28m▅[0m
[38;2;73;38;47;48;2;73;39;48m▅[38;2;64;34;42;48;2;71;36;45m▝[38;2;69;30;40;48;2;59;28;36m▂[38;2;63;25;33;48;2;50;22;28m▂[38;2;55;20;27;48;2;44;16;22m▄[38;2;55;18;25;48;2;46;15;23m▃[38;2;57;15;22;48;2;52;15;23m▗[38;2;58;16;23;48;2;51;16;24m▄[38;2;56;17;24;48;2;46;13;20m▋[38;2;27;8;13;48;2;40;11;17m▗[38;2;28;8;13;48;2;42;12;18m▅[38;2;28;10;16;48;2;41;13;21m▄[38;2;29;12;19;48;2;47;19;28m▆[38;2;28;13;20;48;2;48;18;27m▃[38;2;36;14;22;48;2;51;17;25m▃[38;2;34;17;25;48;2;56;18;26m▄[38;2;39;20;29;48;2;56;19;28m▄[38;2;42;18;26;48;2;54;19;27m▆[38;2;41;24;34;48;2;33;14;21m▅[38;2;41;25;34;48;2;32;16;23m▄[38;2;35;16;23;48;2;39;25;34m▝[38;2;44;29;38;48;2;40;19;27m▄[38;2;44;27;38;48;2;42;19;27m▂[38;2;44;33;42;48;2;43;21;29m▃[38;2;53;40;49;48;2;45;25;33m▂[38;2;52;39;47;48;2;45;24;33m▂[38;2;49;37;45;48;2;45;25;33m▃[38;2;38;26;33;48;2;50;29;37m▄[38;2;42;30;38;48;2;52;32;40m▄[38;2;55;38;45;48;2;61;40;48m▌[38;2;56;31;36;48;2;56;41;49m▔[38;2;57;44;52;48;2;58;39;46m▄[38;2;56;41;48;48;2;66;48;56m▁[38;2;63;40;46;48;2;70;52;60m▔[38;2;69;54;63;48;2;82;58;64m▄[38;2;89;64;70;48;2;76;57;65m▘[38;2;82;62;69;48;2;82;61;68m▏[38;2;81;63;71;48;2;96;69;75m▅[38;2;87;69;76;48;2;112;83;89m▅[38;2;82;65;72;48;2;110;82;87m▄[38;2;119;88;93;48;2;92;71;77m▔[38;2;114;82;87;48;2;85;65;72m▔[38;2;106;75;79;48;2;83;63;70m▔[38;2;89;62;68;48;2;77;59;67m▔[38;2;73;56;65;48;2;74;52;58m▄[38;2;81;54;61;48;2;70;52;60m▔[38;2;70;51;59;48;2;66;47;55m▍[38;2;68;53;61;48;2;64;43;50m▂[38;2;63;36;42;48;2;61;45;53m▔[38;2;60;46;54;48;2;71;43;51m▅[38;2;56;43;51;48;2;68;40;48m▄[48;2;64;41;49m [38;2;49;35;42;48;2;68;37;46m▅[38;2;48;32;40;48;2;65;44;52m▆[38;2;59;30;39;48;2;43;24;31m▔[38;2;49;28;37;48;2;89;34;41m▅[38;2;52;28;38;48;2;97;36;42m▅[38;2;49;26;34;48;2;94;34;41m▅[38;2;50;26;35;48;2;94;35;41m▅[38;2;47;25;34;48;2;83;29;37m▅[38;2;38;23;32;48;2;79;31;38m▄[38;2;36;20;28;48;2;71;29;37m▅[38;2;42;23;31;48;2;71;31;41m▆[38;2;44;27;37;48;2;68;33;41m▆[38;2;40;24;33;48;2;55;29;37m▆[38;2;36;19;28;48;2;43;24;34m▂[38;2;46;29;39;48;2;45;23;32m▔[38;2;44;24;34;48;2;40;21;29m▌[38;2;40;22;31;48;2;38;19;26m▘[38;2;37;19;26;48;2;35;17;23m▂[38;2;37;18;25;48;2;34;14;19m▂[38;2;50;18;25;48;2;37;14;20m▝[38;2;61;22;30;48;2;50;18;25m▔[38;2;59;21;28;48;2;62;22;30m▎[38;2;68;23;32;48;2;59;22;29m▄[38;2;63;23;31;48;2;55;21;28m▆[38;2;52;21;28;48;2;60;23;32m▁[38;2;51;21;28;48;2;60;25;33m▄[38;2;43;18;25;48;2;55;23;31m▃[38;2;43;19;26;48;2;52;22;30m▅[0m
[38;2;50;28;38;48;2;67;34;43m▃[38;2;51;27;37;48;2;70;34;43m▃[38;2;46;25;33;48;2;70;31;40m▃[38;2;41;19;27;48;2;65;25;34m▃[38;2;32;14;20;48;2;60;20;27m▃[38;2;29;11;17;48;2;56;17;24m▅[38;2;21;9;14;48;2;51;14;19m▆[38;2;22;10;16;48;2;33;10;16m▆[38;2;25;14;21;48;2;25;12;18m▁[38;2;25;15;21;48;2;28;14;21m▁[38;2;31;18;26;48;2;30;14;21m▄[38;2;31;19;27;48;2;33;17;25m▁[48;2;30;16;24m▖[38;2;35;18;25;48;2;27;16;24m▘[38;2;17;12;18;48;2;31;17;24m▄[38;2;16;10;17;48;2;34;19;27m▅[38;2;14;9;15;48;2;28;17;25m▅[38;2;14;10;16;48;2;26;19;27m▅[38;2;40;31;39;48;2;20;15;21m▝[38;2;19;12;17;48;2;42;27;36m▄[38;2;33;22;30;48;2;39;30;39m▆[38;2;37;26;34m▅[38;2;37;29;38;48;2;46;32;41m▅[38;2;39;30;39;48;2;45;35;43m▄[38;2;25;24;34;48;2;43;34;43m▁[38;2;44;35;43;48;2;49;38;46m▍[38;2;40;31;38;48;2;44;35;43m▖[38;2;45;35;43;48;2;47;37;45m▏[38;2;44;34;42;48;2;49;39;48m▄[38;2;49;37;45;48;2;52;42;50m▖[38;2;61;50;59;48;2;52;41;50m▂[38;2;64;54;63;48;2;55;45;53m▁[38;2;69;58;66;48;2;60;48;57m▁[38;2;72;60;70;48;2;65;53;61m▂[38;2;65;52;61;48;2;74;58;67m▅[38;2;64;52;60;48;2;79;62;71m▅[38;2;78;65;73;48;2;72;58;67m▁[38;2;74;60;68;48;2;83;68;76m▅[38;2;76;64;72;48;2;84;69;77m▂[38;2;61;49;56;48;2;82;67;75m▂[38;2;80;64;72;48;2;59;46;53m▆[38;2;62;48;55;48;2;79;61;69m▂[38;2;45;35;43;48;2;74;59;67m▂[38;2;38;29;36;48;2;75;60;68m▂[38;2;41;33;40;48;2;67;53;61m▁[38;2;56;45;54;48;2;70;55;64m▄[38;2;58;46;54;48;2;67;52;61m▅[38;2;54;43;51;48;2;65;52;60m▃[38;2;57;46;53;48;2;64;52;61m▃[38;2;46;35;42;48;2;62;51;59m▁[38;2;45;34;41;48;2;64;54;63m▁[38;2;42;33;41;48;2;67;57;66m▁[38;2;40;35;43;48;2;67;57;67m▂[38;2;34;30;37;48;2;63;54;64m▂[38;2;56;47;56;48;2;40;34;42m▘[38;2;29;22;30;48;2;43;30;39m▄[38;2;29;24;31;48;2;43;32;40m▂[38;2;35;29;37;48;2;48;34;43m▅[38;2;39;34;43;48;2;38;23;30m▆[38;2;39;33;41;48;2;34;20;28m▆[38;2;39;35;44;48;2;39;27;35m▄[38;2;38;33;42;48;2;36;28;37m▗[38;2;37;31;40;48;2;30;21;29m▆[38;2;21;16;22;48;2;39;25;34m▂[38;2;20;12;18;48;2;33;20;28m▃[38;2;29;17;25;48;2;42;18;25m▆[38;2;31;16;23;48;2;42;19;26m▅[38;2;43;18;24;48;2;38;17;25m▂[38;2;37;17;24;48;2;31;15;23m▃[38;2;50;20;26;48;2;32;15;21m▁[38;2;42;16;22;48;2;36;14;21m▁[38;2;29;13;19;48;2;35;13;19m▁[38;2;56;16;23;48;2;38;13;18m▝[38;2;49;15;21;48;2;58;17;24m▋[38;2;84;20;25;48;2;61;18;26m▂[38;2;79;20;26;48;2;56;18;25m▃[38;2;68;19;26;48;2;50;17;24m▂[38;2;59;18;25;48;2;47;17;23m▂[38;2;53;18;25;48;2;43;16;22m▂[38;2;51;18;26;48;2;43;16;23m▃[0m
[38;2;40;25;33;48;2;45;27;36m▄[38;2;35;22;29;48;2;42;25;33m▆[38;2;28;17;23;48;2;33;19;26m▅[38;2;18;11;15;48;2;26;13;20m▄[38;2;20;10;15;48;2;14;8;12m▘[38;2;19;9;14;48;2;16;9;14m▔[38;2;27;17;23;48;2;20;12;18m▗[38;2;31;19;26;48;2;21;12;18m▆[38;2;36;22;30;48;2;27;15;22m▆[38;2;35;22;30;48;2;29;17;24m▃[38;2;28;17;25;48;2;25;16;23m▊[38;2;23;14;21;48;2;19;12;19m▌[38;2;23;16;23;48;2;16;11;17m▔[48;2;15;11;17m [38;2;17;12;18m▘[38;2;16;12;18;48;2;21;15;22m▅[38;2;23;16;23;48;2;18;14;21m▝[38;2;15;11;16;48;2;22;16;23m▔[38;2;18;12;19;48;2;24;17;24m▔[38;2;39;22;31;48;2;24;18;25m▔[38;2;29;22;30;48;2;26;20;28m▝[38;2;26;20;28;48;2;34;24;33m▄[38;2;22;20;28;48;2;38;26;34m▄[38;2;31;22;29;48;2;17;14;20m▘[38;2;22;21;30;48;2;14;12;17m▔[38;2;29;25;34;48;2;20;15;21m▔[38;2;35;23;29;48;2;41;30;38m▍[38;2;33;25;33;48;2;47;33;41m▂[38;2;35;26;35;48;2;43;32;40m▔[38;2;36;28;36;48;2;47;37;45m▃[38;2;42;34;41;48;2;50;42;49m▃[38;2;49;41;49;48;2;51;41;49m▁[38;2;47;39;47;48;2;60;49;58m▄[38;2;48;40;47;48;2;57;47;55m▂[38;2;44;36;43;48;2;61;50;59m▁[38;2;61;49;57;48;2;75;62;71m▆[38;2;85;70;79;48;2;62;50;58m▔[38;2;95;79;87m▔[38;2;94;79;88;48;2;59;47;55m▔[38;2;59;47;54;48;2;80;66;75m▆[38;2;94;75;81;48;2;55;43;50m▔[38;2;68;55;64;48;2;52;40;47m▃[38;2;42;31;38;48;2;62;48;55m▔[38;2;63;52;60;48;2;53;40;47m▂[38;2;67;55;64;48;2;48;38;45m▁[38;2;41;31;38;48;2;52;42;50m▄[38;2;34;21;29;48;2;49;39;47m▂[38;2;33;26;33;48;2;51;41;49m▂[38;2;34;20;28;48;2;46;38;46m▔[38;2;51;43;52;48;2;39;30;38m▄[38;2;51;45;53;48;2;42;35;43m▄[38;2;48;42;50;48;2;36;26;34m▆[38;2;46;41;50;48;2;33;27;34m▆[38;2;45;42;51;48;2;40;32;40m▆[38;2;42;40;50;48;2;38;32;40m▅[38;2;38;36;46;48;2;33;30;38m▅[38;2;26;24;32;48;2;41;39;48m▄[38;2;18;16;23;48;2;39;37;47m▅[38;2;22;18;25;48;2;34;32;41m▆[38;2;26;20;29;48;2;29;27;36m▃[38;2;27;24;32;48;2;30;27;37m▝[38;2;36;35;44;48;2;26;21;29m▄[38;2;31;30;40;48;2;21;15;21m▅[38;2;27;24;33;48;2;19;13;18m▆[38;2;20;17;24;48;2;18;11;17m▅[38;2;24;18;25;48;2;22;14;20m▄[38;2;25;18;25;48;2;34;22;30m▆[38;2;42;20;26;48;2;28;19;27m▔[38;2;25;16;24;48;2;35;21;30m▄[38;2;26;16;24;48;2;34;19;27m▄[38;2;25;15;22;48;2;35;18;26m▄[38;2;21;12;18;48;2;28;14;22m▃[38;2;21;11;17;48;2;27;12;19m▅[38;2;25;12;19;48;2;32;12;18m▅[38;2;69;18;23;48;2;30;12;18m▔[38;2;113;27;32;48;2;35;14;20m▔[38;2;29;14;20;48;2;85;20;26m▆[38;2;27;13;19;48;2;71;20;27m▆[38;2;29;14;21;48;2;64;19;27m▆[38;2;27;15;22;48;2;58;19;27m▅[0m
[38;2;41;26;34;48;2;43;27;36m▝[38;2;40;26;34;48;2;37;23;31m▖[38;2;36;23;30;48;2;31;19;25m▂[38;2;29;18;25;48;2;23;15;20m▃[38;2;23;15;20;48;2;16;11;15m▂[38;2;17;11;17;48;2;22;15;20m▘[38;2;24;16;22;48;2;27;18;25m▘[38;2;29;19;26;48;2;35;22;30m▅[38;2;28;18;25;48;2;38;23;32m▃[38;2;28;17;24;48;2;36;23;31m▅[38;2;26;17;24;48;2;21;14;20m▘[38;2;18;12;18;48;2;15;11;16m▌[38;2;14;9;15;48;2;12;8;13m▍[38;2;13;9;14;48;2;9;7;11m▆[38;2;10;8;13;48;2;14;10;16m▔[38;2;16;11;18;48;2;13;10;16m▂[38;2;18;12;18m▂[38;2;19;14;20;48;2;14;11;17m▂[38;2;20;16;23;48;2;16;12;19m▁[38;2;17;13;20;48;2;18;14;20m▖[38;2;21;18;26;48;2;17;15;22m▝[38;2;18;16;24;48;2;25;18;26m▆[38;2;19;17;25;48;2;25;18;25m▆[38;2;22;19;27;48;2;28;21;28m▆[38;2;24;21;29;48;2;27;21;28m▄[38;2;31;23;32;48;2;29;21;28m▃[38;2;27;24;33;48;2;30;22;30m▁[48;2;32;25;32m [38;2;29;23;30;48;2;33;27;35m▄[38;2;30;22;29;48;2;33;27;36m▃[38;2;28;23;31;48;2;37;30;38m▃[38;2;26;23;30;48;2;41;33;41m▃[38;2;29;24;32;48;2;45;35;44m▃[38;2;36;31;38;48;2;50;42;51m▃[38;2;42;36;43;48;2;51;42;50m▂[38;2;48;40;48;48;2;62;52;61m▅[38;2;47;39;48;48;2;55;46;55m▖[38;2;70;58;68;48;2;55;47;55m▔[38;2;29;24;31;48;2;64;54;62m▁[38;2;42;35;42;48;2;67;56;64m▂[38;2;52;45;52;48;2;66;54;63m▂[38;2;52;43;50;48;2;74;60;69m▄[38;2;49;40;47;48;2;71;56;65m▃[38;2;47;36;44;48;2;70;55;64m▃[38;2;50;34;43;48;2;67;54;63m▂[48;2;66;52;61m▂[38;2;49;32;39;48;2;56;43;51m▂[38;2;51;35;43;48;2;42;32;39m▅[38;2;38;27;34;48;2;47;35;43m▗[38;2;40;28;36;48;2;44;34;42m▄[38;2;37;27;35;48;2;41;33;41m▂[38;2;37;31;39;48;2;40;35;43m▄[38;2;32;28;36;48;2;41;37;45m▄[38;2;31;28;37;48;2;39;37;45m▄[38;2;29;27;37;48;2;36;35;44m▃[48;2;33;32;41m▄[38;2;38;37;47;48;2;27;25;34m▔[38;2;24;23;32;48;2;32;32;41m▃[38;2;27;27;37;48;2;35;35;44m▆[38;2;28;27;38;48;2;19;17;24m▆[38;2;26;23;31;48;2;27;24;33m▔[38;2;26;22;31;48;2;33;31;41m▆[38;2;22;21;29;48;2;28;26;35m▃[38;2;21;18;26;48;2;25;22;31m▂[38;2;24;21;29;48;2;21;17;24m▘[38;2;15;13;18;48;2;20;17;24m▄[38;2;9;7;12;48;2;19;15;21m▂[38;2;10;8;13;48;2;18;14;20m▄[38;2;8;6;10;48;2;17;12;18m▃[38;2;13;9;13;48;2;19;13;20m▄[38;2;17;12;17;48;2;22;15;22m▅[38;2;16;11;17;48;2;21;13;20m▃[38;2;18;13;19;48;2;23;14;21m▂[38;2;19;13;19;48;2;24;13;20m▅[38;2;18;13;18;48;2;23;13;19m▅[38;2;20;13;19;48;2;24;14;21m▅[38;2;23;14;21;48;2;19;10;16m▆[38;2;25;17;23;48;2;22;13;19m▄[38;2;26;17;24;48;2;22;12;18m▆[38;2;26;18;24;48;2;25;15;21m▅[0m
[38;2;40;25;35;48;2;41;26;36m▅[38;2;41;26;35;48;2;42;27;36m▖[38;2;39;24;32;48;2;41;26;35m▝[48;2;33;21;28m▆[38;2;36;23;30;48;2;28;18;25m▅[38;2;34;22;29;48;2;29;18;25m▖[38;2;27;17;24;48;2;25;16;22m▌[38;2;19;12;17;48;2;22;14;20m▗[38;2;14;10;14;48;2;20;13;19m▄[38;2;12;8;12;48;2;18;12;18m▄[38;2;15;10;15;48;2;19;14;19m▆[38;2;14;10;15;48;2;17;12;18m▔[38;2;13;9;15;48;2;18;12;19m▁[38;2;14;11;17m▗[38;2;10;8;13;48;2;18;13;19m▃[38;2;10;9;14;48;2;19;13;20m▄[48;2;17;14;22m▄[38;2;11;9;15;48;2;17;15;23m▄[38;2;12;11;17;48;2;17;15;22m▅[38;2;11;10;16;48;2;16;14;22m▂[38;2;17;17;25;48;2;16;15;23m▗[38;2;18;18;26;48;2;17;17;25m▖[38;2;18;17;25;48;2;19;18;27m▌[38;2;22;21;30;48;2;19;19;27m▂[38;2;23;21;29;48;2;21;18;26m▅[38;2;25;22;31;48;2;23;21;30m▝[48;2;30;24;33m▅[38;2;18;16;23;48;2;29;26;35m▁[38;2;21;18;26;48;2;35;29;38m▂[38;2;22;19;26;48;2;37;30;38m▂[38;2;27;22;30;48;2;38;30;39m▂[38;2;28;22;30;48;2;43;34;43m▂[38;2;29;23;31;48;2;44;35;44m▃[38;2;30;25;32;48;2;46;38;47m▃[38;2;27;22;29;48;2;47;39;47m▃[38;2;31;25;32;48;2;51;43;51m▄[48;2;52;45;53m▅[38;2;29;24;31;48;2;49;42;50m▅[38;2;33;27;34;48;2;58;50;59m▆[38;2;32;26;32;48;2;62;53;62m▆[38;2;45;36;44;48;2;35;27;33m▂[38;2;44;35;42;48;2;34;25;31m▄[38;2;42;33;40;48;2;33;24;30m▃[38;2;43;33;40;48;2;32;22;28m▃[38;2;45;35;42;48;2;29;19;26m▂[38;2;27;20;26;48;2;43;29;37m▅[38;2;25;17;23;48;2;45;30;38m▄[38;2;22;16;22;48;2;42;28;37m▃[38;2;18;14;20;48;2;36;26;34m▂[38;2;18;15;21;48;2;33;24;32m▂[38;2;20;17;23;48;2;30;23;31m▂[38;2;31;28;37;48;2;25;21;29m▔[38;2;27;25;33;48;2;25;22;30m▝[38;2;36;32;41;48;2;25;24;32m▔[38;2;22;21;29;48;2;30;28;38m▅[38;2;20;20;27m▅[38;2;20;20;28;48;2;32;32;41m▅[38;2;19;18;25;48;2;30;30;40m▅[38;2;17;16;22;48;2;26;25;34m▆[38;2;16;15;21;48;2;23;21;30m▆[38;2;15;14;20;48;2;23;21;29m▆[38;2;23;21;29;48;2;18;16;24m▔[38;2;13;12;17;48;2;18;16;23m▁[38;2;16;14;20;48;2;17;16;22m▅[38;2;15;13;19;48;2;17;15;22m▄[38;2;13;12;18;48;2;18;15;21m▂[48;2;17;13;19m▄[38;2;12;10;14;48;2;15;12;18m▝[38;2;15;12;18;48;2;13;8;13m▄[38;2;11;10;14;48;2;14;10;16m▂[38;2;14;10;15;48;2;10;7;11m▄[38;2;19;12;18;48;2;10;7;12m▔[38;2;9;6;10;48;2;17;12;18m▆[38;2;8;5;9;48;2;16;10;17m▆[38;2;9;6;10;48;2;15;10;15m▅[38;2;12;9;13;48;2;16;11;16m▍[38;2;19;13;18;48;2;22;15;21m▌[38;2;24;16;22;48;2;26;18;24m▌[38;2;31;20;27;48;2;28;19;25m▅[38;2;32;21;28;48;2;29;20;26m▅[0m
[?25h