[?25l[0m[38;2;15;25;5;48;2;31;43;8m▆[38;2;35;46;8;48;2;26;36;8m▝[38;2;24;33;4;48;2;31;42;6m▔[38;2;28;35;24;48;2;12;15;7m▍[38;2;29;27;14;48;2;16;16;6m▕[38;2;53;48;23;48;2;34;33;16m▕[38;2;87;80;43;48;2;134;121;86m▋[38;2;143;130;86;48;2;26;36;13m▌[38;2;21;31;11;48;2;78;88;18m▖[38;2;28;38;13;48;2;94;105;30m▂[38;2;55;64;18;48;2;83;94;18m▞[38;2;105;115;35;48;2;65;75;22m▃[38;2;33;43;19;48;2;90;99;32m▃[38;2;75;81;26;48;2;49;56;15m▗[38;2;99;106;27;48;2;52;58;15m▂[38;2;86;89;33;48;2;56;59;19m▂[38;2;50;48;26;48;2;41;39;17m▕[38;2;72;72;28;48;2;61;57;31m▕[38;2;70;76;23;48;2;110;113;43m▆[38;2;102;112;35;48;2;52;62;17m▝[38;2;122;136;42;48;2;84;93;31m▃[38;2;121;130;55;48;2;97;108;34m▃[38;2;77;86;29;48;2;91;101;39m▊[38;2;131;139;47;48;2;71;81;24m▃[38;2;110;116;43;48;2;60;69;21m▖[38;2;69;80;18;48;2;55;65;16m▝[38;2;28;31;6;48;2;65;75;19m▁[38;2;77;86;29;48;2;45;51;14m▏[38;2;60;63;24;48;2;93;87;53m▊[38;2;99;95;52;48;2;65;72;17m▎[38;2;89;98;30;48;2;66;75;18m▁[38;2;64;72;10;48;2;81;91;23m▂[38;2;85;95;27;48;2;73;84;16m▂[38;2;72;84;11;48;2;85;95;20m▘[38;2;84;95;19;48;2;107;116;33m▊[38;2;75;86;16;48;2;104;115;25m▅[38;2;104;113;34;48;2;84;94;43m▕[38;2;131;140;56;48;2;96;105;41m▘[38;2;144;152;51;48;2;98;109;37m▝[38;2;113;120;34;48;2;151;155;71m▔[38;2;146;151;77;48;2;107;116;42m▌[38;2;139;148;68;48;2;113;122;56m▂[38;2;112;130;97;48;2;85;97;47m▝[38;2;95;108;86;48;2;85;97;53m▗[38;2;93;108;72;48;2;108;129;112m▋[38;2;89;104;63;48;2;117;140;125m▘[38;2;99;109;51;48;2;141;171;166m▄[38;2;95;107;45;48;2;143;173;170m▂[38;2;94;110;68;48;2;124;147;124m▝[38;2;133;161;154;48;2;96;112;65m▂[38;2;120;136;95;48;2;149;178;172m▌[38;2;119;144;125;48;2;152;188;200m▝[38;2;144;167;148;48;2;130;145;88m▞[38;2;143;162;129;48;2;155;185;181m▍[38;2;138;158;117;48;2;155;191;204m▝[38;2;139;153;98;48;2;155;188;194m▘[38;2;160;199;227;48;2;157;197;225m▁[38;2;127;158;158;48;2;154;195;221m▔[38;2;140;177;190;48;2;106;128;96m▅[38;2;97;114;73;48;2;138;177;197m▅[38;2;141;173;176;48;2;96;110;49m▆[38;2;127;151;132;48;2;150;190;210m▘[38;2;154;195;225;48;2;150;193;225m▄[38;2;154;195;224;48;2;149;193;224m▃[38;2;153;195;224;48;2;148;192;223m▄[38;2;155;195;224m▃[38;2;164;198;224;48;2;157;195;223m▖[38;2;175;202;223;48;2;159;197;223m▕[38;2;182;204;222;48;2;153;194;223m▘[38;2;166;197;221;48;2;148;192;222m▔[38;2;148;192;222;48;2;144;189;221m▃[38;2;147;192;222;48;2;143;189;221m▃[38;2;148;191;222;48;2;144;190;222m▃[38;2;149;192;222;48;2;143;189;221m▂[38;2;145;190;221;48;2;141;187;220m▃[48;2;141;188;220m▂[38;2;144;188;219;48;2;139;185;219m▄[38;2;145;190;221;48;2;138;186;219m▃[38;2;144;189;221m▄[38;2;143;189;220;48;2;138;185;219m▃[0m
[38;2;35;46;4;48;2;16;26;5m▄[38;2;22;33;4;48;2;33;43;6m▘[38;2;64;68;30;48;2;34;44;11m▏[38;2;23;31;20;48;2;12;15;6m▍[38;2;12;13;5;48;2;26;25;12m▍[38;2;49;47;25;48;2;106;95;64m▋[38;2;93;82;50;48;2;153;137;93m▍[38;2;171;154;108;48;2;50;58;29m▍[38;2;46;55;23;48;2;32;41;14m▂[38;2;40;48;19;48;2;28;36;16m▕[38;2;83;95;18;48;2;35;44;17m▔[38;2;30;40;17;48;2;83;93;28m▆[38;2;29;41;18;48;2;17;23;9m▘[38;2;74;83;18;48;2;26;30;9m▝[38;2;36;38;11;48;2;99;109;27m▄[38;2;70;73;26;48;2;47;46;20m▎[38;2;49;45;22;48;2;41;40;15m▎[38;2;72;69;32;48;2;62;58;26m▂[38;2;72;67;39;48;2;35;43;17m▍[38;2;63;74;18;48;2;46;56;16m▝[38;2;43;51;18;48;2;106;114;49m▆[38;2;139;145;61;48;2;55;63;24m▝[38;2;92;94;48;48;2;66;72;29m▗[38;2;86;95;27;48;2;44;51;17m▔[38;2;52;61;17;48;2;99;105;41m▆[38;2;60;70;19;48;2;44;51;14m▄[38;2;78;89;23;48;2;54;64;18m▞[38;2;64;71;24;48;2;45;51;14m▔[38;2;110;107;57;48;2;69;74;27m▝[38;2;67;76;23;48;2;77;87;18m▗[38;2;73;84;13;48;2;86;98;19m▞[38;2;92;103;19;48;2;110;119;27m▌[38;2;148;155;42;48;2;98;108;29m▖[38;2;105;114;32;48;2;71;83;30m▎[38;2;65;77;15;48;2;89;100;24m▅[38;2;83;92;25;48;2;61;72;16m▝[38;2;84;92;40;48;2;74;85;23m▘[38;2;97;108;41;48;2;80;91;27m▞[38;2;64;76;21;48;2;107;119;49m▆[38;2;88;100;36;48;2;128;135;54m▄[38;2;138;144;60;48;2;110;121;52m▌[38;2;134;142;72;48;2;97;109;40m▔[38;2;54;65;17;48;2;92;102;43m▃[38;2;75;87;47;48;2;53;65;19m▕[38;2;81;97;68;48;2;129;154;149m▌[38;2;133;163;160;48;2;94;114;93m▖[38;2;127;149;140;48;2;86;101;65m▂[38;2;153;182;190;48;2;109;126;84m▄[38;2;108;121;76;48;2;130;150;125m▗[38;2;144;159;111;48;2;168;203;224m▅[38;2;145;158;101;48;2;165;197;206m▁[38;2;161;178;143;48;2;169;205;227m▂[38;2;160;199;221;48;2;171;206;227m▔[38;2;157;192;201;48;2;170;204;225m▔[38;2;169;202;218;48;2;160;176;135m▅[38;2;168;198;201;48;2;167;203;226m▏[38;2;172;205;226;48;2;164;201;226m▂[38;2;168;203;226;48;2;162;200;225m▅[38;2;169;204;226;48;2;161;200;227m▄[38;2;131;163;165;48;2;165;200;223m▔[38;2;158;197;223;48;2;166;202;226m▔[38;2;150;184;193;48;2;165;200;224m▔[38;2;167;202;225;48;2;159;198;225m▄[38;2;169;203;226;48;2;161;198;224m▃[38;2;169;204;226;48;2;160;198;225m▃[38;2;167;203;226;48;2;157;197;224m▄[38;2;167;202;225;48;2;158;197;224m▄[48;2;156;197;224m▄[38;2;166;201;224;48;2;157;197;224m▃[38;2;165;201;224m▃[38;2;165;201;225;48;2;155;196;223m▄[38;2;164;201;225;48;2;154;195;223m▄[38;2;166;201;224;48;2;155;196;223m▃[38;2;162;200;224;48;2;154;195;223m▄[38;2;162;199;223;48;2;152;194;222m▄[38;2;161;199;222m▄[38;2;160;198;223;48;2;151;193;221m▄[38;2;161;199;223m▄[38;2;161;199;222m▄[48;2;150;192;220m▄[0m
[38;2;54;63;11;48;2;35;47;6m▁[38;2;46;58;8;48;2;42;53;6m▁[38;2;87;91;34;48;2;47;54;27m▘[38;2;22;31;22;48;2;10;12;4m▎[38;2;23;23;10;48;2;54;52;33m▊[38;2;54;49;28;48;2;96;85;52m▋[38;2;124;110;75;48;2;171;154;103m▌[38;2;183;164;114;48;2;47;56;17m▎[38;2;68;77;32;48;2;39;48;12m▗[38;2;71;79;32;48;2;41;47;18m▃[38;2;34;41;18;48;2;37;46;19m▆[38;2;34;42;19;48;2;23;33;14m▁[38;2;21;30;16;48;2;13;17;7m▎[38;2;23;29;6;48;2;12;16;3m▗[38;2;20;23;8;48;2;30;30;12m▋[38;2;41;42;13;48;2;30;29;12m▕[38;2;62;65;19;48;2;35;34;13m▃[38;2;93;85;48;48;2;51;48;23m▆[38;2;58;55;26;48;2;25;36;14m▁[38;2;35;44;10;48;2;47;57;11m▍[38;2;47;54;19;48;2;63;70;22m▆[38;2;65;75;17;48;2;52;61;17m▖[38;2;52;59;26;48;2;41;45;18m▂[38;2;124;132;31;48;2;58;68;23m▗[38;2;121;128;37;48;2;50;63;37m▅[38;2;78;89;17;48;2;61;73;22m▔[38;2;68;79;20;48;2;47;57;18m▖[38;2;35;39;19;48;2;43;49;15m▃[38;2;58;63;29;48;2;71;77;29m▁[38;2;93;103;26;48;2;77;87;27m▗[38;2;97;105;35;48;2;60;71;20m▗[38;2;122;131;44;48;2;153;159;60m▋[38;2;103;113;32;48;2;139;145;55m▞[38;2;80;91;32;48;2;107;116;35m▝[38;2;110;120;39;48;2;75;87;25m▆[38;2;105;117;33;48;2;70;83;26m▃[38;2;87;97;33;48;2;58;70;16m▃[38;2;74;84;31;48;2;97;108;38m▔[38;2;89;101;41;48;2;105;115;40m▂[38;2;106;119;47;48;2;92;104;42m▖[38;2;91;108;68;48;2;94;107;43m▖[38;2;90;106;47;48;2;78;91;29m▍[38;2;71;82;32;48;2;46;58;6m▃[38;2;91;104;61;48;2;76;88;48m▕[38;2;147;167;154;48;2;75;88;46m▃[38;2;125;139;100;48;2;155;178;177m▁[38;2;158;183;183;48;2;131;150;136m▊[38;2;110;123;86;48;2;159;187;193m▅[38;2;98;107;43;48;2;153;173;161m▝[38;2;171;196;197;48;2;128;145;117m▆[38;2;172;197;199;48;2;127;140;90m▖[38;2;172;194;186;48;2;147;154;86m▆[38;2;171;183;152;48;2;182;210;222m▁[38;2;190;214;228;48;2;181;211;228m▄[38;2;190;214;227;48;2;181;210;228m▄[38;2;188;214;227;48;2;179;209;227m▄[38;2;188;214;228m▄[48;2;178;209;227m▄[38;2;187;213;226;48;2;177;208;226m▃[38;2;187;213;227m▄[38;2;186;213;228m▄[38;2;186;213;227;48;2;176;207;226m▄[38;2;188;213;227;48;2;177;207;226m▃[48;2;176;207;226m▄[48;2;177;208;227m▄[38;2;201;218;228;48;2;180;209;226m▂[38;2;210;220;225;48;2;179;208;226m▂[38;2;215;222;225;48;2;180;209;226m▂[38;2;223;226;225;48;2;179;207;225m▃[38;2;225;227;225;48;2;175;205;224m▆[38;2;228;228;225;48;2;179;206;224m▆[38;2;210;219;224;48;2;181;207;223m▆[38;2;187;210;225;48;2;180;208;225m▍[38;2;184;210;225;48;2;172;204;224m▄[38;2;184;211;225;48;2;174;206;225m▃[38;2;181;209;225;48;2;172;204;223m▄[38;2;182;209;224m▃[38;2;205;218;225;48;2;175;205;223m▁[38;2;213;220;224;48;2;175;206;224m▂[38;2;219;223;223;48;2;177;206;224m▂[0m
[38;2;27;38;7;48;2;53;65;13m▄[38;2;57;57;28;48;2;43;53;16m▕[38;2;55;57;27;48;2;25;32;14m▏[38;2;12;14;1;48;2;10;13;4m▗[38;2;35;34;16;48;2;20;20;9m▗[38;2;51;49;29;48;2;81;75;42m▍[38;2;164;147;105;48;2;111;101;61m▞[38;2;185;172;124;48;2;52;62;17m▏[38;2;93;106;42;48;2;61;70;27m▁[38;2;76;83;34;48;2;52;62;19m▔[38;2;33;38;15;48;2;86;92;38m▅[38;2;27;33;13;48;2;79;85;37m▆[38;2;29;36;13;48;2;19;22;9m▕[38;2;84;92;36;48;2;19;22;5m▅[38;2;68;72;34;48;2;27;28;11m▖[38;2;44;44;16;48;2;36;33;14m▕[38;2;105;94;60;48;2;63;58;29m▗[38;2;119;108;67;48;2;41;48;21m▌[38;2;90;100;42;48;2;41;48;22m▁[38;2;74;77;41;48;2;35;43;21m▖[38;2;71;68;40;48;2;45;51;22m▁[38;2;66;70;26;48;2;97;104;26m▊[38;2;118;127;35;48;2;73;80;25m▖[38;2;96;104;36;48;2;70;78;25m▕[38;2;98;104;37;48;2;44;55;26m▃[38;2;67;80;31;48;2;42;54;26m▝[38;2;53;62;30;48;2;28;32;18m▘[38;2;104;98;69;48;2;60;59;35m▁[38;2;93;91;57;48;2;58;69;24m▎[38;2;128;132;50;48;2;96;104;32m▃[38;2;123;126;48;48;2;93;101;34m▖[38;2;68;77;33;48;2;104;111;34m▃[38;2;52;61;21;48;2;104;112;32m▏[38;2;113;121;37;48;2;82;93;30m▎[38;2;79;88;30;48;2;125;134;43m▆[38;2;101;112;32;48;2;80;91;37m▘[38;2;96;109;51;48;2;91;104;32m▆[38;2;102;113;44;48;2;108;121;52m▁[38;2;103;117;55;48;2;86;99;47m▘[38;2;84;99;47;48;2;96;114;62m▂[38;2;87;98;43;48;2;104;116;46m▍[38;2;74;90;38;48;2;106;121;62m▁[38;2;85;99;37;48;2;108;125;67m▂[38;2;98;112;54;48;2;79;94;43m▆[38;2;121;133;61;48;2;85;101;49m▂[38;2;132;144;76;48;2;99;114;65m▂[38;2;160;175;148;48;2;115;129;75m▔[38;2;164;179;171;48;2;107;121;78m▝[38;2;117;130;86;48;2;184;200;193m▅[38;2;96;115;86;48;2;181;196;188m▂[38;2;96;120;110;48;2;191;208;213m▁[38;2;155;168;137;48;2;204;218;223m▝[38;2;176;190;165;48;2;201;214;211m▔[38;2;224;228;228;48;2;204;220;226m▁[38;2;214;225;229;48;2;200;218;228m▄[38;2;213;224;228;48;2;198;219;229m▅[48;2;201;220;229m▄[38;2;218;226;229;48;2;202;219;228m▃[38;2;220;226;228;48;2;201;219;228m▂[38;2;221;227;229;48;2;199;219;228m▂[38;2;218;226;228m▂[38;2;210;223;229;48;2;198;218;228m▃[38;2;208;222;228m▄[38;2;219;227;229;48;2;206;221;228m▁[38;2;219;226;227;48;2;213;224;228m▁[38;2;212;223;228;48;2;223;227;228m▄[38;2;219;224;227;48;2;228;228;226m▃[38;2;217;221;222;48;2;229;228;225m▄[38;2;213;218;221;48;2;230;229;225m▅[38;2;224;229;228;48;2;217;219;221m▃[38;2;232;231;227;48;2;218;222;223m▂[38;2;231;230;226;48;2;212;222;226m▃[38;2;229;229;226;48;2;199;217;225m▅[38;2;229;230;226;48;2;199;217;227m▅[38;2;227;228;226;48;2;195;216;226m▄[38;2;225;227;225;48;2;197;217;227m▃[38;2;227;228;225;48;2;203;219;226m▃[38;2;222;223;222;48;2;229;228;225m▁[38;2;219;220;218;48;2;228;227;224m▁[38;2;222;223;220;48;2;228;228;224m▅[0m
[38;2;62;75;24;48;2;29;39;9m▃[38;2;53;61;17;48;2;44;52;16m▁[38;2;39;50;16;48;2;18;23;14m▎[38;2;16;17;6;48;2;25;24;9m▊[38;2;28;27;13;48;2;44;43;24m▍[38;2;78;69;41;48;2;139;122;81m▋[38;2;132;117;76;48;2;153;137;96m▖[38;2;56;67;23;48;2;35;43;14m▝[38;2;30;34;13;48;2;74;86;37m▅[38;2;72;83;33;48;2;47;54;20m▔[38;2;82;93;42;48;2;45;52;21m▄[38;2;45;54;26;48;2;18;23;11m▏[38;2;8;10;3;48;2;13;18;3m▋[38;2;32;35;13;48;2;16;20;5m▔[38;2;53;54;27;48;2;31;31;11m▔[38;2;49;47;14;48;2;42;42;14m▕[38;2;66;62;26;48;2;117;107;59m▌[38;2;62;71;24;48;2;106;110;46m▞[38;2;86;93;37;48;2;58;65;25m▖[38;2;77;72;42;48;2;53;58;22m▕[38;2;95;99;39;48;2;73;76;38m▖[38;2;98;104;45;48;2;42;54;20m▅[38;2;103;108;39;48;2;60;67;30m▂[38;2;74;77;39;48;2;59;68;24m▏[38;2;58;65;26;48;2;107;113;39m▆[38;2;58;66;28;48;2;33;40;18m▏[38;2;58;59;30;48;2;31;33;17m▕[38;2;103;98;66;48;2;89;87;48m▔[38;2;78;86;34;48;2;59;65;27m▔[38;2;81;88;33;48;2;52;61;26m▝[38;2;70;77;35;48;2;124;128;53m▖[38;2;100;104;47;48;2;69;77;37m▘[38;2;85;92;32;48;2;47;57;26m▝[38;2;115;121;39;48;2;59;67;29m▘[38;2;89;97;34;48;2;53;64;37m▔[38;2;72;85;63;48;2;54;63;41m▗[38;2;70;89;64;48;2;81;103;77m▍[38;2;55;74;51;48;2;86;112;93m▄[38;2;75;99;81;48;2;62;79;47m▘[38;2;64;76;32;48;2;78;94;50m▆[38;2;68;80;27;48;2;91;103;43m▎[38;2;88;109;82;48;2;81;93;37m▖[38;2;81;100;69;48;2;70;82;28m▄[38;2;88;105;63;48;2;79;91;35m▃[38;2;128;136;47;48;2;95;108;48m▝[38;2;104;116;60;48;2;129;140;69m▞[38;2;96;115;83;48;2;123;135;75m▅[38;2;112;123;63;48;2;93;110;78m▕[38;2;121;133;75;48;2;100;112;71m▗[38;2;114;128;75;48;2;93;114;90m▂[38;2;132;146;82;48;2;86;111;97m▖[38;2;151;164;163;48;2;76;102;96m▔[38;2;71;97;92;48;2;185;195;195m▆[38;2;76;103;101;48;2;194;206;212m▆[38;2;89;119;118;48;2;181;199;212m▆[38;2;197;209;217;48;2;96;136;157m▔[38;2;180;198;209;48;2;102;142;170m▔[38;2;216;225;229;48;2;107;146;174m▔[38;2;110;148;174;48;2;214;224;226m▆[38;2;109;146;173;48;2;213;220;223m▄[38;2;119;153;176;48;2;223;225;224m▃[38;2;127;160;182;48;2;226;227;226m▂[38;2;102;143;171;48;2;226;228;227m▁[38;2;123;161;188;48;2;224;226;226m▁[38;2;129;171;202;48;2;227;228;225m▂[38;2;137;174;203;48;2;229;229;226m▂[38;2;125;167;198;48;2;226;227;225m▂[38;2;125;167;200;48;2;225;227;225m▂[38;2;138;173;202;48;2;223;224;222m▃[38;2;126;164;196;48;2;225;225;224m▃[38;2;124;164;195;48;2;222;224;223m▃[38;2;127;167;198;48;2;219;221;221m▂[38;2;131;170;197;48;2;220;222;221m▁[38;2;145;176;199;48;2;228;227;223m▁[38;2;182;200;212;48;2;225;225;222m▁[38;2;161;179;171;48;2;224;224;221m▁[38;2;154;182;187;48;2;213;215;207m▁[38;2;160;174;146;48;2;201;205;192m▗[38;2;148;171;150;48;2;211;216;215m▁[38;2;157;183;198;48;2;220;219;211m▃[0m
[38;2;45;50;15;48;2;66;77;24m▁[38;2;72;74;29;48;2;45;56;16m▎[38;2;25;35;19;48;2;14;17;8m▎[38;2;10;11;3;48;2;16;17;6m▄[38;2;80;73;50;48;2;45;41;20m▕[38;2;96;87;61;48;2;142;128;92m▍[38;2;162;146;104;48;2;78;81;34m▊[38;2;100;111;47;48;2;36;43;13m▂[38;2;75;83;39;48;2;52;60;24m▗[38;2;93;100;48;48;2;41;48;17m▄[38;2;33;40;14;48;2;17;24;7m▘[38;2;13;18;2;48;2;10;13;4m▃[38;2;28;36;3;48;2;16;20;4m▁[38;2;41;43;9;48;2;23;28;5m▁[38;2;57;54;22;48;2;37;35;14m▕[38;2;61;62;20;48;2;40;40;11m▎[38;2;67;70;23;48;2;85;84;33m▅[38;2;104;112;44;48;2;77;83;30m▂[38;2;41;46;17;48;2;102;110;45m▗[38;2;38;38;17;48;2;92;92;42m▌[38;2;84;92;35;48;2;63;71;21m▗[38;2;85;89;36;48;2;78;85;37m▖[38;2;113;117;52;48;2;64;70;30m▝[38;2;102;105;49;48;2;87;92;42m▘[38;2;79;83;37;48;2;51;58;20m▎[38;2;43;49;15;48;2;34;39;13m▕[38;2;79;78;38;48;2;58;63;24m▕[38;2;78;77;33;48;2;95;96;39m▁[38;2;98;101;36;48;2;68;73;30m▄[38;2;108;112;44;48;2;65;71;27m▂[38;2;77;82;28;48;2;53;62;26m▁[38;2;66;74;31;48;2;50;59;26m▂[38;2;51;61;31;48;2;44;54;25m▔[38;2;56;67;31;48;2;46;56;22m▕[38;2;65;72;33;48;2;51;60;31m▁[38;2;66;85;59;48;2;62;69;39m▝[38;2;68;88;72;48;2;63;78;41m▘[38;2;91;106;63;48;2;55;70;33m▄[38;2;48;62;32;48;2;69;85;57m▔[38;2;81;101;74;48;2;69;83;41m▖[38;2;85;94;33;48;2;71;82;26m▕[38;2;79;90;38;48;2;98;109;46m▋[38;2;88;102;46;48;2;97;113;65m▘[38;2;94;112;77;48;2;86;98;41m▔[38;2;108;120;60;48;2;88;102;51m▘[38;2;98;107;37;48;2;108;122;66m▃[38;2;107;115;43;48;2;87;108;82m▃[38;2;99;117;86;48;2;93;106;60m▘[38;2;110;122;70;48;2;90;105;79m▞[38;2;108;122;74;48;2;125;133;65m▄[38;2;123;135;79;48;2;88;109;87m▋[38;2;105;121;89;48;2;90;113;97m▂[38;2;91;114;97;48;2;74;99;93m▗[38;2;83;107;98;48;2;66;93;93m▖[38;2;72;96;93;48;2;67;92;90m▗[38;2;91;113;94;48;2;76;99;89m▝[38;2;96;124;115;48;2;86;109;95m▔[38;2;87;112;101;48;2;98;138;165m▆[38;2;89;113;101;48;2;96;133;152m▃[38;2;89;121;131;48;2;104;143;169m▅[38;2;95;127;136;48;2;108;146;170m▅[38;2;97;128;132;48;2;103;142;169m▄[38;2;94;124;129;48;2;99;140;168m▂[38;2;108;137;141;48;2;98;138;166m▁[38;2;109;147;170;48;2;98;137;163m▔[38;2;122;163;193;48;2;96;135;160m▔[38;2;97;137;161;48;2;119;161;193m▆[38;2;103;139;160;48;2;122;165;199m▆[38;2;99;136;157;48;2;121;163;194m▅[38;2;101;137;157;48;2;126;167;198m▄[38;2;107;143;163;48;2;124;166;198m▄[38;2;97;136;160;48;2;127;165;195m▃[38;2;107;145;167;48;2;123;164;194m▃[38;2;114;152;178;48;2;124;164;194m▃[38;2;124;159;185;48;2;123;164;194m▂[38;2;139;168;170;48;2;127;164;190m▔[38;2;132;168;191;48;2;132;149;118m▆[38;2;136;172;193;48;2;130;155;143m▄[38;2;128;146;122;48;2;132;161;159m▁[38;2;125;138;90;48;2;137;164;169m▂[0m
[38;2;39;43;16;48;2;79;83;36m▄[38;2;14;19;9;48;2;53;60;28m▁[38;2;15;21;10;48;2;10;13;2m▎[38;2;50;56;6;48;2;12;13;3m▁[38;2;40;41;7;48;2;80;74;38m▍[38;2;65;58;29;48;2;136;122;84m▍[38;2;140;128;85;48;2;58;70;19m▋[38;2;115;125;59;48;2;71;82;30m▝[38;2;57;67;25;48;2;98;106;51m▅[38;2;64;74;28;48;2;85;95;37m▋[38;2;54;63;21;48;2;79;91;28m▄[38;2;37;43;12;48;2;93;101;43m▔[38;2;70;76;29;48;2;48;54;15m▘[38;2;80;89;31;48;2;52;56;12m▁[38;2;80;83;38;48;2;63;63;24m▕[38;2;102;107;47;48;2;34;36;10m▃[38;2;115;119;54;48;2;71;77;33m▂[38;2;32;39;12;48;2;70;77;30m▂[38;2;79;84;26;48;2;37;41;13m▗[38;2;70;79;25;48;2;88;92;36m▞[38;2;89;96;33;48;2;82;90;38m▎[38;2;115;120;56;48;2;95;100;46m▘[38;2;56;62;26;48;2;106;110;51m▝[38;2;116;121;53;48;2;57;63;24m▁[38;2;102;106;39;48;2;55;63;16m▂[38;2;101;109;40;48;2;65;72;23m▗[38;2;108;115;35;48;2;59;64;22m▃[38;2;94;96;33;48;2;82;86;28m▕[38;2;80;82;40;48;2;90;93;34m▁[38;2;68;70;30;48;2;113;114;36m▂[38;2;103;107;30;48;2;127;130;40m▎[38;2;130;129;49;48;2;99;104;36m▃[38;2;117;117;41;48;2;50;59;24m▅[38;2;125;117;56;48;2;62;69;28m▁[38;2;75;82;32;48;2;54;63;28m▄[38;2;88;96;34;48;2;58;64;29m▂[38;2;54;61;28;48;2;72;79;33m▃[38;2;69;77;26;48;2;79;85;38m▌[38;2;79;85;35;48;2;99;106;42m▊[38;2;103;108;44;48;2;71;80;32m▗[38;2;95;104;45;48;2;79;87;37m▗[38;2;114;122;52;48;2;93;101;36m▄[38;2;117;124;72;48;2;108;116;52m▗[38;2;137;147;85;48;2;109;122;77m▃[38;2;123;136;86;48;2;93;108;67m▅[38;2;128;139;85;48;2;86;105;77m▃[38;2;123;135;77;48;2;86;104;70m▃[38;2;91;108;76;48;2;82;96;69m▌[38;2;114;122;60;48;2;98;113;78m▁[38;2;113;125;66;48;2;102;115;67m▝[38;2;84;97;44;48;2;106;121;76m▂[38;2;93;108;61;48;2;90;108;81m▏[38;2;100;120;88;48;2;76;101;98m▖[38;2;86;110;101;48;2;80;104;103m▘[38;2;94;116;110;48;2;73;99;99m▂[38;2;83;107;102;48;2;108;123;113m▋[38;2;101;115;112;48;2;94;114;106m▘[38;2;87;112;108;48;2;78;103;96m▂[38;2;97;119;110;48;2;87;111;100m▖[38;2;104;127;114;48;2;90;114;100m▂[38;2;104;128;124;48;2;91;116;109m▁[38;2;109;133;128;48;2;93;123;127m▗[38;2;121;146;147;48;2;89;121;134m▃[38;2;124;148;156;48;2;96;125;132m▃[38;2;119;144;151;48;2;97;127;138m▃[38;2;83;111;117;48;2;105;137;152m▗[38;2;90;117;124;48;2;122;152;169m▂[38;2;84;111;115;48;2;134;164;185m▄[38;2;77;106;114;48;2;122;150;163m▆[38;2;99;126;132;48;2;83;110;111m▔[38;2;112;127;86;48;2;101;125;117m▗[38;2;138;146;86;48;2;125;153;168m▄[38;2;150;158;105;48;2;146;170;188m▃[38;2;129;151;147;48;2;154;176;192m▂[38;2;131;149;113;48;2;151;174;189m▁[38;2;121;139;104;48;2;150;172;177m▁[38;2;119;134;90;48;2;155;175;179m▄[38;2;136;152;125;48;2;114;140;135m▎[38;2;115;128;85;48;2;107;134;134m▘[38;2;90;112;105;48;2;103;125;108m▁[0m
[38;2;58;69;26;48;2;49;51;21m▎[38;2;26;35;11;48;2;16;20;7m▏[38;2;19;24;2;48;2;11;15;1m▝[38;2;49;55;8;48;2;28;31;5m▔[38;2;42;42;11;48;2;66;62;25m▋[38;2;109;98;59;48;2;89;80;44m▝[38;2;101;95;52;48;2;37;44;15m▎[38;2;41;47;19;48;2;30;37;10m▕[38;2;74;83;41;48;2;48;55;22m▝[38;2;74;85;38;48;2;27;33;9m▎[38;2;69;78;33;48;2;33;37;9m▔[38;2;104;112;57;48;2;63;64;18m▝[38;2;78;80;39;48;2;132;133;69m▗[38;2;121;126;61;48;2;73;79;30m▎[38;2;72;76;31;48;2;40;44;12m▁[38;2;90;92;46;48;2;56;59;20m▔[38;2;73;80;24;48;2;51;59;17m▖[38;2;76;78;32;48;2;41;45;13m▃[38;2;67;72;22;48;2;97;103;39m▊[38;2;95;102;38;48;2;61;68;21m▍[38;2;37;44;11;48;2;57;67;19m▄[38;2;39;47;12;48;2;75;85;25m▅[38;2;122;127;65;48;2;78;86;27m▝[38;2;106;110;51;48;2;94;99;37m▘[38;2;96;102;37;48;2;72;80;23m▋[38;2;99;104;36;48;2;80;87;25m▕[38;2;82;85;30;48;2;114;119;41m▆[38;2;100;100;42;48;2;108;109;42m▂[38;2;117;115;46;48;2;98;95;45m▎[38;2;74;74;36;48;2;128;122;59m▝[38;2;138;133;63;48;2;92;93;37m▞[38;2;98;98;36;48;2;123;123;38m▞[38;2;103;101;36;48;2;128;125;44m▄[38;2;126;120;45;48;2;129;114;60m▘[38;2;136;119;65;48;2;75;72;35m▅[38;2;138;125;64;48;2;77;79;36m▂[38;2;104;102;49;48;2;78;83;30m▁[38;2;76;81;28;48;2;62;68;25m▎[38;2;72;80;24;48;2;68;75;24m▁[38;2;68;75;24;48;2;82;89;25m▎[38;2;64;71;21;48;2;98;103;38m▃[38;2;69;75;25;48;2;91;97;31m▂[38;2;77;82;30;48;2;115;118;44m▖[38;2;99;103;36;48;2;127;133;62m▄[38;2;140;147;71;48;2;124;130;60m▝[38;2;119;126;67;48;2;135;142;76m▄[38;2;109;117;58;48;2;95;104;54m▘[38;2;77;85;47;48;2;93;103;61m▋[38;2;132;139;71;48;2;100;112;67m▗[38;2;97;114;83;48;2;126;135;70m▝[38;2;66;79;35;48;2;84;102;77m▝[38;2;82;107;100;48;2;76;92;56m▂[38;2;92;115;107;48;2;103;117;61m▅[38;2;110;124;76;48;2;102;126;130m▘[38;2;124;146;157;48;2;95;121;128m▃[38;2;132;152;161;48;2;109;132;139m▅[38;2;107;128;127;48;2;136;156;166m▔[38;2;142;160;170;48;2;114;135;139m▆[38;2;84;99;80;48;2;122;143;148m▗[38;2;110;129;122;48;2;118;142;150m▖[38;2;114;140;151;48;2;124;145;148m▅[38;2;108;136;148;48;2;119;142;147m▄[38;2;105;131;140;48;2;118;142;148m▃[38;2;89;116;125;48;2;115;140;145m▂[38;2;80;109;118;48;2;108;134;139m▅[38;2;80;106;111;48;2;75;102;108m▖[38;2;76;104;111;48;2;70;98;105m▔[38;2;79;103;104;48;2;70;98;104m▔[38;2;102;119;87;48;2;83;107;107m▂[38;2;129;135;75;48;2;88;113;110m▃[38;2;135;144;79;48;2;97;120;110m▁[38;2;111;127;94;48;2;98;120;111m▔[38;2;160;160;56;48;2;109;127;102m▁[38;2;145;154;102;48;2;106;122;91m▔[38;2;86;105;88;48;2;121;132;63m▄[38;2;116;126;72;48;2;99;120;108m▂[38;2;130;136;58;48;2;103;123;106m▂[38;2;101;118;83;48;2;107;127;107m▗[38;2;99;113;66;48;2;107;135;143m▆[38;2;110;124;68;48;2;87;109;105m▄[0m
[38;2;35;42;16;48;2;13;16;6m▎[38;2;17;20;5;48;2;8;10;2m▏[38;2;13;17;1m▝[38;2;43;45;11;48;2;21;23;4m▗[38;2;100;88;55;48;2;73;63;38m▕[38;2;65;60;28;48;2;94;85;45m▗[38;2;81;84;45;48;2;41;47;17m▘[38;2;57;65;23;48;2;28;33;11m▂[38;2;22;26;5;48;2;60;69;25m▆[38;2;37;43;10;48;2;60;65;26m▆[38;2;68;74;25;48;2;52;54;18m▕[38;2;48;54;18;48;2;80;81;27m▆[38;2;51;61;25;48;2;34;39;13m▃[38;2;40;48;16;48;2;28;34;9m▂[38;2;81;86;41;48;2;51;58;23m▘[38;2;86;93;55;48;2;64;69;26m▁[38;2;43;49;16;48;2;28;33;6m▎[38;2;42;46;10;48;2;66;71;21m▄[38;2;82;83;33;48;2;111;117;44m▆[38;2;53;58;19;48;2;103;101;43m▔[38;2;145;136;64;48;2;76;79;22m▂[38;2;96;99;27;48;2;52;58;19m▄[38;2;106;109;45;48;2;78;81;28m▕[38;2;54;58;22;48;2;96;99;37m▄[38;2;84;90;30;48;2;109;113;46m▊[38;2;115;119;51;48;2;56;61;20m▆[38;2;120;124;46;48;2;82;86;33m▃[38;2;71;76;25;48;2;119;117;49m▂[38;2;133;132;56;48;2;72;73;32m▆[38;2;127;127;43;48;2;92;90;42m▃[38;2;102;104;34;48;2;156;148;69m▃[38;2;112;109;53;48;2;133;133;50m▝[38;2;143;143;57;48;2;130;125;53m▗[38;2;152;153;63;48;2;132;123;54m▁[38;2;134;134;51;48;2;143;129;62m▁[38;2;165;144;79;48;2;146;127;69m▗[38;2;151;130;71;48;2;99;92;44m▆[38;2;143;133;56;48;2;101;104;38m▃[38;2;135;134;46;48;2;84;91;34m▂[38;2;100;103;41;48;2;75;81;30m▂[38;2;62;65;22;48;2;76;81;26m▞[38;2;87;92;33;48;2;69;74;23m▂[38;2;77;80;30;48;2;96;99;41m▆[38;2;88;86;43;48;2;113;115;44m▂[38;2;152;149;62;48;2;121;125;58m▆[38;2;158;156;64;48;2;101;107;61m▃[38;2;117;122;62;48;2;87;96;56m▖[38;2;115;120;71;48;2;85;93;58m▁[38;2;78;91;61;48;2;115;124;58m▆[38;2;102;111;57;48;2;89;98;57m▘[38;2;101;112;59;48;2;128;136;64m▆[38;2;102;110;57;48;2;111;126;93m▆[38;2;111;121;60;48;2;100;122;109m▆[38;2;108;123;86;48;2;99;124;126m▃[38;2;112;124;81;48;2;109;128;106m▃[38;2;102;123;109;48;2;95;122;132m▖[38;2;94;120;127;48;2;104;129;134m▆[38;2;74;95;89;48;2;100;125;132m▗[38;2;91;110;104;48;2;68;85;68m▔[38;2;77;90;57;48;2;100;119;106m▖[38;2;100;124;129;48;2;105;133;145m▂[38;2;91;119;128;48;2;106;134;148m▅[38;2;112;129;97;48;2;95;120;120m▕[38;2;110;126;96;48;2;132;138;78m▊[38;2;128;139;101;48;2;101;119;104m▗[38;2;129;142;111;48;2;96;121;127m▁[38;2;113;130;114;48;2;102;126;129m▕[38;2;141;148;92;48;2;99;122;125m▃[38;2;127;141;113;48;2;97;120;123m▖[38;2;106;124;93;48;2;97;121;121m▝[38;2;97;120;110;48;2;111;123;71m▅[38;2;89;114;113;48;2;111;122;72m▄[38;2;93;112;96;48;2;112;120;52m▆[38;2;95;109;64;48;2;89;109;91m▝[38;2;103;113;60;48;2;87;97;54m▞[38;2;86;95;28;48;2;100;111;62m▃[38;2;72;81;26;48;2;109;122;70m▂[38;2;81;91;40;48;2;119;129;72m▄[38;2;80;95;69;48;2;118;126;46m▘[38;2;119;131;83;48;2;129;136;59m▗[0m
[38;2;20;23;9;48;2;73;86;26m▄[38;2;51;60;13;48;2;28;33;7m▎[38;2;72;82;23;48;2;30;33;11m▁[38;2;53;47;27;48;2;38;35;16m▕[38;2;91;79;50;48;2;71;65;33m▕[38;2;97;89;47;48;2;55;57;16m▌[38;2;30;34;9;48;2;70;78;40m▆[38;2;71;77;33;48;2;35;39;13m▝[38;2;63;68;23;48;2;30;35;8m▁[38;2;65;70;27;48;2;32;37;8m▗[38;2;36;41;12;48;2;73;76;35m▊[38;2;52;54;25;48;2;102;107;60m▅[38;2;97;105;53;48;2;25;27;12m▖[38;2;33;38;14;48;2;80;90;41m▅[38;2;97;104;52;48;2;66;69;29m▏[38;2;67;71;21;48;2;89;88;35m▏[38;2;109;113;50;48;2;57;58;21m▘[38;2;103;102;54;48;2;29;32;8m▖[38;2;63;67;26;48;2;35;39;8m▔[38;2;35;38;10;48;2;67;68;34m▆[38;2;75;74;50;48;2;140;132;92m▆[38;2;70;68;42;48;2;155;144;90m▖[38;2;160;147;90;48;2;99;97;31m▅[38;2;180;165;101;48;2;70;72;25m▃[38;2;90;90;32;48;2;49;55;15m▁[38;2;76;83;30;48;2;34;39;12m▝[38;2;82;90;36;48;2;70;77;25m▕[38;2;57;63;22;48;2;94;102;38m▃[38;2;83;92;32;48;2;113;119;49m▆[38;2;118;122;45;48;2;87;90;32m▔[38;2;73;79;22;48;2;85;91;32m▕[38;2;106;112;46;48;2;71;77;23m▝[38;2;80;84;27;48;2;111;118;37m▆[38;2;93;94;39;48;2;133;135;51m▃[38;2;128;128;47;48;2;148;145;57m▏[38;2;160;155;64;48;2;134;126;51m▅[38;2;131;128;43;48;2;152;141;63m▁[38;2;136;128;64;48;2;168;146;78m▁[38;2;185;158;93;48;2;136;123;57m▄[38;2;187;156;96;48;2;127;124;44m▄[38;2;188;163;92;48;2;134;128;52m▁[38;2;137;132;54;48;2;85;89;34m▆[38;2;144;141;53;48;2;119;120;47m▅[38;2;98;98;43;48;2;127;127;49m▝[38;2;129;128;51;48;2;95;94;39m▃[38;2;116;114;45;48;2;145;140;66m▊[38;2;163;157;75;48;2;122;120;54m▋[38;2;149;144;68;48;2;100;108;68m▃[38;2;131;133;55;48;2;89;99;60m▂[38;2;113;117;51;48;2;93;103;61m▁[38;2;115;121;58;48;2;89;99;54m▂[38;2;112;120;56;48;2;97;105;49m▖[38;2;120;125;50;48;2;100;109;50m▁[38;2;99;113;71;48;2;100;106;48m▔[38;2;102;118;92;48;2;116;122;51m▔[38;2;102;124;119;48;2;110;119;63m▔[38;2;79;93;60;48;2;97;117;103m▄[38;2;81;103;92;48;2;63;79;62m▔[38;2;51;64;46;48;2;81;92;57m▊[38;2;78;89;54;48;2;93;112;91m▆[38;2;86;105;91;48;2;94;118;119m▖[38;2;122;136;100;48;2;103;128;128m▝[38;2;119;133;104;48;2;101;123;120m▘[38;2;106;125;115;48;2;106;128;125m▏[38;2;113;126;86;48;2;100;123;126m▄[38;2;105;114;49;48;2;115;128;87m▗[38;2;121;129;70;48;2;116;130;99m▄[38;2;110;132;117;48;2;118;127;76m▆[38;2;108;133;147;48;2;128;139;86m▅[38;2;126;147;161;48;2;95;120;127m▃[38;2;121;143;156;48;2;97;121;123m▃[38;2;84;110;113;48;2;101;120;100m▁[38;2;78;97;58;48;2;96;114;90m▗[38;2;86;109;95;48;2;77;94;54m▄[38;2;93;112;88;48;2;74;89;41m▅[38;2;79;95;70;48;2;64;76;31m▖[38;2;70;81;44;48;2;68;79;25m▃[38;2;64;71;16;48;2;97;111;72m▘[38;2;95;102;29;48;2;112;123;62m▔[38;2;86;91;12;48;2;105;117;63m▁[0m
[38;2;75;91;31;48;2;33;41;11m▄[38;2;77;88;36;48;2;45;51;14m▖[38;2;36;38;15;48;2;104;118;46m▅[38;2;88;93;39;48;2;55;51;26m▘[38;2;70;65;33;48;2;83;77;43m▂[38;2;51;53;13;48;2;89;86;31m▃[38;2;69;66;25;48;2;104;98;43m▝[38;2;95;91;35;48;2;22;24;8m▅[38;2;105;99;38;48;2;42;43;12m▂[38;2;36;37;13;48;2;83;87;43m▋[38;2;43;43;22;48;2;108;110;72m▅[38;2;30;30;12;48;2;68;68;30m▊[38;2;70;67;29;48;2;41;42;14m▖[38;2;77;81;25;48;2;30;33;7m▂[38;2;102;109;53;48;2;68;72;21m▂[38;2;155;161;77;48;2;80;80;31m▂[38;2;62;64;23;48;2;110;112;54m▅[38;2;49;50;12;48;2;97;97;44m▅[38;2;55;57;24;48;2;37;41;9m▏[38;2;93;91;27;48;2;40;43;12m▗[38;2;100;96;39;48;2;58;60;41m▂[38;2;77;77;50;48;2;54;55;28m▘[38;2;179;167;129;48;2;93;90;60m▝[38;2;66;64;30;48;2;157;145;105m▗[38;2;123;115;65;48;2;179;163;106m▞[38;2;133;127;75;48;2;55;62;17m▖[38;2;61;66;21;48;2;42;48;14m▆[38;2;49;50;16;48;2;74;82;27m▁[38;2;51;56;15;48;2;69;77;23m▃[38;2;93;100;40;48;2;70;77;24m▝[38;2;77;83;23;48;2;101;104;45m▘[38;2;104;107;43;48;2;73;79;30m▅[38;2;100;102;42;48;2;65;70;19m▄[38;2;80;82;39;48;2;54;56;33m▘[38;2;113;110;71;48;2;93;91;57m▗[38;2;142;137;69;48;2;115;112;64m▔[38;2;78;80;32;48;2;119;119;40m▃[38;2;144;146;75;48;2;123;127;53m▕[38;2;131;131;55;48;2;139;138;62m▘[38;2;99;102;34;48;2;156;140;73m▄[38;2;116;119;42;48;2;181;161;92m▅[38;2;144;142;63;48;2;176;157;81m▖[38;2;191;161;98;48;2;135;115;52m▆[38;2;197;164;106;48;2;128;118;46m▅[38;2;203;171;114;48;2;151;136;64m▃[38;2;201;169;111;48;2;136;127;50m▃[38;2;201;170;113;48;2;141;131;60m▂[38;2;183;153;96;48;2;139;130;54m▁[38;2;122;123;51;48;2;135;131;54m▝[38;2;101;101;43;48;2;132;130;55m▘[38;2;105;106;38;48;2;137;139;61m▍[38;2;104;108;34;48;2;131;132;60m▂[38;2;148;148;59;48;2;108;112;44m▅[38;2;145;145;56;48;2;88;93;46m▅[38;2;149;149;60;48;2;102;109;44m▃[38;2;157;155;68;48;2;110;116;51m▁[38;2;126;131;64;48;2;103;111;58m▔[38;2;89;97;48;48;2;93;101;49m▘[38;2;77;84;47;48;2;60;69;44m▖[38;2;83;93;49;48;2;74;84;50m▔[38;2;88;98;59;48;2;104;112;49m▌[38;2;124;137;90;48;2;100;109;51m▝[38;2;111;117;43;48;2;116;128;82m▄[38;2;119;131;90;48;2;99;124;132m▅[38;2;111;122;90;48;2;99;122;124m▂[38;2;87;107;98;48;2;85;107;112m▔[38;2;92;115;119;48;2;103;117;85m▆[38;2;117;130;87;48;2;98;117;106m▝[38;2;121;134;100;48;2;105;125;108m▝[38;2;130;142;105;48;2;99;125;130m▘[38;2;130;140;89;48;2;90;118;134m▂[38;2;125;139;104;48;2;82;112;125m▁[38;2;130;138;74;48;2;94;117;113m▗[38;2;111;123;72;48;2;77;107;121m▄[38;2;95;111;72;48;2;97;116;96m▝[38;2;86;107;94;48;2;44;51;37m▋[38;2;64;72;46;48;2;95;112;96m▘[38;2;95;114;100;48;2;97;111;80m▍[38;2;97;111;63;48;2;102;116;81m▘[38;2;74;89;81;48;2;104;112;53m▂[0m
[38;2;31;41;9;48;2;13;17;3m▅[38;2;70;84;29;48;2;35;42;10m▗[38;2;42;48;11;48;2;82;90;30m▘[38;2;50;52;17;48;2;128;134;60m▄[38;2;84;86;38;48;2;59;58;24m▖[38;2;52;56;13;48;2;31;35;7m▞[38;2;55;59;10;48;2;88;86;35m▄[38;2;76;70;37;48;2;104;100;50m▂[38;2;43;45;16;48;2;103;94;43m▅[38;2;57;58;15;48;2;94;96;31m▞[38;2;111;119;43;48;2;67;68;20m▂[38;2;62;65;13;48;2;39;43;10m▍[38;2;87;97;39;48;2;54;56;18m▗[38;2;86;94;41;48;2;109;116;57m▎[38;2;139;145;82;48;2;125;133;62m▗[38;2;128;133;73;48;2;66;68;37m▊[38;2;38;42;19;48;2;16;17;6m▔[38;2;14;17;3;48;2;8;9;1m▔[38;2;33;37;6;48;2;77;79;18m▅[38;2;82;81;22;48;2;52;52;10m▅[38;2;120;115;36;48;2;69;67;20m▝[38;2;97;94;38;48;2;60;60;41m▍[38;2;63;62;41;48;2;85;83;55m▋[38;2;99;93;61;48;2;89;85;50m▗[38;2;85;79;52;48;2;147;134;96m▊[38;2;174;161;122;48;2;102;97;57m▘[38;2;100;106;33;48;2;46;51;19m▔[38;2;39;42;18;48;2;101;98;49m▖[38;2;63;65;19;48;2;135;127;85m▔[38;2;154;144;84;48;2;73;76;24m▅[38;2;113;109;44;48;2;63;66;19m▖[38;2;133;136;66;48;2;84;84;32m▔[38;2;79;80;26;48;2;120;118;51m▁[38;2;121;117;50;48;2;75;75;32m▄[38;2;110;113;42;48;2;47;50;21m▅[38;2;123;126;44;48;2;86;91;34m▂[38;2;70;72;29;48;2;108;109;40m▔[38;2;110;110;48;48;2;98;100;38m▖[38;2;108;106;38;48;2;125;125;53m▄[38;2;101;100;36;48;2;124;121;46m▕[38;2;138;131;49;48;2;99;99;38m▂[38;2;90;88;37;48;2;139;138;51m▄[38;2;95;91;35;48;2;138;134;54m▂[38;2;136;126;47;48;2;170;148;74m▅[38;2;146;125;58;48;2;201;167;106m▆[38;2;156;130;65;48;2;190;157;95m▄[38;2;179;143;87;48;2;196;162;103m▃[38;2;163;133;80;48;2;197;163;104m▔[38;2;137;112;64;48;2;192;159;101m▔[38;2;191;157;100;48;2;131;109;56m▆[38;2;194;159;102;48;2;130;115;48m▄[38;2;168;138;81;48;2;116;109;38m▄[38;2;161;139;71;48;2;112;111;45m▄[38;2;125;122;49;48;2;139;134;57m▗[38;2;113;112;44;48;2;148;146;57m▁[38;2;92;93;32;48;2;154;152;60m▁[38;2;102;104;40;48;2;156;155;60m▃[38;2;113;113;49;48;2;138;139;57m▂[38;2;129;129;54;48;2;80;86;46m▆[38;2;118;120;52;48;2;78;86;52m▄[38;2;98;104;51;48;2;114;120;52m▅[38;2;101;106;44;48;2;75;85;54m▆[38;2;118;122;50;48;2;97;106;59m▅[38;2;136;140;53;48;2;113;121;60m▂[38;2;80;87;54;48;2;102;109;57m▖[38;2;99;108;65;48;2;109;121;86m▏[38;2;103;116;86;48;2;104;124;124m▄[38;2;71;93;88;48;2;95;116;111m▃[38;2;92;106;81;48;2;98;119;121m▅[38;2;88;101;82;48;2;99;120;116m▄[38;2;89;103;68;48;2;104;123;106m▁[38;2;82;98;60;48;2;102;118;86m▗[38;2;66;78;22;48;2;105;121;77m▄[38;2;92;101;44;48;2;107;124;89m▄[38;2;135;142;80;48;2;103;115;56m▔[38;2;102;115;69;48;2;63;69;25m▘[38;2;58;67;15;48;2;98;111;68m▂[38;2;71;80;29;48;2;78;92;80m▅[38;2;70;82;35;48;2;83;100;78m▂[38;2;125;132;54;48;2;83;101;80m▁[0m
[38;2;112;123;59;48;2;44;54;13m▄[38;2;122;130;66;48;2;35;40;12m▖[38;2;29;33;10;48;2;73;81;26m▅[38;2;78;84;32;48;2;34;37;11m▎[38;2;47;48;14;48;2;36;38;7m▍[38;2;83;81;39;48;2;43;49;8m▆[38;2;92;87;37;48;2;48;53;11m▆[38;2;144;132;64;48;2;84;80;39m▄[38;2;115;107;45;48;2;69;70;26m▖[38;2;76;80;30;48;2;36;39;9m▄[38;2;114;123;46;48;2;70;77;27m▝[38;2;93;100;39;48;2;64;71;22m▎[38;2;94;105;49;48;2;62;73;24m▝[38;2;80;89;35;48;2;95;103;51m▋[38;2;134;142;82;48;2;87;91;49m▘[38;2;79;88;33;48;2;42;43;23m▂[38;2;105;112;52;48;2;28;29;14m▃[38;2;135;141;71;48;2;11;12;4m▄[38;2;139;141;75;48;2;23;26;8m▃[38;2;95;96;51;48;2;52;53;14m▁[38;2;54;52;14;48;2;101;98;30m▃[38;2;97;92;35;48;2;56;57;25m▍[38;2;54;53;30;48;2;89;88;63m▊[38;2;76;74;44;48;2;102;97;61m▊[38;2;89;85;50;48;2;59;60;20m▍[38;2;59;61;18;48;2;96;96;26m▊[38;2;81;85;20;48;2;47;50;16m▖[38;2;88;89;33;48;2;46;48;20m▂[38;2;132;124;88;48;2;59;59;27m▝[38;2;78;78;39;48;2;120;114;70m▂[38;2;99;96;40;48;2;163;151;96m▄[38;2;119;119;53;48;2;90;89;40m▅[38;2;109;112;43;48;2;70;70;26m▅[38;2;119;122;50;48;2;63;67;23m▅[38;2;109;111;45;48;2;70;76;24m▄[38;2;116;118;46;48;2;76;80;29m▂[38;2;94;97;40;48;2;147;148;67m▅[38;2;104;108;34;48;2;122;121;42m▄[38;2;107;109;33;48;2;115;115;40m▁[38;2;132;126;41;48;2;119;112;40m▂[38;2;140;121;52;48;2;118;106;45m▂[38;2;116;107;45;48;2;127;110;51m▔[38;2;149;120;69;48;2;126;112;45m▂[38;2;122;97;49;48;2;147;122;57m▂[38;2;106;84;40;48;2;163;132;72m▁[38;2;194;159;97;48;2;151;123;70m▅[38;2;188;152;91;48;2;155;127;74m▆[38;2;191;157;94;48;2;199;163;101m▎[38;2;187;156;99;48;2;202;168;109m▗[38;2;205;170;111;48;2;198;163;104m▕[38;2;199;166;106;48;2;210;175;115m▏[38;2;186;154;96;48;2;207;175;117m▝[38;2;181;149;90;48;2;161;135;75m▌[38;2;150;130;65;48;2;136;124;52m▏[38;2;119;112;42;48;2;135;130;56m▃[38;2;100;102;47;48;2;121;121;48m▔[38;2;102;106;45;48;2;114;117;42m▁[38;2;107;111;37;48;2;123;125;47m▂[38;2;98;104;39;48;2;145;145;49m▅[38;2;102;105;41;48;2;144;141;52m▄[38;2;162;158;64;48;2;114;115;46m▅[38;2;124;124;45;48;2;107;108;44m▞[38;2;114;118;46;48;2;97;102;41m▞[38;2;86;93;50;48;2;111;115;45m▆[38;2;88;100;66;48;2;112;118;57m▖[38;2;116;122;59;48;2;95;107;69m▖[38;2;108;117;64;48;2;86;102;77m▂[38;2;90;104;72;48;2;72;92;84m▂[38;2;81;95;60;48;2;77;95;81m▂[38;2;70;85;49;48;2;78;94;69m▁[38;2;55;69;29;48;2;67;81;47m▂[38;2;85;101;50;48;2;60;73;36m▔[38;2;52;65;23;48;2;69;83;51m▎[38;2;71;87;58;48;2;88;96;24m▅[38;2;58;69;42;48;2;96;104;34m▅[38;2;85;96;52;48;2;58;65;25m▗[38;2;58;66;14;48;2;82;92;44m▔[38;2;102;115;80;48;2;82;95;62m▗[38;2;92;108;86;48;2;72;87;56m▄[38;2;102;116;73;48;2;79;93;56m▂[0m
[38;2;63;67;16;48;2;13;14;4m▂[38;2;39;44;17;48;2;14;16;4m▔[38;2;25;27;3;48;2;10;12;1m▕[38;2;27;30;13;48;2;51;54;35m▃[38;2;49;52;33;48;2;67;69;46m▊[38;2;63;64;43;48;2;86;85;62m▞[38;2;107;102;75;48;2;80;78;58m▝[38;2;146;138;108;48;2;65;63;39m▔[38;2;91;88;53;48;2;153;141;70m▃[38;2;146;134;59;48;2;84;84;32m▆[38;2;137;128;49;48;2;58;60;25m▄[38;2;72;77;25;48;2;103;110;52m▅[38;2;118;130;50;48;2;69;77;28m▁[38;2;64;71;23;48;2;93;102;44m▗[38;2;62;69;25;48;2;82;93;39m▋[38;2;55;60;24;48;2;107;116;52m▂[38;2;66;66;28;48;2;117;122;60m▅[38;2;112;117;65;48;2;42;43;16m▔[38;2;99;104;39;48;2;36;39;14m▁[38;2;53;57;14;48;2;42;41;17m▗[38;2;37;38;11;48;2;68;72;17m▊[38;2;48;50;15;48;2;40;42;14m▏[38;2;44;48;15;48;2;69;71;27m▅[38;2;38;41;15;48;2;64;68;26m▅[38;2;60;65;23;48;2;42;46;13m▆[38;2;75;82;18;48;2;44;47;15m▅[38;2;82;90;29;48;2;63;67;19m▄[38;2;96;102;43;48;2;84;89;30m▗[48;2;74;75;32m▖[38;2;110;113;51;48;2;65;67;26m▁[38;2;70;74;25;48;2;93;97;35m▋[38;2;109;115;42;48;2;76;78;25m▔[38;2;118;123;44;48;2;104;104;40m▔[38;2;111;114;46;48;2;87;89;29m▞[38;2;111;113;43;48;2;91;93;32m▞[38;2;98;92;35;48;2;116;119;41m▃[38;2;119;115;40;48;2;95;98;35m▆[38;2;121;111;48;48;2;101;103;32m▆[38;2;106;94;40;48;2;118;107;38m▝[38;2;154;123;68;48;2;126;105;46m▃[38;2;109;88;40;48;2;152;122;67m▁[38;2;182;147;87;48;2;136;108;57m▅[38;2;184;148;88;48;2;158;128;72m▆[38;2;191;155;94;48;2;178;141;80m▆[38;2;172;139;84;48;2;198;162;99m▔[38;2;206;170;107;48;2;193;158;97m▅[38;2;202;164;97;48;2;206;169;104m▕[38;2;177;147;90;48;2;192;158;97m▕[38;2;199;162;97;48;2;183;150;90m▁[38;2;178;145;79;48;2;200;163;99m▗[38;2;159;127;69;48;2;199;165;105m▅[38;2;139;116;57;48;2;169;136;78m▄[38;2;116;102;44;48;2;165;137;80m▅[38;2;107;101;37;48;2;141;120;58m▆[38;2;99;96;35;48;2;128;126;57m▅[38;2;97;97;34;48;2;114;116;47m▄[38;2;114;116;47;48;2;95;99;37m▅[38;2;92;97;31;48;2;122;123;51m▁[38;2;89;95;41;48;2;129;131;58m▔[38;2;135;137;54;48;2;109;111;41m▆[38;2;143;143;62;48;2;109;110;42m▆[38;2;128;127;44;48;2;161;158;63m▁[38;2;170;164;57;48;2;113;115;52m▖[38;2;122;127;58;48;2;96;104;54m▁[38;2;88;98;55;48;2;114;117;50m▅[38;2;91;98;51;48;2;109;114;44m▌[38;2;113;118;56;48;2;97;106;59m▝[38;2;107;114;63;48;2;95;106;65m▘[38;2;68;80;40;48;2;76;91;65m▔[38;2;61;73;38;48;2;71;86;61m▁[38;2;58;72;39;48;2;65;80;54m▕[38;2;48;59;32;48;2;63;77;45m▋[38;2;60;73;35;48;2;65;78;50m▏[38;2;71;83;38;48;2;83;95;63m▅[38;2;71;79;50;48;2;50;55;26m▘[38;2;80;89;53;48;2;67;77;35m▘[38;2;73;86;25;48;2;86;97;54m▖[38;2;96;105;48;48;2;111;123;78m▆[38;2;71;88;55;48;2;93;108;77m▗[38;2;65;87;89;48;2;79;98;88m▁[0m
[38;2;67;74;17;48;2;16;18;4m▝[38;2;81;83;18;48;2;40;42;13m▘[38;2;29;32;20;48;2;18;20;8m▘[38;2;19;22;9;48;2;33;36;22m▂[38;2;55;57;45;48;2;26;29;16m▘[38;2;33;37;18;48;2;15;18;5m▔[38;2;31;34;17;48;2;47;50;28m▊[38;2;131;125;96;48;2;66;66;47m▝[38;2;82;80;58;48;2;45;47;29m▎[38;2;130;123;54;48;2;67;66;32m▝[38;2;118;110;31;48;2;162;149;49m▃[38;2;129;117;40;48;2;154;140;51m▁[38;2;149;138;55;48;2;58;62;16m▅[38;2;66;73;21;48;2;102;107;52m▆[38;2;96;103;50;48;2;109;116;50m▔[38;2;103;112;48;48;2;83;92;35m▘[38;2;128;134;67;48;2;92;98;42m▞[38;2;74;81;27;48;2;119;123;55m▃[38;2;89;93;30;48;2;116;123;53m▔[38;2;34;35;16;48;2;114;120;55m▝[38;2;85;89;40;48;2;36;42;12m▃[38;2;93;101;44;48;2;31;36;10m▃[38;2;56;64;23;48;2;32;36;9m▃[38;2;60;67;21;48;2;48;56;17m▝[38;2;71;77;23;48;2;50;54;22m▝[38;2;96;99;45;48;2;56;61;24m▅[38;2;142;130;85;48;2;74;82;27m▃[38;2;105;112;58;48;2;80;87;35m▔[38;2;56;63;20;48;2;91;100;45m▅[38;2;77;84;31;48;2;108;112;43m▆[38;2;123;130;58;48;2;102;107;47m▝[38;2;101;86;32;48;2;122;119;54m▁[38;2;132;112;51;48;2;88;91;34m▅[38;2;139;114;51;48;2;98;91;30m▃[38;2;153;120;61;48;2;126;111;46m▄[38;2;156;125;67;48;2;145;114;58m▕[38;2;115;93;50;48;2;151;122;65m▃[38;2;179;148;89;48;2;131;104;53m▗[38;2;182;149;88;48;2;138;109;58m▅[38;2;182;146;83;48;2;110;86;41m▆[38;2;183;147;84;48;2;116;93;47m▆[38;2;114;92;46;48;2;188;153;93m▘[38;2;198;162;98;48;2;190;152;89m▃[38;2;193;155;92;48;2;203;166;102m▆[38;2;198;162;98;48;2;196;158;93m▏[38;2;174;139;79;48;2;192;156;92m▁[38;2;162;135;82;48;2;175;142;83m▔[38;2;172;136;80;48;2;183;147;86m▁[38;2;171;136;78;48;2;203;165;99m▆[38;2;139;111;58;48;2;186;151;89m▅[38;2;101;90;37;48;2;145;123;61m▄[38;2;70;72;27;48;2;106;102;40m▁[38;2;93;91;51;48;2;126;124;46m▆[38;2;143;138;77;48;2;103;104;40m▄[38;2;147;141;73;48;2;98;101;41m▃[38;2;115;113;66;48;2;76;81;29m▁[38;2;62;63;31;48;2;58;63;20m▁[38;2;56;61;20;48;2;100;105;49m▆[38;2;78;80;41;48;2;110;111;52m▅[38;2;72;78;24;48;2;103;107;44m▆[38;2;97;101;38;48;2;130;131;67m▌[38;2;123;120;63;48;2;159;157;78m▄[38;2;93;90;41;48;2;142;137;56m▃[38;2;109;101;50;48;2;147;143;53m▁[38;2;118;120;73;48;2;85;93;51m▏[38;2;97;104;57;48;2;90;97;52m▎[38;2;125;130;56;48;2;94;103;57m▁[38;2;107;115;58;48;2;84;96;62m▄[38;2;106;116;67;48;2;78;92;67m▄[38;2;103;111;63;48;2;63;80;58m▅[38;2;101;112;72;48;2;78;93;79m▖[38;2;48;58;47;48;2;71;85;69m▝[38;2;42;48;21;48;2;67;82;67m▕[38;2;66;78;43;48;2;44;49;30m▘[38;2;57;62;26;48;2;67;75;42m▏[38;2;66;78;43;48;2;56;67;19m▆[38;2;89;96;26;48;2;62;75;27m▝[38;2;75;83;19;48;2;106;112;32m▆[38;2;113;123;70;48;2;95;104;43m▝[38;2;99;107;49;48;2;134;139;73m▆[0m
[38;2;71;79;19;48;2;19;24;6m▄[38;2;57;63;18;48;2;32;37;8m▞[38;2;74;81;26;48;2;31;34;11m▆[38;2;70;74;30;48;2;27;30;11m▂[38;2;32;33;15;48;2;15;17;7m▁[38;2;35;38;28;48;2;16;19;7m▗[38;2;50;53;42;48;2;30;31;21m▝[38;2;43;45;35;48;2;39;40;30m▘[38;2;33;35;23;48;2;44;44;32m▅[38;2;47;48;31;48;2;37;39;24m▞[38;2;54;53;29;48;2;125;119;81m▆[38;2;121;111;47;48;2;144;132;71m▌[38;2;135;122;55;48;2;168;153;85m▊[38;2;60;64;16;48;2;171;156;73m▝[38;2;59;65;18;48;2;81;89;34m▋[38;2;64;71;25;48;2;133;145;64m▅[38;2;71;78;30;48;2;117;124;59m▞[38;2;104;112;50;48;2;66;75;22m▘[38;2;81;90;32;48;2;95;103;41m▆[38;2;142;150;88;48;2;87;93;37m▔[38;2;81;89;34;48;2;116;122;52m▞[38;2;106;113;44;48;2;60;66;23m▅[38;2;101;110;42;48;2;64;71;27m▄[38;2;125;131;53;48;2;75;83;31m▁[38;2;48;52;21;48;2;88;91;33m▝[38;2;86;86;52;48;2;69;70;30m▔[38;2;69;69;26;48;2;114;110;61m▆[38;2;73;70;22;48;2;93;93;27m▃[38;2;124;103;46;48;2;98;91;32m▝[38;2;96;82;32;48;2;123;101;43m▃[38;2;76;62;25;48;2;119;96;43m▔[38;2;145;114;65;48;2;119;99;41m▃[38;2;128;108;49;48;2;146;116;64m▘[38;2;71;57;25;48;2;151;121;67m▁[38;2;77;61;26;48;2;167;132;74m▃[38;2;62;49;19;48;2;165;132;73m▃[38;2;57;46;20;48;2;164;132;74m▂[38;2;143;115;65;48;2;195;159;97m▖[38;2;181;142;80;48;2;199;162;97m▂[38;2;191;153;89;48;2;202;166;103m▃[38;2;172;139;82;48;2;196;158;94m▂[38;2;144;118;70;48;2;200;160;94m▃[38;2;183;147;86;48;2;191;153;90m▏[38;2;167;136;80;48;2;190;153;90m▕[38;2;173;138;82;48;2;168;135;79m▕[38;2;154;120;65;48;2;185;150;90m▄[38;2;129;102;53;48;2;167;133;77m▄[38;2;166;138;86;48;2;113;97;41m▔[38;2;138;121;49;48;2;90;85;30m▔[38;2;98;97;33;48;2;105;108;44m▌[38;2;110;104;54;48;2;99;101;42m▔[38;2;112;118;48;48;2;86;90;35m▄[38;2;127;134;57;48;2;89;93;38m▂[38;2;127;131;49;48;2;97;101;35m▄[38;2;134;139;57;48;2;103;107;40m▂[38;2;113;118;44;48;2;125;127;51m▃[38;2;61;63;28;48;2;118;120;50m▝[38;2;131;135;71;48;2;78;81;31m▖[38;2;117;118;52;48;2;93;96;42m▗[38;2;91;92;43;48;2;36;40;11m▅[38;2;114;119;57;48;2;81;81;40m▃[38;2;56;54;24;48;2;124;121;65m▁[38;2;82;79;44;48;2;109;106;61m▅[38;2;106;102;48;48;2;130;116;75m▋[38;2;90;92;54;48;2;131;124;64m▞[38;2;129;127;73;48;2;83;92;56m▂[38;2;97;108;70;48;2;89;99;61m▔[38;2;103;110;65;48;2;78;92;70m▖[38;2;90;94;37;48;2;75;86;61m▔[38;2;105;110;57;48;2;84;95;58m▔[38;2;75;88;65;48;2;52;61;46m▊[38;2;65;76;45;48;2;76;90;74m▄[38;2;49;61;50;48;2;32;35;22m▎[38;2;88;99;60;48;2;47;54;38m▞[38;2;51;59;39;48;2;77;87;52m▘[38;2;70;81;50;48;2;60;71;29m▆[38;2;54;63;13;48;2;68;80;46m▝[38;2;82;93;57;48;2;66;76;27m▂[38;2;73;83;39;48;2;107;113;40m▂[38;2;125;129;47;48;2;59;73;56m▆[0m
[38;2;61;73;18;48;2;41;49;11m▔[38;2;44;51;12;48;2;78;87;29m▄[38;2;64;73;23;48;2;42;46;14m▞[38;2;83;90;35;48;2;22;23;10m▆[38;2;96;102;39;48;2;29;31;12m▃[38;2;17;19;6;48;2;22;24;12m▁[38;2;26;27;18;48;2;19;20;12m▞[38;2;18;19;10;48;2;31;32;23m▅[38;2;21;21;12;48;2;37;39;30m▖[38;2;35;35;24;48;2;48;49;38m▆[38;2;88;84;56;48;2;43;43;27m▝[38;2;79;76;34;48;2;135;121;83m▆[38;2;97;86;53;48;2;123;111;72m▅[38;2;111;100;57;48;2;146;131;84m▅[38;2;141;128;58;48;2;83;84;27m▘[38;2;94;95;36;48;2;82;81;31m▕[38;2;115;113;53;48;2;52;55;16m▖[38;2;94;98;39;48;2;74;77;28m▎[38;2;101;105;44;48;2;76;80;27m▕[38;2;118;125;61;48;2;86;86;35m▘[38;2;96;97;40;48;2;70;78;27m▅[38;2;119;115;52;48;2;82;88;33m▂[38;2;90;92;33;48;2;111;116;46m▄[38;2;71;72;26;48;2;121;123;51m▗[38;2;81;80;31;48;2;101;99;36m▞[38;2;74;71;22;48;2;108;96;40m▂[38;2;62;55;18;48;2;111;98;36m▁[38;2;124;104;47;48;2;75;61;19m▅[38;2;130;105;50;48;2;95;80;32m▄[38;2;160;128;69;48;2;117;94;41m▂[38;2;153;122;71;48;2;137;108;57m▗[38;2;78;64;31;48;2;132;105;58m▁[38;2;119;95;51;48;2;83;65;29m▅[38;2;155;125;73;48;2;88;68;31m▆[38;2;163;129;72;48;2;131;101;51m▂[38;2;160;126;69;48;2;111;87;43m▅[38;2;153;121;65;48;2;84;65;27m▆[38;2;150;119;65;48;2;174;139;80m▏[38;2;174;136;74;48;2;188;148;84m▘[38;2;179;141;79;48;2;191;152;90m▗[38;2;143;116;68;48;2;180;145;85m▗[38;2;170;137;79;48;2;183;146;86m▏[38;2;185;147;85;48;2;176;139;80m▊[38;2;166;132;76;48;2;180;143;84m▆[38;2;129;101;48;48;2;157;124;70m▕[38;2;114;92;42;48;2;137;108;61m▆[38;2;89;81;29;48;2;105;89;39m▆[38;2;111;112;50;48;2;89;81;31m▗[38;2;106;107;37;48;2;87;86;33m▗[38;2;104;108;45;48;2;74;78;24m▆[38;2;66;71;21;48;2;108;113;49m▔[38;2;100;105;47;48;2;88;93;34m▏[38;2;106;114;43;48;2;83;91;32m▔[38;2;70;75;26;48;2;95;101;36m▅[38;2;77;78;35;48;2;104;111;42m▅[38;2;70;76;26;48;2;122;130;51m▆[38;2;130;134;59;48;2;86;92;33m▝[38;2;75;80;24;48;2;106;112;47m▃[38;2;73;80;29;48;2;115;122;56m▃[38;2;117;125;42;48;2;88;97;33m▂[38;2;72;77;31;48;2;105;111;43m▂[38;2;86;88;39;48;2;128;129;72m▆[38;2;116;117;52;48;2;81;82;38m▂[38;2;82;80;38;48;2;108;103;48m▊[38;2;119;115;56;48;2;99;93;53m▞[38;2;160;149;99;48;2;121;113;62m▞[38;2;74;83;51;48;2;127;122;83m▝[38;2;69;77;43;48;2;88;96;55m▄[38;2;64;72;47;48;2;79;89;58m▎[38;2;86;95;61;48;2;99;110;70m▆[38;2;34;42;31;48;2;71;88;77m▕[38;2;47;56;49;48;2;29;33;18m▘[38;2;59;75;68;48;2;39;46;33m▃[38;2;65;81;71;48;2;48;56;34m▗[38;2;86;97;68;48;2;78;86;47m▞[38;2;88;99;58;48;2;74;87;61m▔[38;2;61;76;54;48;2;70;84;58m▏[38;2;83;94;51;48;2;67;82;63m▃[38;2;74;88;55;48;2;75;85;38m▏[38;2;99;106;36;48;2;75;86;46m▝[0m
[38;2;104;107;40;48;2;39;45;11m▄[38;2;124;125;48;48;2;61;68;17m▂[38;2;24;28;5;48;2;50;57;13m▃[38;2;25;27;8;48;2;81;88;28m▄[38;2;72;76;26;48;2;38;41;16m▗[38;2;97;89;31;48;2;46;47;16m▂[38;2;64;68;20;48;2;48;50;19m▃[38;2;77;79;33;48;2;32;33;13m▁[38;2;85;86;37;48;2;38;38;19m▗[38;2;89;91;32;48;2;39;40;20m▁[38;2;74;71;24;48;2;49;51;20m▁[38;2;95;95;37;48;2;59;60;23m▂[38;2;87;79;48;48;2;63;63;21m▔[38;2;47;49;12;48;2;98;98;38m▞[38;2;83;81;14;48;2;117;113;45m▘[38;2;110;110;44;48;2;74;70;27m▄[38;2;136;134;54;48;2;100;92;36m▁[38;2;118;108;44;48;2;100;92;34m▞[38;2;114;109;39;48;2;93;78;27m▄[38;2;106;96;35;48;2;92;83;28m▝[38;2;57;57;20;48;2;127;103;45m▔[38;2;125;104;47;48;2;75;73;26m▆[38;2;68;61;16;48;2;139;116;53m▝[38;2;130;99;48;48;2;90;80;30m▂[38;2;95;71;31;48;2;107;98;39m▃[38;2;60;52;14;48;2;108;86;37m▔[38;2;119;92;42;48;2;88;65;28m▅[38;2;103;81;37;48;2;128;100;49m▘[38;2;141;109;59;48;2;130;99;50m▗[38;2;84;69;35;48;2;134;103;54m▁[38;2;96;76;41;48;2;142;110;58m▁[38;2;68;55;24;48;2;143;112;60m▔[38;2;71;55;23;48;2;156;122;67m▔[38;2;167;142;91;48;2;170;134;77m▔[38;2;173;135;77;48;2;181;143;83m▞[38;2;159;128;76;48;2;181;142;81m▔[38;2;182;143;82;48;2;174;136;77m▅[38;2;185;145;82;48;2;188;149;88m▕[38;2;184;145;82;48;2;186;146;83m▏[38;2;166;129;71;48;2;181;142;80m▕[38;2;142;116;69;48;2;157;126;73m▖[38;2;179;144;86;48;2;161;129;75m▕[38;2;122;93;50;48;2;173;136;77m▂[38;2;116;88;45;48;2;142;111;58m▂[38;2;104;82;35;48;2;124;101;42m▄[38;2;114;100;50;48;2;96;80;30m▁[38;2;103;95;36;48;2;71;72;18m▄[38;2;79;79;30;48;2;106;110;40m▆[38;2;115;101;41;48;2;71;77;29m▂[38;2;129;137;72;48;2;80;84;30m▔[38;2;99;87;42;48;2;67;73;26m▁[38;2;82;88;31;48;2;55;63;16m▂[38;2;100;107;46;48;2;64;68;23m▔[38;2;70;73;25;48;2;57;60;20m▔[38;2;78;83;30;48;2;59;63;21m▁[38;2;77;82;27;48;2;95;99;40m▞[38;2;64;68;19;48;2;102;105;40m▊[38;2;125;131;60;48;2;89;94;34m▁[38;2;96;99;36;48;2;61;63;19m▆[38;2;54;59;15;48;2;104;108;47m▘[38;2;70;74;19;48;2;98;103;36m▂[38;2;74;78;26;48;2;121;126;60m▅[38;2;78;80;28;48;2;116;118;56m▃[38;2;94;92;43;48;2;119;121;53m▝[38;2;112;111;57;48;2;89;88;39m▃[38;2;93;90;44;48;2;114;107;60m▆[38;2;100;95;52;48;2;123;113;74m▋[38;2;151;143;79;48;2;81;84;47m▁[38;2;96;98;57;48;2;83;90;50m▁[38;2;92;101;59;48;2;88;95;55m▕[38;2;77;87;56;48;2;31;35;22m▍[38;2;39;41;20;48;2;79;86;52m▌[38;2;84;93;59;48;2;50;52;33m▌[38;2;78;85;54;48;2;84;96;66m▏[38;2;72;80;39;48;2;85;95;62m▆[38;2;54;62;29;48;2;72;82;40m▂[38;2;81;90;44;48;2;62;72;32m▝[38;2;83;91;45;48;2;74;82;35m▆[38;2;96;105;65;48;2;71;83;50m▃[38;2;102;113;64;48;2;78;89;50m▂[0m
[38;2;41;47;10;48;2;89;94;28m▁[38;2;112;118;44;48;2;85;92;31m▞[38;2;82;86;32;48;2;115;120;48m▔[38;2;121;126;45;48;2;55;57;18m▖[38;2;65;61;17;48;2;98;92;33m▞[38;2;73;73;28;48;2;73;79;23m▝[38;2;70;63;27;48;2;82;84;22m▘[38;2;93;102;34;48;2;69;65;22m▅[38;2;120;130;51;48;2;91;91;33m▁[38;2;115;118;44;48;2;87;87;32m▔[38;2;81;83;22;48;2;143;118;50m▅[38;2;122;111;46;48;2;96;90;31m▘[38;2;73;76;24;48;2;108;109;35m▁[38;2;113;115;44;48;2;72;75;22m▆[38;2;132;134;51;48;2;112;114;32m▏[38;2;89;87;23;48;2;102;105;33m▕[38;2;108;107;33;48;2;82;77;25m▊[38;2;133;129;59;48;2;95;91;30m▅[38;2;129;123;58;48;2;91;78;33m▂[38;2;89;81;31;48;2;111;94;41m▎[38;2;98;89;35;48;2;87;73;31m▄[38;2;123;102;44;48;2;103;83;37m▘[38;2;111;92;38;48;2;103;81;31m▏[38;2;140;110;61;48;2;117;92;44m▔[38;2;134;102;53;48;2;114;85;36m▅[38;2;110;88;49;48;2;135;104;56m▁[38;2;77;61;28;48;2;136;106;58m▃[38;2;87;67;31;48;2;140;110;63m▆[38;2;117;92;49;48;2;72;56;25m▂[38;2;120;95;50;48;2;51;40;16m▃[38;2;124;100;56;48;2;77;61;28m▞[38;2;127;102;59;48;2;51;40;16m▔[38;2;70;55;25;48;2;130;104;58m▆[38;2;153;121;70;48;2;172;137;81m▃[38;2;160;126;72;48;2;181;143;82m▖[38;2;179;141;82;48;2;185;146;84m▏[38;2;156;125;73;48;2;177;140;80m▕[38;2;166;133;79;48;2;116;93;49m▅[38;2;154;126;77;48;2;180;142;83m▘[38;2;174;136;78;48;2;182;144;84m▕[38;2;164;128;71;48;2;179;140;81m▝[38;2;151;117;65;48;2;171;134;76m▆[38;2;139;107;57;48;2;147;114;61m▕[38;2;112;84;42;48;2;133;104;53m▗[38;2;123;94;43;48;2;104;84;34m▎[38;2;47;48;13;48;2;94;84;31m▂[38;2;83;78;33;48;2;57;54;14m▆[38;2;129;102;47;48;2;81;80;29m▂[38;2;69;70;20;48;2;125;107;48m▘[38;2;139;112;54;48;2;97;86;33m▞[38;2;73;75;22;48;2;152;130;66m▅[38;2;107;97;42;48;2;78;76;30m▘[38;2;82;86;38;48;2;70;70;25m▄[38;2;113;118;67;48;2;74;79;30m▗[38;2;102;108;45;48;2;82;88;34m▖[38;2;78;88;27;48;2;48;56;12m▌[38;2;55;62;23;48;2;73;82;25m▗[38;2;73;81;31;48;2;94;103;41m▋[38;2;82;89;29;48;2;120;126;57m▅[38;2;64;72;17;48;2;100;104;49m▁[38;2;78;86;27;48;2;95;99;30m▃[38;2;80;86;24;48;2;108;113;32m▞[38;2;76;79;21;48;2;107;110;43m▎[38;2;134;135;62;48;2;96;99;41m▂[38;2;128;128;65;48;2;103;102;47m▘[38;2;113;111;65;48;2;80;77;38m▗[38;2;107;105;45;48;2;72;72;26m▔[38;2;102;97;58;48;2;135;126;87m▆[38;2;85;84;45;48;2;148;140;95m▅[38;2;113;109;65;48;2;70;72;35m▌[38;2;86;84;51;48;2;38;39;17m▕[38;2;94;97;51;48;2;77;87;54m▂[38;2;97;98;44;48;2;59;63;32m▔[38;2;84;92;51;48;2;66;73;35m▗[38;2;62;72;35;48;2;72;83;50m▗[38;2;67;75;33;48;2;60;68;27m▖[38;2;62;71;34;48;2;51;59;22m▗[38;2;68;78;50;48;2;70;81;38m▆[38;2;90;96;38;48;2;70;83;64m▘[38;2;68;81;66;48;2;83;94;59m▆[0m
[38;2;40;46;10;48;2;29;36;8m▘[38;2;93;100;32;48;2;38;45;11m▔[38;2;54;60;17;48;2;78;85;25m▞[38;2;61;66;21;48;2;114;115;42m▄[38;2;103;108;37;48;2;73;74;25m▖[38;2;99;107;53;48;2;75;82;26m▗[38;2;88;99;38;48;2;107;119;52m▊[38;2;97;107;49;48;2;118;128;62m▁[38;2;76;84;31;48;2;133;142;70m▃[38;2;52;59;18;48;2;141;150;70m▄[38;2;37;45;7;48;2;106;111;46m▄[38;2;102;108;46;48;2;66;71;18m▗[38;2;92;93;34;48;2;64;65;13m▃[38;2;83;80;24;48;2;110;102;42m▆[38;2;105;109;31;48;2;78;81;18m▝[38;2;122;122;35;48;2;95;94;29m▁[38;2;139;134;56;48;2;87;85;28m▄[38;2;156;149;67;48;2;103;95;40m▂[38;2;128;114;56;48;2;95;84;32m▔[38;2;72;61;19;48;2;100;92;31m▃[38;2;99;90;32;48;2;92;72;28m▆[38;2;110;89;39;48;2;84;71;24m▄[38;2;96;74;30;48;2;108;80;42m▍[38;2;83;62;27;48;2;107;81;41m▔[38;2;148;119;69;48;2;114;88;46m▗[38;2;119;92;48;48;2;84;65;31m▂[38;2;93;72;32;48;2;110;84;42m▔[38;2;123;95;50;48;2;106;82;41m▂[38;2;150;120;71;48;2;121;94;51m▖[38;2;150;124;75;48;2;108;82;42m▘[38;2;94;72;33;48;2;117;89;45m▔[38;2;110;85;43;48;2;91;72;34m▍[38;2;71;57;25;48;2;129;101;56m▘[38;2;145;116;67;48;2;160;124;70m▎[38;2;171;131;74;48;2;162;126;72m▆[38;2;174;135;77;48;2;182;143;82m▎[38;2;193;154;90;48;2;180;140;79m▖[38;2;124;101;58;48;2;178;142;82m▗[38;2;116;94;51;48;2;148;120;68m▖[38;2;147;118;66;48;2;181;143;84m▎[38;2;161;124;68;48;2;180;142;82m▂[38;2;125;99;47;48;2;167;132;75m▁[38;2;104;81;34;48;2;134;106;58m▁[38;2;99;77;34;48;2;120;99;47m▝[38;2;104;83;35;48;2;119;98;47m▆[38;2;114;107;53;48;2;90;76;33m▁[38;2;103;97;38;48;2;92;86;32m▊[38;2;61;69;20;48;2;100;99;40m▁[38;2;82;88;38;48;2;107;109;51m▄[38;2;61;69;23;48;2;97;102;42m▃[38;2;45;53;8;48;2;76;82;27m▁[38;2;74;80;25;48;2;64;70;25m▎[38;2;49;53;19;48;2;89;93;42m▄[38;2;42;44;25;48;2;116;116;69m▄[38;2;94;91;56;48;2;152;151;108m▅[38;2;67;73;25;48;2;126;121;79m▝[38;2;137;132;88;48;2;49;57;23m▖[38;2;57;67;25;48;2;42;49;8m▆[38;2;43;51;17;48;2;64;72;31m▂[38;2;45;53;16;48;2;76;84;28m▅[38;2;52;59;14;48;2;73;81;21m▅[38;2;93;96;45;48;2;78;84;32m▗[38;2;85;89;30;48;2;101;106;42m▅[38;2;106;108;35;48;2;120;123;50m▘[38;2;95;99;37;48;2;111;112;39m▂[38;2;83;89;29;48;2;115;116;47m▂[38;2;113;114;47;48;2;89;92;33m▘[38;2;66;69;19;48;2;76;77;31m▁[38;2;75;80;27;48;2;63;66;25m▁[38;2;64;66;30;48;2;40;43;13m▔[38;2;87;86;43;48;2;56;55;24m▝[38;2;53;54;23;48;2;80;83;33m▆[38;2;70;72;36;48;2;60;63;26m▔[38;2;65;69;28;48;2;90;97;47m▅[38;2;84;91;36;48;2;67;73;31m▔[38;2;90;96;43;48;2;69;77;40m▃[38;2;51;57;22;48;2;75;84;40m▌[38;2;97;104;46;48;2;82;93;55m▗[38;2;100;104;49;48;2;85;95;57m▖[38;2;96;103;53;48;2;68;83;67m▅[0m
[38;2;14;16;3;48;2;36;45;15m▂[38;2;10;13;2;48;2;42;52;18m▂[38;2;34;38;9;48;2;41;51;18m▝[38;2;52;62;15;48;2;38;46;14m▍[38;2;63;73;25;48;2;48;57;19m▘[38;2;91;103;46;48;2;53;62;22m▔[38;2;53;61;21;48;2;93;105;49m▄[38;2;83;96;39;48;2;62;67;22m▂[38;2;121;133;63;48;2;69;69;23m▂[38;2;135;144;73;48;2;72;69;22m▂[38;2;101;107;46;48;2;60;61;19m▂[38;2;49;54;13;48;2;21;24;3m▄[38;2;61;65;26;48;2;49;54;14m▔[38;2;85;91;29;48;2;72;76;25m▕[38;2;68;70;21;48;2;55;58;15m▗[38;2;102;102;34;48;2;80;77;27m▂[38;2;54;47;17;48;2;99;92;31m▂[38;2;92;78;34;48;2;134;121;56m▄[38;2;112;96;47;48;2;125;110;50m▕[38;2;105;89;42;48;2;105;84;35m▎[38;2;107;93;37;48;2;85;71;29m▗[38;2;82;63;24;48;2;97;88;31m▆[38;2;104;77;37;48;2;96;72;33m▕[38;2;103;77;36;48;2;114;87;45m▃[38;2;93;71;34;48;2;125;100;56m▆[38;2;117;94;54;48;2;81;64;32m▌[38;2;145;117;71;48;2;59;47;22m▁[38;2;113;92;55m▝[38;2;97;77;40;48;2;136;110;65m▖[38;2;92;70;35;48;2;137;106;58m▁[38;2;143;112;64;48;2;130;101;54m▏[38;2;121;96;52;48;2;145;112;60m▘[38;2;154;118;66;48;2;150;116;63m▄[38;2;155;119;67;48;2;166;127;71m▃[38;2;143;115;65;48;2;166;128;71m▗[38;2;107;86;47;48;2;160;127;74m▄[38;2;119;94;51;48;2;170;135;78m▖[38;2;156;119;64;48;2;171;134;77m▕[38;2;147;112;60;48;2;156;119;66m▝[38;2;163;126;71;48;2;146;110;59m▄[38;2;129;99;51;48;2;138;107;55m▝[38;2;95;72;35;48;2;127;98;51m▗[38;2;120;93;45;48;2;100;85;31m▘[38;2;78;78;25;48;2;107;91;39m▃[38;2;98;101;47;48;2;86;80;29m▖[38;2;84;84;32;48;2;51;55;17m▋[38;2;48;53;20;48;2;84;91;27m▆[38;2;35;40;10;48;2;60;69;26m▅[38;2;69;75;38;48;2;40;46;15m▖[38;2;23;26;6;48;2;44;52;17m▆[38;2;29;36;9;48;2;40;47;13m▅[38;2;57;61;23;48;2;43;48;18m▞[38;2;63;68;30;48;2;49;53;20m▔[38;2;66;64;31;48;2;42;43;23m▆[38;2;61;61;33;48;2;79;80;41m▍[38;2;104;95;50;48;2;63;65;36m▁[38;2;47;45;23;48;2;116;115;74m▂[38;2;111;113;65;48;2;56;62;23m▖[38;2;83;89;41;48;2;64;72;30m▗[38;2;117;122;69;48;2;52;59;22m▂[38;2;83;87;30;48;2;52;58;19m▁[38;2;77;82;35;48;2;56;63;19m▕[38;2;82;88;28;48;2;55;62;15m▍[38;2;91;99;24;48;2;62;69;21m▔[38;2;87;95;45;48;2;59;65;18m▁[38;2;57;60;21;48;2;91;98;31m▆[38;2;50;54;17;48;2;87;93;38m▅[38;2;84;89;31;48;2;60;65;19m▘[38;2;65;64;32;48;2;42;45;17m▔[38;2;51;51;22;48;2;33;36;11m▔[38;2;51;55;16;48;2;64;70;24m▌[38;2;81;84;38;48;2;64;67;23m▃[38;2;78;80;30;48;2;54;58;17m▏[38;2;94;95;31;48;2;75;77;24m▘[38;2;101;105;35;48;2;75;79;22m▝[38;2;105;106;33;48;2;82;86;23m▔[38;2;77;84;25;48;2;66;71;20m▏[38;2;71;76;24;48;2;100;103;31m▖[38;2;86;89;23;48;2;109;114;46m▂[38;2;103;107;39;48;2;113;115;46m▕[0m
[38;2;23;31;10;48;2;15;19;6m▝[38;2;11;13;3;48;2;29;37;11m▂[38;2;25;32;8;48;2;13;16;3m▆[38;2;52;63;18;48;2;35;43;12m▗[38;2;85;97;35;48;2;32;38;10m▄[38;2;109;121;49;48;2;47;56;19m▂[38;2;54;63;23;48;2;69;81;31m▊[38;2;55;65;26;48;2;78;89;35m▄[38;2;59;64;24;48;2;100;109;53m▃[38;2;60;60;22;48;2;118;128;62m▃[38;2;76;79;28;48;2;129;138;67m▂[38;2;77;80;38;48;2;130;138;66m▔[38;2;136;140;67;48;2;68;69;23m▄[38;2;87;81;25;48;2;61;58;19m▅[38;2;55;49;14;48;2;97;89;33m▝[38;2;108;83;40;48;2;70;57;21m▂[38;2;107;100;40;48;2;88;72;28m▘[38;2;98;88;37;48;2;84;65;25m▝[38;2;85;67;26;48;2;104;84;36m▊[38;2;97;79;28;48;2;110;87;39m▔[38;2;128;100;51;48;2;77;57;23m▅[38;2;124;98;49;48;2;89;72;26m▄[38;2;90;70;35;48;2;114;87;44m▗[38;2;80;61;28;48;2;124;98;50m▃[38;2;102;80;41;48;2;120;95;45m▃[38;2;95;75;33;48;2;125;95;50m▔[38;2;85;66;30;48;2;131;99;53m▔[38;2;103;79;37;48;2;137;105;57m▔[38;2;150;116;66;48;2;132;100;53m▗[38;2;123;92;47;48;2;144;109;60m▔[38;2;129;101;55;48;2;150;115;64m▔[38;2;141;107;58;48;2;154;117;65m▖[38;2;143;108;60;48;2;153;117;65m▗[38;2;148;108;58;48;2;154;117;65m▁[38;2;125;94;48;48;2;150;115;64m▔[38;2;130;98;53;48;2;154;119;66m▃[38;2;100;78;41m▁[38;2;75;61;30;48;2;153;120;67m▁[38;2;139;108;56;48;2;150;117;64m▁[38;2;144;110;62;48;2;127;97;50m▌[38;2;119;92;49;48;2;102;82;36m▄[38;2;126;106;48;48;2;92;72;31m▁[38;2;93;75;31;48;2;66;58;17m▂[38;2;92;70;35;48;2;57;52;15m▁[38;2;47;43;14;48;2;60;59;18m▋[38;2;102;80;30;48;2;58;53;18m▗[38;2;55;56;18;48;2;73;69;22m▘[38;2;103;95;34;48;2;66;64;29m▂[38;2;104;94;36;48;2;67;64;31m▂[38;2;82;76;32;48;2;53;58;13m▃[38;2;38;40;9;48;2;62;64;21m▔[38;2;67;69;29;48;2;58;62;15m▎[38;2;57;56;18;48;2;73;72;23m▞[38;2;115;121;66;48;2;56;59;16m▃[38;2;88;94;51;48;2;64;63;23m▁[38;2;54;59;21;48;2;98;90;51m▃[38;2;45;46;16;48;2;75;77;33m▅[38;2;62;64;32;48;2;47;52;16m▔[38;2;70;76;32;48;2;39;46;13m▃[38;2;96;102;44;48;2;48;54;16m▔[38;2;51;55;16;48;2;96;101;40m▅[38;2;30;37;5;48;2;89;93;35m▁[38;2;87;95;49;48;2;65;70;23m▝[38;2;74;81;36;48;2;56;61;24m▃[38;2;102;112;61;48;2;53;61;21m▔[38;2;89;97;49;48;2;51;60;19m▄[38;2;93;101;51;48;2;65;73;32m▃[38;2;42;49;14;48;2;68;76;29m▘[38;2;66;76;32;48;2;47;53;19m▖[38;2;34;38;10;48;2;56;60;24m▄[38;2;57;63;23;48;2;37;40;9m▘[38;2;44;47;12;48;2;30;35;7m▔[38;2;82;84;41;48;2;43;47;13m▔[38;2;71;75;20;48;2;55;60;12m▔[38;2;76;82;14;48;2;55;60;10m▝[38;2;77;85;16;48;2;58;66;12m▘[38;2;74;80;25;48;2;64;70;18m▎[38;2;94;96;37;48;2;76;81;20m▂[38;2;84;91;34;48;2;50;55;14m▝[38;2;54;59;16;48;2;69;74;19m▅[0m
[38;2;27;35;11;48;2;13;15;4m▄[38;2;22;25;7;48;2;31;36;10m▍[38;2;33;43;7;48;2;26;32;10m▁[38;2;17;19;5;48;2;29;35;9m▔[38;2;37;44;12;48;2;83;95;36m▆[38;2;83;97;30;48;2;115;128;54m▖[38;2;67;75;31;48;2;124;135;62m▝[38;2;39;43;11;48;2;58;70;27m▆[38;2;50;52;13;48;2;92;104;44m▄[38;2;58;56;19;48;2;87;94;39m▝[38;2;72;70;25;48;2;56;52;14m▃[38;2;90;78;29;48;2;64;53;20m▂[38;2;80;63;21;48;2;117;117;51m▆[38;2;128;129;58;48;2;96;78;32m▘[38;2;95;75;30;48;2;76;60;23m▄[38;2;96;77;28;48;2;76;62;23m▆[38;2;85;63;24;48;2;101;77;33m▝[38;2;88;69;29;48;2;107;83;36m▘[38;2;77;61;24;48;2;100;80;38m▘[38;2;93;89;36;48;2;113;92;45m▘[38;2;125;96;50;48;2;98;80;36m▆[38;2;91;80;37;48;2;130;99;53m▔[38;2;127;95;49;48;2;130;98;51m▕[38;2;114;85;43;48;2;132;101;54m▔[38;2;115;85;43;48;2;123;93;49m▔[38;2;107;86;39;48;2;131;99;52m▗[38;2;94;73;34;48;2;140;107;56m▃[38;2;93;76;39;48;2;133;105;55m▖[38;2;108;82;40;48;2;130;101;53m▖[38;2;114;87;46;48;2;137;104;56m▔[38;2;137;102;54;48;2;147;110;59m▗[38;2;130;97;51;48;2;155;118;66m▁[38;2;135;102;56;48;2;153;115;63m▂[38;2;144;109;61;48;2;160;121;67m▘[38;2;138;104;54;48;2;154;115;63m▝[38;2;128;97;53;48;2;148;113;62m▝[38;2;125;98;54;48;2;70;56;26m▅[38;2;114;89;47;48;2;77;61;30m▃[38;2;124;96;52;48;2;96;74;37m▞[38;2;96;73;35;48;2;127;100;56m▅[38;2;86;65;27;48;2;113;89;44m▃[38;2;88;66;29;48;2;102;83;40m▆[38;2;82;62;26;48;2;100;76;34m▞[38;2;115;95;40;48;2;83;62;28m▄[38;2;73;58;21;48;2;107;91;37m▄[38;2;71;61;19;48;2;98;76;31m▃[38;2;80;61;21;48;2;66;56;17m▝[38;2;58;54;17;48;2;94;75;32m▆[38;2;46;51;19;48;2;70;66;27m▆[38;2;27;34;4;48;2;54;61;21m▁[38;2;43;46;17;48;2;62;72;31m▆[38;2;36;43;10;48;2;62;68;32m▄[38;2;46;53;16;48;2;34;39;9m▅[38;2;81;88;33;48;2;52;59;18m▔[38;2;41;48;13;48;2;65;74;28m▅[38;2;46;54;16;48;2;36;38;9m▅[38;2;49;59;20;48;2;37;45;7m▋[38;2;32;35;9;48;2;28;29;7m▏[38;2;65;74;26;48;2;40;40;10m▔[38;2;38;42;10;48;2;61;62;22m▃[38;2;39;44;11;48;2;65;72;22m▅[38;2;66;75;26;48;2;47;53;15m▗[38;2;45;50;17;48;2;73;81;30m▘[38;2;62;67;20;48;2;51;58;16m▞[38;2;35;40;11;48;2;69;76;23m▖[38;2;43;50;9;48;2;89;92;36m▂[38;2;93;96;38;48;2;42;45;11m▅[38;2;68;72;26;48;2;85;94;42m▆[38;2;50;58;21;48;2;74;82;38m▊[38;2;63;72;24;48;2;45;50;15m▘[38;2;37;42;11;48;2;53;56;17m▏[38;2;50;55;18;48;2;39;44;11m▏[38;2;75;80;35;48;2;49;55;13m▝[38;2;53;62;22;48;2;72;80;26m▂[38;2;66;77;24;48;2;46;54;10m▂[38;2;74;83;32;48;2;41;49;11m▃[38;2;57;64;20;48;2;39;45;13m▁[38;2;64;66;21;48;2;49;54;14m▔[38;2;54;59;15;48;2;78;85;29m▄[38;2;56;62;14;48;2;71;75;24m▞[0m
[?25h