[?25l[0m[38;2;20;49;89;48;2;19;47;86m▁[38;2;20;48;87;48;2;18;45;83m▂[38;2;20;47;86;48;2;18;45;82m▂[38;2;23;49;89;48;2;18;45;81m▁[38;2;20;47;86;48;2;17;44;80m▁[38;2;17;43;79;48;2;18;44;80m▘[48;2;19;45;81m [38;2;18;45;82;48;2;18;44;81m▄[38;2;17;44;80;48;2;18;45;82m▔[38;2;18;45;83m▖[38;2;19;45;83;48;2;18;45;81m▝[48;2;19;45;82m▕[38;2;23;51;93;48;2;20;47;85m▗[38;2;25;54;98;48;2;22;50;91m▗[38;2;25;55;100m▄[38;2;21;49;89;48;2;19;46;84m▎[38;2;19;46;86;48;2;17;42;77m▂[38;2;20;47;88;48;2;16;40;74m▂[38;2;18;43;79;48;2;16;38;70m▂[38;2;16;41;76;48;2;15;37;69m▂[38;2;16;40;74;48;2;14;36;68m▂[38;2;16;39;72;48;2;16;41;75m▌[48;2;18;43;78m▃[38;2;15;40;75;48;2;17;42;79m▕[38;2;17;42;77;48;2;15;40;74m▗[38;2;16;40;73;48;2;15;37;70m▅[38;2;14;37;70;48;2;14;37;69m▖[38;2;17;40;75;48;2;15;38;71m▗[38;2;15;40;75;48;2;18;43;80m▔[38;2;17;42;77;48;2;14;38;71m▖[38;2;16;39;72;48;2;14;35;67m▂[38;2;15;37;69;48;2;14;36;67m▅[38;2;16;37;70;48;2;15;36;68m▅[38;2;16;38;71;48;2;15;37;69m▂[38;2;16;38;70;48;2;15;37;68m▂[38;2;15;37;69;48;2;15;36;68m▃[38;2;15;36;69;48;2;13;36;68m▄[38;2;12;35;67;48;2;14;36;67m▔[38;2;15;36;67;48;2;15;37;68m▘[38;2;16;38;71;48;2;15;37;69m▁[48;2;14;36;68m▅[38;2;17;38;71;48;2;15;38;70m▗[38;2;16;38;72m▄[38;2;15;38;71;48;2;16;38;71m▔[38;2;16;39;72;48;2;14;37;70m▅[38;2;16;38;71;48;2;13;36;70m▆[38;2;21;39;64;48;2;15;37;69m▁[38;2;10;23;45;48;2;14;37;70m▁[38;2;18;35;61;48;2;17;40;74m▁[38;2;8;17;29;48;2;17;41;77m▁[38;2;14;33;64;48;2;18;43;81m▁[38;2;19;45;84;48;2;16;41;78m▆[48;2;17;42;79m▊[38;2;17;42;79;48;2;16;40;76m▗[38;2;19;45;83;48;2;17;42;77m▖[38;2;19;45;85;48;2;18;42;77m▄[38;2;19;45;84;48;2;19;47;87m▎[38;2;19;47;87;48;2;19;46;85m▃[38;2;20;48;87m▃[38;2;20;46;84m▎[38;2;18;46;86;48;2;19;46;84m▄[38;2;18;46;85;48;2;18;45;83m▄[38;2;17;44;80;48;2;18;45;82m▕[38;2;11;27;51;48;2;17;44;81m▁[38;2;8;18;32;48;2;17;43;79m▂[38;2;8;16;27;48;2;16;42;78m▃[38;2;8;13;21;48;2;16;41;77m▄[38;2;8;13;20;48;2;15;39;73m▅[38;2;8;11;17;48;2;15;38;71m▆[38;2;13;30;54;48;2;8;11;16m▔[38;2;10;15;24;48;2;7;10;14m▁[38;2;13;23;34;48;2;10;15;23m▃[38;2;8;13;22;48;2;2;5;9m▏[38;2;14;23;32;48;2;4;7;9m▁[38;2;8;21;41;48;2;5;8;11m▝[38;2;3;8;16;48;2;13;35;69m▖[38;2;15;38;71;48;2;14;37;70m▁[38;2;14;37;70;48;2;13;35;68m▄[38;2;12;35;67;48;2;13;36;69m▕[38;2;8;20;35;48;2;11;32;64m▂[0m
[38;2;24;54;98;48;2;22;50;92m▅[38;2;26;55;100;48;2;21;50;90m▄[38;2;25;54;99;48;2;20;48;86m▄[48;2;22;49;90m▄[38;2;21;48;88;48;2;25;53;96m▝[38;2;22;50;93;48;2;18;44;81m▃[38;2;21;51;92;48;2;19;45;82m▁[38;2;20;46;85m▏[38;2;20;46;84;48;2;19;46;84m▃[38;2;19;45;83;48;2;20;46;84m▖[38;2;19;47;85;48;2;19;46;85m▕[38;2;23;52;94;48;2;20;47;86m▗[38;2;25;53;95;48;2;19;46;83m▗[38;2;28;59;107;48;2;20;48;87m▄[38;2;27;59;109;48;2;26;57;103m▅[38;2;22;51;93;48;2;27;58;105m▁[38;2;24;54;99;48;2;20;48;88m▌[38;2;18;43;79;48;2;19;45;85m▅[38;2;16;39;73;48;2;19;44;82m▆[38;2;16;41;76;48;2;15;38;70m▘[38;2;16;40;73;48;2;14;37;68m▔[38;2;15;38;69;48;2;14;36;67m▔[38;2;16;38;70m▝[38;2;15;37;68;48;2;16;39;72m▅[38;2;17;41;76;48;2;14;37;70m▕[38;2;19;46;84;48;2;15;38;71m▂[38;2;22;49;90;48;2;16;40;73m▂[38;2;21;48;88;48;2;15;39;72m▄[38;2;18;42;78;48;2;20;47;86m▘[38;2;19;45;82;48;2;17;41;76m▁[38;2;17;40;74;48;2;16;39;72m▘[38;2;16;38;71;48;2;16;38;70m▎[38;2;16;37;70;48;2;16;38;71m▘[38;2;15;37;69;48;2;16;38;70m▗[48;2;16;38;71m▖[38;2;15;38;71;48;2;15;37;70m▗[38;2;16;39;72;48;2;15;37;69m▆[38;2;17;42;79;48;2;16;38;72m▗[38;2;18;42;78;48;2;16;38;70m▆[38;2;18;41;77;48;2;17;39;73m▂[38;2;16;40;73;48;2;17;39;72m▁[38;2;16;39;72;48;2;17;39;73m▄[48;2;16;38;71m▁[38;2;17;38;71;48;2;16;39;71m▅[38;2;17;39;71;48;2;16;39;72m▏[38;2;16;39;73m▂[38;2;13;27;46;48;2;16;40;74m▝[38;2;18;40;72;48;2;4;11;22m▄[38;2;15;32;57;48;2;8;15;25m▔[38;2;15;19;26;48;2;8;12;19m▖[38;2;12;23;40;48;2;8;13;23m▕[38;2;7;14;25;48;2;17;43;81m▆[38;2;5;15;29;48;2;18;45;84m▁[38;2;19;45;84;48;2;19;46;86m▔[38;2;20;49;91;48;2;18;44;82m▅[38;2;17;44;79;48;2;20;48;90m▁[38;2;10;20;38;48;2;18;46;86m▁[38;2;7;14;25;48;2;18;45;84m▂[38;2;6;11;20;48;2;19;47;85m▃[38;2;6;10;18;48;2;17;44;81m▄[38;2;5;10;16;48;2;16;42;77m▅[38;2;6;10;16;48;2;15;38;69m▆[38;2;14;34;59;48;2;6;11;18m▔[38;2;9;16;27;48;2;7;10;15m▔[38;2;6;9;14;48;2;7;11;16m▏[38;2;11;19;31;48;2;7;9;14m▁[38;2;10;19;33;48;2;8;11;16m▂[38;2;10;17;25m▃[38;2;10;15;23;48;2;9;13;18m▄[38;2;14;22;31;48;2;10;16;24m▂[38;2;12;18;27;48;2;11;16;22m▕[38;2;11;18;28;48;2;6;9;13m▄[38;2;12;18;25;48;2;4;7;11m▆[38;2;4;8;11;48;2;11;17;23m▅[38;2;2;3;6;48;2;0;1;1m▘[38;2;7;20;42;48;2;1;3;6m▝[38;2;10;29;59;48;2;14;37;72m▏[38;2;15;39;75;48;2;14;36;69m▅[38;2;14;36;67;48;2;11;28;52m▃[38;2;10;26;48;48;2;8;20;34m▎[0m
[38;2;27;56;102;48;2;24;53;97m▄[38;2;26;55;101;48;2;25;53;97m▃[38;2;24;52;95;48;2;26;54;99m▆[38;2;23;50;92;48;2;26;55;100m▃[38;2;21;48;88;48;2;25;53;96m▗[38;2;20;47;85m▅[38;2;22;50;91;48;2;18;44;80m▘[38;2;19;45;82;48;2;17;42;78m▔[38;2;17;42;77;48;2;19;45;82m▄[38;2;18;43;79;48;2;20;46;84m▆[38;2;20;47;85;48;2;18;44;80m▕[38;2;28;58;105;48;2;20;46;84m▄[38;2;31;64;113;48;2;20;47;85m▂[38;2;23;51;91;48;2;29;60;108m▘[38;2;27;59;107;48;2;32;65;116m▔[38;2;30;62;111;48;2;20;47;85m▅[38;2;30;62;110;48;2;19;45;82m▃[38;2;26;57;104;48;2;18;45;81m▅[38;2;22;49;88;48;2;18;43;79m▏[38;2;20;48;85;48;2;16;39;72m▁[38;2;24;52;94;48;2;14;37;69m▂[38;2;18;43;77m▁[38;2;14;38;70;48;2;14;37;68m▂[38;2;16;40;74;48;2;14;38;70m▁[38;2;22;50;92;48;2;15;39;73m▁[38;2;17;41;75;48;2;21;48;87m▆[38;2;22;49;90;48;2;25;54;98m▎[38;2;22;48;88;48;2;25;55;100m▝[38;2;19;46;84;48;2;16;41;75m▖[38;2;18;42;78;48;2;16;39;71m▔[38;2;16;39;72m▔[38;2;16;40;72m▁[38;2;16;39;71;48;2;16;38;70m▎[38;2;15;38;70;48;2;16;39;71m▋[38;2;17;41;76;48;2;17;39;71m▗[38;2;18;44;81;48;2;16;39;73m▄[38;2;17;42;79;48;2;17;41;76m▘[38;2;16;39;72;48;2;18;41;75m▃[38;2;15;38;69;48;2;18;42;78m▂[38;2;16;39;71;48;2;18;42;77m▅[38;2;18;41;76;48;2;16;39;71m▁[38;2;16;40;74;48;2;16;39;72m▁[38;2;18;43;79m▁[38;2;18;43;80;48;2;16;39;73m▄[38;2;18;43;81;48;2;17;40;74m▅[38;2;17;41;75;48;2;19;44;81m▔[38;2;18;35;60;48;2;19;44;80m▕[38;2;18;39;69;48;2;11;19;29m▘[38;2;16;29;43;48;2;5;7;10m▔[38;2;9;9;10;48;2;9;13;19m▁[38;2;9;15;25;48;2;7;13;19m▁[38;2;10;16;25;48;2;7;12;18m▝[38;2;3;9;17;48;2;2;4;8m▁[38;2;11;28;53;48;2;2;5;10m▔[38;2;18;44;80;48;2;3;7;15m▔[38;2;3;6;12;48;2;8;18;34m▆[38;2;1;4;7;48;2;6;11;20m▂[38;2;6;13;24;48;2;5;10;18m▖[38;2;4;8;14;48;2;7;13;22m▔[38;2;10;17;27;48;2;7;12;19m▃[38;2;9;16;26;48;2;7;11;18m▃[38;2;11;20;33;48;2;6;11;17m▄[38;2;12;21;35;48;2;5;9;15m▅[38;2;4;6;10;48;2;12;21;33m▔[38;2;10;15;17;48;2;11;20;31m▁[38;2;9;13;16;48;2;12;20;31m▃[38;2;12;19;28;48;2;9;14;20m▂[38;2;13;21;32;48;2;10;14;21m▖[38;2;14;23;35;48;2;12;18;28m▗[38;2;13;20;29;48;2;11;17;24m▘[38;2;12;18;27;48;2;12;17;24m▖[38;2;14;22;32;48;2;11;16;21m▘[38;2;8;11;13;48;2;2;4;7m▘[38;2;1;2;3;48;2;2;4;6m▁[38;2;3;4;5;48;2;1;1;2m▃[38;2;1;3;5;48;2;1;1;3m▖[38;2;3;9;17;48;2;12;31;62m▋[38;2;12;33;62;48;2;10;27;49m▂[48;2;9;22;38m▘[38;2;10;25;42;48;2;8;19;32m▔[0m
[38;2;20;47;89;48;2;26;55;101m▂[38;2;26;54;99;48;2;27;56;103m▝[38;2;25;53;97;48;2;22;49;90m▋[38;2;18;43;80;48;2;23;50;92m▃[38;2;18;43;79;48;2;23;50;91m▂[38;2;20;46;83m▝[48;2;18;43;79m▏[38;2;17;43;78;48;2;17;42;77m▆[38;2;17;42;77;48;2;18;42;78m▊[38;2;19;44;81;48;2;18;43;78m▁[38;2;21;48;87;48;2;19;44;81m▗[38;2;26;55;99;48;2;22;50;91m▗[38;2;19;45;83;48;2;31;64;114m▃[38;2;24;53;96;48;2;32;65;116m▁[38;2;18;45;82;48;2;33;67;119m▄[38;2;20;47;86;48;2;33;66;119m▖[38;2;24;52;95;48;2;32;65;116m▅[38;2;23;49;91;48;2;31;63;114m▅[38;2;24;52;94;48;2;30;62;112m▂[38;2;19;44;80;48;2;29;61;109m▂[38;2;27;57;104;48;2;34;67;119m▏[38;2;32;65;116;48;2;20;46;83m▄[38;2;33;66;117;48;2;16;41;74m▃[38;2;25;53;96;48;2;17;42;77m▖[38;2;21;49;88;48;2;26;56;102m▃[38;2;26;55;99;48;2;29;61;111m▔[38;2;20;47;85;48;2;24;53;96m▗[38;2;18;43;79;48;2;24;53;97m▄[38;2;20;46;85;48;2;18;43;79m▁[38;2;21;48;88;48;2;16;40;72m▄[38;2;24;52;96;48;2;17;40;73m▅[48;2;18;42;77m▅[38;2;25;53;97;48;2;18;42;78m▄[38;2;22;49;90;48;2;18;42;77m▅[38;2;18;42;77;48;2;17;41;75m▎[48;2;17;41;74m▏[38;2;17;40;74;48;2;16;39;71m▃[38;2;17;40;75;48;2;16;39;70m▃[38;2;19;45;82;48;2;16;39;71m▁[38;2;18;41;75;48;2;16;38;71m▄[38;2;20;45;82;48;2;18;42;76m▕[38;2;21;47;86;48;2;18;41;76m▅[38;2;13;27;47;48;2;19;42;75m▂[38;2;3;8;15;48;2;16;35;60m▄[38;2;19;45;82;48;2;7;14;24m▔[38;2;18;41;72;48;2;7;14;23m▔[38;2;13;24;37;48;2;7;13;22m▝[38;2;12;19;28;48;2;5;7;9m▔[38;2;12;15;18;48;2;5;7;8m▄[38;2;22;24;28;48;2;15;17;20m▗[38;2;22;24;27;48;2;13;14;17m▖[38;2;11;13;16;48;2;12;21;33m▅[38;2;12;14;17;48;2;9;17;28m▁[38;2;13;23;39;48;2;6;12;21m▃[38;2;10;20;37;48;2;3;8;14m▂[38;2;10;16;25;48;2;3;7;13m▁[38;2;3;8;13;48;2;1;5;9m▃[38;2;1;4;7;48;2;2;5;9m▞[38;2;7;13;20;48;2;4;8;13m▁[38;2;6;12;18;48;2;9;17;30m▘[38;2;12;19;26;48;2;11;21;34m▅[38;2;9;14;16;48;2;12;20;32m▆[38;2;4;7;9;48;2;11;18;28m▃[38;2;8;14;19;48;2;6;9;13m▘[38;2;5;8;8;48;2;6;9;12m▕[38;2;12;21;36;48;2;6;10;15m▝[38;2;14;27;47;48;2;9;16;27m▃[38;2;13;27;50;48;2;9;15;25m▁[38;2;3;5;7;48;2;10;16;23m▁[38;2;4;6;7;48;2;10;16;24m▄[38;2;18;27;43;48;2;3;5;7m▔[38;2;1;2;3;48;2;2;3;6m▆[38;2;2;3;4;48;2;1;1;1m▔[38;2;1;2;3;48;2;3;5;8m▊[38;2;0;1;3;48;2;3;4;7m▄[38;2;2;3;5;48;2;2;2;3m▞[38;2;1;2;4;48;2;1;2;3m▔[38;2;1;4;7;48;2;9;23;41m▖[38;2;12;29;50;48;2;9;22;37m▃[38;2;11;28;50;48;2;9;21;38m▖[0m
[38;2;21;49;91;48;2;18;45;83m▔[38;2;19;46;83;48;2;21;49;91m▆[38;2;19;44;81;48;2;24;53;96m▄[38;2;22;49;88;48;2;18;43;79m▘[38;2;18;44;81;48;2;17;43;78m▔[38;2;24;51;93;48;2;18;43;79m▔[38;2;18;44;80;48;2;21;48;88m▞[38;2;24;53;97;48;2;18;43;79m▃[38;2;20;46;84;48;2;18;43;78m▖[38;2;18;42;76;48;2;19;46;84m▅[38;2;19;44;82;48;2;17;41;75m▔[38;2;18;43;79;48;2;18;42;77m▝[38;2;18;43;77;48;2;18;43;78m▝[38;2;18;43;79;48;2;19;44;81m▌[38;2;19;45;83;48;2;19;45;82m▗[38;2;20;47;85m▔[38;2;22;50;93;48;2;19;45;83m▔[38;2;19;44;80m▄[38;2;19;45;80;48;2;18;44;80m▔[38;2;21;48;87;48;2;19;45;82m▕[38;2;20;47;85;48;2;28;59;107m▆[38;2;34;66;119;48;2;22;48;88m▁[38;2;28;59;107;48;2;31;65;116m▘[38;2;35;68;122;48;2;22;49;88m▆[38;2;36;70;125;48;2;28;57;102m▆[38;2;37;71;126;48;2;35;68;120m▅[38;2;24;53;94;48;2;34;67;120m▝[38;2;32;65;117;48;2;22;50;90m▅[38;2;28;58;105;48;2;23;52;94m▞[38;2;22;49;90;48;2;26;55;102m▅[38;2;20;46;85;48;2;22;50;92m▆[38;2;23;51;93;48;2;20;47;86m▝[38;2;20;46;85;48;2;24;52;96m▄[38;2;19;45;83;48;2;19;44;80m▔[38;2;20;45;82;48;2;18;43;78m▃[38;2;21;46;84;48;2;17;42;77m▃[38;2;22;48;88;48;2;18;42;78m▄[38;2;24;52;96;48;2;20;44;81m▄[38;2;26;55;100;48;2;21;47;86m▄[38;2;25;54;100;48;2;20;45;83m▄[38;2;25;54;99m▅[38;2;19;36;60;48;2;22;48;87m▕[38;2;15;29;50;48;2;5;12;21m▘[38;2;14;27;47;48;2;5;11;19m▂[38;2;13;24;41;48;2;9;18;31m▖[38;2;11;24;40;48;2;6;9;14m▘[38;2;11;14;18;48;2;4;6;7m▗[38;2;12;14;17;48;2;3;4;5m▞[38;2;6;6;8;48;2;14;17;20m▆[38;2;17;19;24;48;2;9;11;15m▘[38;2;2;3;3;48;2;14;16;20m▆[38;2;6;7;8;48;2;19;19;23m▅[38;2;16;17;20;48;2;11;12;15m▗[38;2;16;16;18;48;2;11;12;16m▁[38;2;8;10;14;48;2;13;24;40m▆[38;2;8;9;13;48;2;10;20;34m▄[38;2;10;19;32;48;2;7;13;21m▁[38;2;19;36;60;48;2;6;11;17m▁[38;2;15;25;37;48;2;7;13;19m▄[38;2;14;23;35;48;2;11;18;23m▂[38;2;10;14;17;48;2;10;15;19m▏[38;2;10;15;20;48;2;7;10;13m▖[38;2;6;9;8;48;2;8;12;16m▁[38;2;10;14;19;48;2;7;10;13m▏[38;2;12;27;45;48;2;7;10;12m▁[38;2;6;8;8;48;2;9;13;19m▕[38;2;10;17;26;48;2;8;11;15m▗[38;2;21;41;68;48;2;7;12;19m▔[38;2;11;14;19;48;2;17;32;55m▅[38;2;11;16;23;48;2;2;5;8m▏[38;2;2;5;9;48;2;1;1;3m▂[38;2;0;2;5;48;2;0;1;2m▁[38;2;0;1;1;48;2;1;3;5m▋[38;2;2;4;7;48;2;0;1;2m▖[38;2;0;3;8;48;2;0;1;4m▝[38;2;0;2;5;48;2;1;3;6m▂[38;2;3;5;8;48;2;1;2;4m▖[38;2;1;3;6;48;2;1;2;5m▕[38;2;2;5;9;48;2;9;22;39m▖[38;2;14;29;49;48;2;11;22;38m▖[0m
[38;2;22;49;90;48;2;20;46;84m▂[38;2;22;48;87;48;2;20;46;83m▂[38;2;21;47;85;48;2;19;45;81m▃[48;2;18;44;81m▂[38;2;21;45;81;48;2;19;44;80m▁[38;2;20;44;81;48;2;18;43;78m▄[38;2;21;46;85;48;2;19;45;82m▕[38;2;23;50;93;48;2;20;46;84m▔[38;2;21;47;86;48;2;18;43;79m▅[38;2;21;48;88;48;2;19;43;78m▂[38;2;19;44;81;48;2;18;42;76m▂[38;2;19;44;80;48;2;18;43;78m▄[38;2;19;45;82;48;2;18;43;80m▄[38;2;19;45;83;48;2;19;44;81m▖[38;2;20;45;82m▁[38;2;19;44;81;48;2;19;44;80m▃[38;2;19;45;82;48;2;19;44;81m▕[38;2;22;48;89;48;2;19;44;82m▁[38;2;30;59;108;48;2;19;45;82m▃[38;2;34;68;123;48;2;20;47;86m▂[38;2;31;60;107;48;2;22;49;89m▂[38;2;26;55;99;48;2;34;67;121m▆[38;2;29;60;108;48;2;37;71;126m▆[38;2;27;56;102;48;2;37;71;128m▃[38;2;26;54;99;48;2;36;70;126m▂[38;2;35;68;121;48;2;29;59;107m▌[38;2;29;60;109;48;2;25;55;99m▏[38;2;24;52;94;48;2;31;63;113m▆[38;2;24;53;95;48;2;23;50;92m▏[38;2;23;51;92;48;2;21;49;89m▃[48;2;21;48;87m▅[38;2;26;55;99;48;2;23;51;92m▆[38;2;27;58;105;48;2;24;52;94m▁[38;2;26;55;100;48;2;22;49;89m▅[38;2;27;57;103;48;2;21;47;85m▂[38;2;29;61;110;48;2;22;48;88m▂[38;2;26;56;103;48;2;21;47;86m▅[38;2;27;57;104;48;2;21;48;88m▅[38;2;24;53;92;48;2;26;57;103m▁[38;2;18;35;58;48;2;27;56;101m▃[38;2;12;24;38;48;2;27;53;93m▅[38;2;15;29;46;48;2;11;21;35m▗[38;2;15;29;48;48;2;13;24;38m▖[38;2;14;25;43;48;2;9;17;26m▔[38;2;9;14;23;48;2;4;6;8m▔[38;2;10;13;17;48;2;4;6;7m▅[38;2;14;21;28;48;2;6;8;10m▁[38;2;13;20;26;48;2;3;4;6m▂[38;2;12;18;23;48;2;6;7;10m▄[38;2;17;22;26;48;2;12;16;21m▁[38;2;15;23;33;48;2;10;13;17m▃[38;2;16;27;44;48;2;10;15;21m▄[38;2;14;25;38;48;2;6;8;10m▆[38;2;18;30;50;48;2;14;22;31m▁[38;2;9;14;19;48;2;15;26;43m▄[38;2;10;17;22;48;2;15;27;44m▅[38;2;16;26;40;48;2;12;19;29m▝[38;2;20;39;64;48;2;11;18;27m▔[38;2;4;6;9;48;2;15;25;38m▃[38;2;13;23;34;48;2;7;9;14m▘[38;2;7;11;17;48;2;8;12;17m▏[38;2;5;6;8;48;2;11;19;28m▅[38;2;1;1;1;48;2;7;10;14m▁[38;2;14;27;45;48;2;5;6;8m▔[38;2;5;5;7;48;2;4;5;7m▏[38;2;8;9;12;48;2;5;5;6m▘[38;2;2;2;2;48;2;8;9;11m▅[38;2;14;14;17;48;2;4;5;6m▔[38;2;22;24;30;48;2;4;5;7m▖[38;2;0;0;1;48;2;2;2;4m▆[38;2;2;6;9;48;2;1;2;3m▔[38;2;2;4;8;48;2;6;9;12m▏[38;2;6;11;16;48;2;2;4;8m▏[38;2;9;15;23;48;2;2;5;9m▂[38;2;5;10;17;48;2;1;3;6m▂[38;2;3;8;13;48;2;0;3;6m▂[38;2;1;3;7;48;2;2;5;9m▍[38;2;2;6;12;48;2;1;4;7m▖[38;2;1;3;8;48;2;0;2;6m▝[48;2;6;16;27m▖[0m
[38;2;25;52;95;48;2;26;55;100m▔[38;2;27;55;100;48;2;23;49;90m▆[38;2;23;50;90;48;2;26;55;99m▔[38;2;26;54;98;48;2;23;50;90m▃[48;2;23;50;89m▄[48;2;22;48;87m▄[38;2;25;53;97;48;2;21;48;87m▃[48;2;21;46;85m▃[38;2;24;53;96;48;2;20;47;86m▂[38;2;23;50;92;48;2;21;48;86m▃[38;2;24;52;94;48;2;21;48;88m▃[38;2;22;49;88;48;2;20;46;83m▄[38;2;22;47;86;48;2;19;44;81m▃[48;2;19;45;82m▃[38;2;21;47;86;48;2;20;45;83m▅[38;2;22;48;88;48;2;20;47;86m▂[38;2;23;49;89m▄[38;2;23;50;91;48;2;23;49;89m▔[38;2;26;54;97;48;2;23;49;90m▔[38;2;22;49;89;48;2;31;61;111m▆[38;2;29;59;106;48;2;24;51;93m▔[38;2;24;51;94;48;2;25;52;95m▖[38;2;23;51;94;48;2;25;53;96m▘[38;2;27;56;101;48;2;24;52;95m▝[38;2;29;58;106;48;2;24;51;93m▝[38;2;22;49;90;48;2;32;64;116m▅[38;2;32;63;113;48;2;23;50;92m▘[38;2;24;53;99;48;2;22;50;92m▔[38;2;24;51;94;48;2;22;50;90m▝[38;2;23;51;92;48;2;24;53;96m▅[38;2;23;51;93;48;2;25;54;97m▆[38;2;26;55;101;48;2;24;52;94m▔[38;2;26;56;102;48;2;25;53;96m▔[38;2;30;60;109;48;2;26;55;100m▝[38;2;19;39;66;48;2;27;57;104m▁[38;2;18;37;63;48;2;29;60;110m▃[38;2;15;33;57;48;2;28;58;106m▄[38;2;15;31;53;48;2;27;58;104m▆[38;2;22;45;74;48;2;16;29;47m▔[38;2;14;30;50;48;2;12;22;35m▗[38;2;11;21;33;48;2;16;31;51m▌[38;2;15;28;44;48;2;17;32;52m▝[48;2;5;11;19m▆[38;2;15;25;36;48;2;12;21;31m▝[38;2;12;19;27;48;2;19;31;47m▃[38;2;18;28;39;48;2;8;14;19m▘[38;2;15;25;33;48;2;9;14;21m▔[38;2;14;22;35;48;2;10;16;24m▔[38;2;13;22;31;48;2;9;12;17m▘[38;2;7;9;13;48;2;14;20;26m▆[38;2;5;6;8;48;2;13;23;36m▅[38;2;1;1;2;48;2;8;11;16m▁[38;2;13;24;40;48;2;5;6;8m▔[38;2;3;3;5;48;2;7;9;13m▄[38;2;3;4;6;48;2;6;8;11m▄[38;2;3;3;4;48;2;5;6;8m▕[38;2;3;4;4;48;2;5;5;6m▏[38;2;8;9;12;48;2;5;6;7m▖[38;2;12;13;16;48;2;3;3;4m▗[38;2;5;6;6;48;2;2;2;2m▏[38;2;6;7;10;48;2;1;1;1m▖[38;2;1;1;2;48;2;4;5;7m▏[38;2;7;8;11;48;2;2;2;3m▝[38;2;4;4;6;48;2;1;2;2m▏[38;2;11;12;15;48;2;2;2;4m▘[38;2;7;8;12;48;2;1;2;3m▔[38;2;6;7;10m▏[38;2;10;10;14;48;2;1;2;4m▔[38;2;14;16;19;48;2;0;1;2m▔[38;2;2;3;5;48;2;0;0;1m▝[38;2;2;3;4;48;2;1;1;2m▘[38;2;0;0;0;48;2;10;14;20m▎[38;2;10;15;21;48;2;1;1;3m▏[38;2;1;4;7;48;2;0;0;1m▔[38;2;2;4;5;48;2;12;17;24m▎[38;2;8;12;19;48;2;3;6;11m▍[38;2;2;3;5;48;2;6;12;21m▄[38;2;3;5;6;48;2;5;12;21m▂[38;2;5;11;21;48;2;1;5;10m▆[38;2;5;13;26;48;2;0;2;5m▆[0m
[38;2;30;59;107;48;2;28;56;102m▃[38;2;32;60;107;48;2;28;56;100m▃[38;2;31;61;109;48;2;27;54;97m▂[38;2;34;66;117;48;2;26;54;98m▁[38;2;26;53;94;48;2;26;54;96m▁[38;2;26;54;94m▁[38;2;26;54;97;48;2;27;55;99m▅[48;2;27;55;100m▅[38;2;27;55;99;48;2;26;54;97m▔[38;2;26;55;99;48;2;26;54;98m▁[38;2;24;52;94;48;2;26;55;98m▔[38;2;27;55;98;48;2;24;51;93m▅[38;2;26;55;98;48;2;24;51;92m▄[38;2;30;59;104m▂[38;2;26;53;96;48;2;25;52;93m▁[38;2;27;55;99;48;2;25;52;94m▗[38;2;23;49;89;48;2;30;59;108m▔[38;2;32;62;112;48;2;24;52;94m▄[38;2;32;62;111;48;2;22;49;89m▄[38;2;30;60;107;48;2;23;50;90m▃[38;2;29;58;105m▃[38;2;27;55;99;48;2;23;49;89m▂[38;2;25;53;93m▁[38;2;23;51;91;48;2;21;49;88m▃[48;2;22;50;90m▂[38;2;23;51;92m▂▅[38;2;24;52;93;48;2;23;50;91m▃[38;2;24;53;94;48;2;23;51;92m▃[38;2;25;53;94;48;2;23;50;91m▄[38;2;14;31;56;48;2;21;45;80m▗[38;2;10;19;33;48;2;24;52;93m▆[38;2;7;12;17;48;2;22;48;83m▆[38;2;18;38;60;48;2;9;14;17m▔[38;2;5;6;10;48;2;14;24;32m▄[38;2;4;7;10;48;2;13;26;44m▄[38;2;4;8;13;48;2;18;39;66m▅[38;2;3;5;9;48;2;13;28;49m▅[38;2;2;5;8;48;2;11;21;36m▅[38;2;3;5;9;48;2;11;22;35m▆[38;2;15;29;48;48;2;4;6;9m▔[38;2;10;20;36m▔[38;2;4;9;15m▔[38;2;3;3;5m▁[38;2;6;8;12;48;2;3;4;6m▕[38;2;7;9;14;48;2;4;5;8m▏[38;2;10;11;15;48;2;3;3;5m▔[38;2;5;7;9;48;2;2;3;4m▕[38;2;4;6;8;48;2;2;3;5m▕[38;2;6;7;10;48;2;1;2;3m▝[38;2;0;0;0;48;2;3;3;5m▁[38;2;7;9;11;48;2;1;1;2m▘[38;2;6;7;10m▘[38;2;7;8;10;48;2;2;2;3m▘[38;2;0;0;0;48;2;3;4;5m▁[38;2;1;1;0;48;2;3;4;4m▁[38;2;5;6;6;48;2;1;2;3m▕[38;2;11;11;11;48;2;6;6;7m▝[38;2;5;5;6;48;2;8;9;9m▕[38;2;9;9;7;48;2;3;3;3m▔[38;2;2;3;4;48;2;2;4;7m▅[38;2;0;0;0;48;2;3;6;9m▅[48;2;2;3;5m▅[38;2;0;1;1;48;2;1;2;3m▞[38;2;1;2;3;48;2;3;4;7m▝[38;2;2;3;5;48;2;1;1;2m▃[38;2;1;2;4;48;2;1;2;3m▔[38;2;0;1;2;48;2;0;0;0m▘[38;2;0;0;1m▕[38;2;0;1;3;48;2;0;0;1m▔[38;2;0;0;0;48;2;0;1;2m▊[38;2;4;6;8;48;2;13;17;23m▋[38;2;3;5;7;48;2;1;1;2m▔[38;2;0;0;1;48;2;1;2;4m▆[38;2;5;8;11;48;2;11;17;24m▌[38;2;7;11;15;48;2;0;1;2m▌[38;2;0;1;2;48;2;7;10;14m▊[38;2;9;12;17;48;2;0;1;3m▌ [38;2;2;5;13;48;2;0;2;4m▔[0m
[38;2;37;68;119;48;2;30;60;107m▆[38;2;32;59;101;48;2;33;62;110m▏[38;2;37;68;119;48;2;32;61;109m▆[38;2;34;62;108;48;2;37;69;121m▁[38;2;26;55;96;48;2;35;66;115m▔[38;2;31;52;84;48;2;33;61;105m▖[38;2;38;71;124;48;2;31;60;108m▆[38;2;38;70;122;48;2;28;56;102m▆[38;2;40;71;123;48;2;31;59;104m▄[38;2;37;68;118;48;2;34;63;110m▖[38;2;37;68;119;48;2;28;56;100m▆[38;2;32;63;110;48;2;38;70;123m▃[38;2;31;61;108;48;2;39;72;125m▔[38;2;40;72;125;48;2;31;61;106m▆[38;2;27;54;98;48;2;39;71;122m▔[38;2;37;69;121;48;2;28;56;102m▅[38;2;35;65;115;48;2;28;56;101m▅[38;2;32;60;107;48;2;30;59;105m▞[38;2;35;65;112;48;2;31;59;106m▁[38;2;34;64;112;48;2;30;58;104m▁[38;2;29;58;105;48;2;26;55;98m▆[38;2;30;60;107;48;2;27;56;100m▅[38;2;31;61;108;48;2;26;54;97m▆[38;2;30;61;107;48;2;24;53;96m▆[38;2;33;64;113;48;2;26;55;99m▃[38;2;35;66;117;48;2;26;54;98m▃[38;2;34;66;117;48;2;27;56;101m▃[38;2;31;64;114;48;2;26;56;100m▃[38;2;31;63;111;48;2;27;56;101m▅[38;2;30;62;110;48;2;27;57;101m▆[38;2;26;52;87;48;2;29;60;107m▁[38;2;11;21;33;48;2;26;52;90m▁[38;2;19;37;62;48;2;8;18;30m▖[38;2;7;7;10;48;2;8;15;24m▁[38;2;27;20;29;48;2;7;10;14m▁[38;2;23;20;24;48;2;5;7;9m▂[38;2;16;15;21;48;2;4;5;8m▖[38;2;7;16;30;48;2;3;5;9m▁[38;2;5;13;27;48;2;2;5;10m▁[38;2;5;7;9;48;2;2;4;8m▔[38;2;4;5;7;48;2;1;2;5m▔[38;2;4;5;8;48;2;2;4;8m▔[38;2;5;7;11;48;2;3;4;7m▂[38;2;2;4;5;48;2;0;0;1m▖[38;2;1;4;6;48;2;0;1;2m▗[38;2;0;1;3;48;2;1;3;7m▍[38;2;0;4;10;48;2;0;1;2m▄[38;2;0;3;9m▂[38;2;0;0;2;48;2;2;3;4m▆[38;2;1;2;3;48;2;0;0;1m▔[38;2;2;3;3;48;2;1;2;2m▂[38;2;3;4;6;48;2;1;1;2m▗[48;2;0;0;0m  [38;2;5;5;4m▁[38;2;12;12;12;48;2;6;6;5m▁[38;2;10;9;8;48;2;4;4;4m▘[38;2;9;10;12;48;2;0;0;0m▃[38;2;18;20;22;48;2;9;10;11m▗[38;2;14;15;17;48;2;3;3;4m▌[38;2;8;9;12;48;2;0;1;1m▄[38;2;7;8;10;48;2;1;1;1m▂[38;2;3;6;8;48;2;0;0;0m▃[38;2;5;8;10m▅[38;2;7;10;13;48;2;3;5;7m▂[38;2;6;9;11;48;2;2;4;6m▖[38;2;1;5;7;48;2;0;1;2m▏[38;2;1;2;4;48;2;0;0;1m▂[48;2;0;0;0m▃[38;2;1;3;5;48;2;0;1;1m▁[38;2;0;1;2;48;2;0;0;0m▏[38;2;2;2;3;48;2;14;17;20m▊[38;2;3;4;5;48;2;0;0;1m▎[38;2;0;3;7;48;2;0;1;2m▅[38;2;10;14;20;48;2;5;7;10m▝[38;2;6;9;13;48;2;1;3;6m▎[38;2;0;2;5;48;2;4;6;9m▊[38;2;8;11;15;48;2;2;3;6m▎[38;2;1;3;7;48;2;0;0;2m▅[38;2;0;2;7;48;2;0;1;3m▃[0m
[38;2;10;26;48;48;2;35;66;114m▅[38;2;11;23;39;48;2;27;51;87m▖[38;2;32;62;107;48;2;38;68;118m▏[38;2;20;34;53;48;2;32;58;99m▗[38;2;16;35;62;48;2;35;65;113m▁[38;2;21;35;54;48;2;34;63;108m▘[38;2;42;72;120;48;2;36;64;113m▄[38;2;44;75;127;48;2;34;63;111m▄[38;2;44;77;129;48;2;36;65;113m▃[38;2;27;43;64;48;2;36;64;110m▗[38;2;33;58;98;48;2;37;67;117m▏[38;2;42;72;123;48;2;34;63;111m▃[38;2;41;70;120;48;2;34;62;110m▃[38;2;41;71;121;48;2;34;63;110m▂[38;2;44;73;124;48;2;36;65;113m▁[38;2;38;67;115;48;2;35;65;113m▂[38;2;39;68;117;48;2;34;64;112m▂[38;2;45;75;125;48;2;37;67;115m▁[38;2;39;70;120;48;2;35;65;112m▅[38;2;40;71;124;48;2;36;67;117m▄[38;2;44;75;127;48;2;39;70;120m▂[38;2;40;72;124;48;2;35;65;114m▆[38;2;13;27;46;48;2;36;66;116m▗[38;2;8;16;27;48;2;35;67;117m▃[38;2;6;12;21;48;2;35;66;115m▃[38;2;9;15;25;48;2;37;69;119m▄[38;2;10;14;22;48;2;32;62;108m▄[38;2;14;19;28;48;2;32;63;108m▅[38;2;12;17;26;48;2;31;61;104m▆[38;2;27;54;90;48;2;9;14;21m▔[38;2;14;25;44;48;2;10;13;18m▁[38;2;34;66;115;48;2;15;20;31m▁[38;2;33;63;110;48;2;16;18;26m▂[38;2;33;40;61;48;2;22;20;26m▁[38;2;29;46;75;48;2;14;16;24m▕[38;2;33;60;102;48;2;15;19;28m▅[38;2;32;62;108;48;2;10;22;39m▆[38;2;13;30;58;48;2;30;59;103m▔[38;2;15;33;62;48;2;32;63;111m▔[38;2;25;51;91;48;2;3;9;20m▊[38;2;2;6;12;48;2;1;2;5m▌[38;2;21;37;63;48;2;12;24;43m▗[38;2;18;34;58;48;2;8;15;24m▎[38;2;9;12;15;48;2;8;9;11m▎[38;2;20;19;17;48;2;5;7;9m▁[38;2;2;5;9;48;2;2;6;12m▏[38;2;7;11;18;48;2;0;5;12m▄[38;2;9;14;23;48;2;1;5;11m▄[38;2;9;14;21;48;2;0;2;5m▅[38;2;14;18;26;48;2;1;2;3m▅[38;2;12;15;21;48;2;3;4;5m▆[48;2;5;7;9m▆[38;2;29;29;30;48;2;11;13;19m▂[38;2;23;22;20;48;2;16;17;19m▗[38;2;17;17;18;48;2;11;12;13m▔[38;2;14;17;20;48;2;7;8;11m▔[38;2;3;3;3;48;2;17;19;23m▂[38;2;6;6;5;48;2;22;23;25m▃[38;2;12;12;14;48;2;26;27;32m▎[38;2;21;23;27;48;2;3;5;6m▌[38;2;1;1;2;48;2;14;16;18m▄[38;2;12;13;17;48;2;1;1;2m▘[38;2;0;0;1;48;2;5;8;11m▅[38;2;0;0;0;48;2;8;11;14m▅[38;2;2;3;4;48;2;9;12;16m▎[38;2;10;13;17;48;2;2;4;7m▌[38;2;2;6;10;48;2;1;3;5m▏[38;2;2;5;8m▗[38;2;3;7;12;48;2;0;1;3m▂[38;2;0;1;3;48;2;1;3;6m▆[38;2;0;2;4;48;2;0;1;2m▔[38;2;0;0;0;48;2;2;3;4m▁[38;2;0;2;4;48;2;0;1;2m▝[38;2;1;4;9;48;2;0;2;5m▗[38;2;11;15;18;48;2;3;6;9m▕[38;2;2;5;10;48;2;3;7;12m▄[38;2;0;1;3;48;2;0;4;11m▕[38;2;0;2;6;48;2;2;5;9m▖[38;2;9;19;31;48;2;3;6;11m▆[38;2;9;20;33;48;2;3;8;13m▆[0m
[38;2;12;24;39;48;2;8;20;35m▁[38;2;14;31;50;48;2;10;20;31m▔[38;2;9;22;38;48;2;31;58;100m▅[38;2;24;42;68;48;2;10;21;34m▔[38;2;13;29;53;48;2;8;21;38m▔[38;2;13;26;44;48;2;34;60;101m▅[38;2;15;28;46;48;2;42;68;111m▆[38;2;22;42;72;48;2;48;79;132m▃[38;2;22;42;71;48;2;47;77;128m▄[38;2;18;36;63;48;2;43;70;112m▅[38;2;29;51;85;48;2;52;85;138m▄[38;2;34;58;100;48;2;54;85;138m▂[38;2;24;46;78;48;2;54;85;137m▃[38;2;31;55;94;48;2;51;82;134m▁[38;2;21;41;70;48;2;48;79;129m▄[38;2;12;28;50;48;2;46;75;124m▅[38;2;23;42;71;48;2;46;76;126m▄[38;2;41;68;113;48;2;47;77;129m▁[38;2;51;83;135;48;2;41;71;120m▆[38;2;28;53;90;48;2;46;77;128m▁[38;2;46;78;131;48;2;39;68;117m▆[38;2;46;79;132;48;2;38;67;117m▆[38;2;32;61;107;48;2;45;78;131m▔[38;2;42;72;120;48;2;20;28;45m▄[38;2;42;73;123;48;2;21;21;31m▄[38;2;41;72;121;48;2;23;25;37m▖[38;2;20;33;53;48;2;14;14;21m▕[38;2;39;67;113;48;2;14;19;32m▆[38;2;6;9;16;48;2;37;64;105m▔[38;2;4;6;9;48;2;13;21;32m▁[38;2;10;15;24;48;2;30;50;85m▋[38;2;21;24;32;48;2;39;68;115m▃[38;2;29;35;50;48;2;37;63;107m▄[38;2;33;47;72;48;2;26;29;39m▘[38;2;15;14;18;48;2;23;27;37m▊[38;2;39;68;116;48;2;27;36;53m▁[38;2;37;69;120;48;2;24;28;40m▂[38;2;35;65;111;48;2;19;30;48m▃[38;2;36;67;116;48;2;35;66;115m▄[38;2;33;62;105;48;2;10;16;25m▊[38;2;8;13;21;48;2;2;5;9m▍[38;2;30;56;97;48;2;7;15;25m▄[38;2;31;56;94;48;2;9;12;16m▅[38;2;14;19;26;48;2;8;11;16m▂[38;2;37;61;96;48;2;10;15;21m▗[38;2;20;20;19;48;2;12;15;17m▝[38;2;20;21;21;48;2;13;15;18m▗[38;2;27;27;24;48;2;12;14;18m▗[38;2;29;28;25;48;2;11;13;14m▗[38;2;33;32;29;48;2;2;2;3m▄[38;2;20;20;19;48;2;17;16;15m▏[38;2;9;8;7;48;2;24;25;25m▖[38;2;5;5;4;48;2;30;29;25m▆[38;2;5;5;5;48;2;38;39;39m▊[38;2;22;23;22;48;2;4;4;4m▎[38;2;1;1;2;48;2;0;0;0m▔ [38;2;2;2;2m▔[38;2;1;1;1;48;2;28;28;33m▎[38;2;27;27;33;48;2;5;6;10m▌[38;2;8;11;16;48;2;0;0;0m▎   [38;2;0;0;0;48;2;13;14;18m▎[38;2;13;16;19;48;2;3;5;9m▌[38;2;4;9;13;48;2;1;2;4m▏[38;2;7;9;14;48;2;4;6;9m▂[38;2;1;3;5;48;2;3;5;9m▘[38;2;4;8;13;48;2;2;5;8m▗[38;2;3;7;12;48;2;0;1;2m▏[38;2;2;4;8;48;2;0;0;0m▃[38;2;1;3;7;48;2;0;1;2m▁[38;2;4;9;17;48;2;1;3;5m▁[38;2;6;9;13;48;2;2;4;8m▕[38;2;2;5;11;48;2;1;4;7m▆[38;2;0;3;7;48;2;1;5;10m▝[38;2;0;1;4;48;2;1;4;8m▌[38;2;6;14;22;48;2;9;21;35m▔[38;2;4;12;23;48;2;8;18;32m▃[0m
[38;2;16;23;31;48;2;13;25;41m▝[38;2;13;23;37;48;2;15;21;29m▊[38;2;11;20;30;48;2;13;24;39m▝[38;2;17;24;35;48;2;12;19;29m▗[38;2;29;30;28;48;2;13;20;29m▏[38;2;16;25;38;48;2;10;19;31m▃[38;2;17;26;40;48;2;16;22;31m▖[38;2;17;28;44;48;2;11;22;38m▃[38;2;13;28;49;48;2;13;24;37m▔[38;2;17;28;44;48;2;13;23;38m▁[38;2;12;23;37;48;2;14;29;52m▆[38;2;12;25;42;48;2;18;37;64m▆[38;2;13;26;43;48;2;13;29;51m▂[38;2;25;48;83;48;2;14;29;50m▔[38;2;15;31;54;48;2;12;27;48m▄[38;2;15;32;57;48;2;12;28;49m▂[38;2;18;37;61;48;2;12;28;50m▔[38;2;45;73;123;48;2;14;31;55m▔[38;2;14;32;56;48;2;42;69;114m▆[38;2;15;36;64;48;2;13;30;54m▔[38;2;40;68;111;48;2;17;36;62m▔[38;2;19;40;73;48;2;53;85;136m▆[38;2;20;41;72;48;2;40;70;117m▄[38;2;20;30;45;48;2;44;72;117m▅[38;2;23;30;45;48;2;46;76;122m▆[38;2;30;39;55;48;2;23;27;35m▔[38;2;25;25;26;48;2;10;12;16m▝[38;2;26;47;78;48;2;21;23;33m▃[38;2;22;36;55;48;2;18;21;28m▗[38;2;37;63;105;48;2;19;25;38m▄[38;2;39;60;96;48;2;17;24;39m▅[38;2;36;57;90;48;2;22;29;43m▄[38;2;13;18;28;48;2;42;73;124m▔[38;2;41;70;116;48;2;30;38;55m▋[38;2;26;27;35;48;2;13;13;17m▎[38;2;18;29;48;48;2;39;71;122m▎[38;2;27;57;104;48;2;42;75;129m▃[38;2;28;57;102;48;2;42;74;128m▄[38;2;23;48;85;48;2;42;73;125m▄[38;2;32;61;105;48;2;18;29;44m▋[38;2;15;22;31;48;2;1;4;9m▍[38;2;14;30;51;48;2;28;52;89m▄[38;2;26;43;68;48;2;17;33;53m▝[38;2;19;25;33;48;2;2;3;5m▊[38;2;2;6;10;48;2;23;42;68m▌[38;2;25;30;34;48;2;10;12;14m▍[38;2;21;29;45;48;2;5;9;15m▕[38;2;28;37;53;48;2;8;14;22m▋[38;2;10;14;20;48;2;3;7;12m▁[38;2;40;47;59;48;2;13;13;13m▖[38;2;2;1;0;48;2;0;0;0m▔[38;2;1;2;3;48;2;27;35;49m▍[38;2;34;45;62;48;2;4;6;9m▖[38;2;1;1;1;48;2;30;29;27m▊[38;2;24;23;21;48;2;3;3;3m▏[48;2;0;0;0m   [38;2;2;2;2;48;2;33;29;35m▎[38;2;34;30;39;48;2;8;10;16m▌[38;2;11;14;21;48;2;0;0;0m▎ [38;2;0;0;1m▂ [38;2;11;13;15;48;2;27;32;40m▌[38;2;31;38;43;48;2;12;16;23m▄[38;2;8;13;18;48;2;4;7;11m▏[38;2;1;3;5;48;2;7;10;14m▍[38;2;4;6;9;48;2;6;10;14m▅[38;2;2;4;7;48;2;7;13;24m▋[38;2;4;9;17;48;2;3;6;11m▗[38;2;6;13;25;48;2;3;7;14m▗[38;2;5;13;27;48;2;2;5;10m▂[38;2;1;2;5;48;2;6;14;27m▍[38;2;8;18;35;48;2;5;9;15m▏[38;2;1;3;7;48;2;2;5;10m▂[38;2;2;6;12;48;2;1;4;8m▘[38;2;1;2;3;48;2;3;6;12m▏[38;2;4;11;21;48;2;11;24;41m▆[38;2;4;12;22;48;2;3;8;14m▎[0m
[38;2;16;22;31;48;2;19;32;52m▖[38;2;19;33;54;48;2;16;23;35m▎[38;2;15;23;35;48;2;19;31;49m▕[38;2;17;22;31;48;2;23;34;52m▎[38;2;17;24;35;48;2;16;21;28m▗[38;2;21;33;52;48;2;20;28;40m▅[38;2;18;28;44;48;2;19;23;28m▊[38;2;20;32;51;48;2;19;26;39m▌[38;2;17;24;36;48;2;21;32;48m▃[38;2;19;24;33m▏[38;2;20;32;51;48;2;19;30;46m▖[38;2;17;28;44;48;2;16;30;50m▘[38;2;20;35;58;48;2;17;30;47m▃[38;2;16;31;54;48;2;19;34;58m▘[38;2;22;40;67;48;2;19;34;57m▗[38;2;23;40;67;48;2;19;36;61m▄[38;2;26;44;73;48;2;20;38;65m▃[38;2;25;44;75;48;2;18;35;61m▆[38;2;20;36;60;48;2;23;43;74m▂[38;2;14;27;44;48;2;23;43;72m▁[38;2;16;32;53;48;2;23;44;75m▃[38;2;23;43;74;48;2;16;34;60m▅[38;2;26;48;82;48;2;18;37;65m▄[38;2;27;51;87;48;2;18;37;63m▄[38;2;27;51;86;48;2;18;39;66m▄[38;2;30;43;65;48;2;27;25;33m▎[38;2;24;47;81;48;2;11;16;27m▗[48;2;20;37;58m▖[38;2;21;22;23;48;2;14;28;48m▊[38;2;24;28;29;48;2;21;41;69m▔[38;2;25;46;72;48;2;19;38;64m▁[38;2;14;22;29;48;2;18;35;59m▖[38;2;26;53;94;48;2;19;41;71m▔[38;2;31;53;91;48;2;20;41;70m▔[38;2;35;35;48;48;2;24;22;29m▎[38;2;11;14;24;48;2;17;38;67m▌[38;2;23;49;88;48;2;17;36;63m▔[38;2;18;37;64;48;2;11;25;42m▋[38;2;11;26;44;48;2;10;20;31m▔[38;2;10;22;36;48;2;30;41;57m▋[38;2;22;30;41;48;2;3;7;12m▍[38;2;4;10;19;48;2;10;22;37m▏[38;2;7;18;30;48;2;36;48;67m▊[38;2;31;38;50;48;2;4;7;11m▋[38;2;4;8;12;48;2;12;27;46m▌[38;2;16;24;34;48;2;9;14;19m▍[38;2;18;26;38;48;2;9;14;21m▄[38;2;14;20;30;48;2;29;38;52m▆[38;2;13;20;30;48;2;10;14;19m▏[38;2;26;27;30;48;2;5;6;7m▘[38;2;0;0;1;48;2;0;2;5m▌[38;2;15;19;28;48;2;0;1;3m▔[38;2;19;26;38;48;2;1;2;4m▔[38;2;0;0;1;48;2;39;38;35m▊[38;2;24;24;20;48;2;0;0;1m▏[38;2;0;1;4m▏[38;2;0;1;2m▗[38;2;0;0;1;48;2;0;0;0m▁[38;2;5;6;12;48;2;43;47;61m▎[38;2;37;40;53;48;2;10;14;23m▍[38;2;15;19;25;48;2;3;5;8m▂[38;2;3;5;8;48;2;0;1;2m▁[38;2;11;15;20;48;2;0;1;4m▗[38;2;22;26;26;48;2;6;7;9m▗[38;2;7;7;7;48;2;30;37;46m▂[38;2;6;7;6;48;2;26;33;37m▂[38;2;18;23;27;48;2;8;12;15m▎[38;2;3;3;3;48;2;8;13;18m▁[38;2;8;14;21;48;2;7;11;16m▗[38;2;5;8;11;48;2;7;11;17m▘[38;2;6;11;20;48;2;8;17;31m▎[38;2;8;15;26;48;2;5;11;21m▆[38;2;9;19;36;48;2;10;16;25m▘[38;2;6;10;15;48;2;10;16;26m▌[38;2;10;13;17m▞[38;2;10;14;21;48;2;2;4;8m▅[38;2;8;13;22;48;2;3;6;9m▄[38;2;5;8;13;48;2;6;14;25m▋[38;2;7;10;12;48;2;3;8;14m▕[38;2;2;5;8;48;2;3;7;11m▔[0m
[38;2;17;25;38;48;2;15;20;27m▏[38;2;19;29;43;48;2;16;22;33m▖[38;2;18;24;35;48;2;15;19;26m▘[38;2;22;34;52;48;2;18;26;39m▝[38;2;18;24;36;48;2;15;17;19m▕[38;2;24;34;52;48;2;16;22;30m▏[38;2;19;26;38;48;2;16;20;26m▘[38;2;19;28;42;48;2;18;23;32m▖[38;2;14;21;33;48;2;17;21;29m▔[38;2;19;30;47;48;2;14;21;29m▗[38;2;18;32;52;48;2;16;24;37m▘[38;2;22;33;51;48;2;17;26;41m▄[38;2;22;32;48;48;2;24;36;57m▋[38;2;28;39;58;48;2;19;29;45m▄[38;2;37;49;72;48;2;20;33;53m▃[38;2;57;62;79;48;2;31;43;65m▗[38;2;69;72;85;48;2;56;59;71m▁[38;2;46;57;79;48;2;29;41;62m▃[38;2;39;53;79;48;2;21;36;58m▃[38;2;33;50;79;48;2;20;35;59m▃[38;2;36;57;92;48;2;20;35;58m▂[38;2;36;58;95;48;2;20;36;60m▁[38;2;35;57;92;48;2;22;38;61m▁[38;2;35;56;91;48;2;20;39;65m▂[38;2;37;53;85;48;2;25;40;64m▁[38;2;40;35;48;48;2;24;18;26m▎[38;2;14;15;25;48;2;26;45;75m▎[38;2;43;60;91;48;2;23;44;74m▂[38;2;33;52;80;48;2;20;34;53m▃[38;2;38;57;87;48;2;22;37;57m▃[38;2;13;19;26;48;2;30;42;51m▅[38;2;17;29;45;48;2;8;13;17m▁[38;2;31;50;81;48;2;16;29;48m▃[38;2;49;69;104;48;2;28;51;85m▁[38;2;34;49;73;48;2;29;31;42m▎[38;2;11;17;27;48;2;19;38;63m▊[38;2;25;45;74;48;2;16;27;42m▘[38;2;15;31;51;48;2;12;22;34m▘[38;2;12;21;32;48;2;7;14;21m▏[38;2;6;12;20;48;2;30;42;57m▌[38;2;27;36;48;48;2;6;11;17m▎[38;2;26;35;47;48;2;13;21;31m▁[38;2;27;38;52;48;2;15;22;31m▝[38;2;32;37;47;48;2;5;8;13m▋[38;2;23;30;40;48;2;10;16;24m▕[38;2;10;13;17;48;2;19;27;40m▆[38;2;9;13;19;48;2;19;26;37m▅[38;2;14;20;30;48;2;9;13;18m▘[38;2;7;10;15;48;2;12;16;21m▆[38;2;2;6;10;48;2;0;1;3m▎[38;2;0;3;8;48;2;0;1;4m▄[38;2;0;2;6;48;2;1;4;8m▃[38;2;4;7;10;48;2;0;2;6m▅[38;2;4;6;9;48;2;44;42;38m▊[38;2;21;20;18;48;2;3;5;7m▏[38;2;6;7;10;48;2;0;1;2m▅[48;2;0;1;3m▅[38;2;1;4;8m▁[38;2;20;23;31;48;2;36;38;48m▌[38;2;35;40;52;48;2;12;17;23m▘[38;2;7;10;16;48;2;20;23;32m▋[38;2;13;16;23;48;2;8;10;14m▖[38;2;25;27;31;48;2;14;16;17m▂[38;2;14;19;26;48;2;7;9;12m▂[38;2;28;31;35;48;2;13;15;17m▃[38;2;27;32;36;48;2;12;16;22m▃[38;2;29;33;36;48;2;6;10;14m▏[38;2;4;7;9;48;2;6;11;18m▍[38;2;7;11;18;48;2;8;14;23m▘[38;2;13;17;21;48;2;9;12;16m▁[38;2;6;9;14;48;2;10;14;20m▍[38;2;8;12;18;48;2;10;16;25m▆[38;2;10;16;27;48;2;8;12;17m▘[38;2;9;14;23;48;2;10;14;20m▘[38;2;11;16;24;48;2;10;14;19m▎[38;2;11;17;27;48;2;10;14;20m▝[38;2;9;12;17;48;2;12;19;29m▅[38;2;9;15;24;48;2;9;13;18m▕[38;2;7;12;19;48;2;8;11;15m▏[38;2;5;10;16;48;2;4;9;14m▅[0m
[38;2;22;29;37;48;2;16;22;30m▏[38;2;16;26;38;48;2;15;19;25m▕[38;2;17;24;34;48;2;13;15;18m▕[38;2;17;26;38;48;2;17;23;31m▕[38;2;18;22;29;48;2;14;16;20m▁[38;2;19;30;45;48;2;15;21;29m▂[38;2;17;28;42;48;2;14;18;23m▎[38;2;13;14;17;48;2;15;21;29m▁[38;2;20;28;38;48;2;15;20;26m▏[38;2;13;16;20;48;2;15;24;36m▌[38;2;19;31;51;48;2;16;24;35m▍[38;2;19;29;44;48;2;22;35;56m▞[38;2;16;26;41;48;2;27;41;62m▁[38;2;17;29;47;48;2;29;44;68m▁[38;2;16;31;53;48;2;28;44;69m▁[38;2;53;59;76;48;2;34;48;74m▝[38;2;39;52;76;48;2;76;78;86m▕[38;2;30;47;75;48;2;44;55;77m▄[38;2;28;47;77;48;2;36;53;82m▅[38;2;27;47;77;48;2;35;53;84m▆[38;2;27;48;80;48;2;36;57;93m▅[38;2;42;66;106;48;2;29;52;86m▔[38;2;27;50;84;48;2;37;60;99m▅[38;2;12;22;34;48;2;30;52;85m▗[38;2;31;56;95;48;2;30;35;50m▌[38;2;32;25;33;48;2;16;15;24m▘[38;2;20;36;61;48;2;34;59;99m▏[38;2;33;58;98;48;2;40;66;109m▅[38;2;34;60;101;48;2;41;68;111m▅[38;2;35;50;71;48;2;34;58;97m▝[38;2;35;44;56;48;2;17;22;26m▔[38;2;15;27;42;48;2;6;8;10m▔[38;2;16;27;43;48;2;30;51;85m▎[38;2;28;52;91;48;2;38;63;105m▁[38;2;29;51;83;48;2;22;26;37m▍[38;2;15;21;33;48;2;12;14;20m▔[38;2;14;23;34;48;2;19;34;53m▆[38;2;16;29;41;48;2;12;16;21m▔[38;2;12;19;26;48;2;9;13;16m▔[38;2;9;15;23;48;2;23;32;43m▌[38;2;20;27;36;48;2;6;9;13m▎[38;2;16;19;24;48;2;12;16;21m▗[38;2;18;22;26;48;2;15;18;21m▞[38;2;23;25;25;48;2;12;14;16m▘[38;2;9;12;16;48;2;20;24;27m▊[38;2;15;17;16;48;2;7;10;12m▎[38;2;4;7;10;48;2;10;13;16m▃[48;2;10;14;16m▃[38;2;7;10;15;48;2;6;9;13m▔[38;2;8;12;17;48;2;1;3;7m▁[38;2;7;10;14;48;2;1;3;8m▁[38;2;5;7;12;48;2;1;4;10m▁[38;2;5;9;13;48;2;3;5;8m▃[38;2;5;8;11;48;2;34;33;29m▌[38;2;22;21;19;48;2;5;7;9m▏[38;2;5;8;13;48;2;2;4;6m▅[38;2;5;9;14;48;2;4;5;7m▆[38;2;1;5;11;48;2;0;1;3m▅[38;2;23;25;28;48;2;30;32;39m▆[38;2;24;27;31;48;2;8;10;14m▍[38;2;6;9;14;48;2;18;20;26m▊[38;2;16;18;22;48;2;5;7;9m▏[38;2;22;23;24;48;2;13;14;17m▁[38;2;7;10;13;48;2;26;30;32m▆[38;2;14;17;18;48;2;39;45;48m▆[38;2;14;16;16;48;2;38;45;54m▆[38;2;25;32;44;48;2;6;7;7m▔[38;2;11;18;25;48;2;7;10;12m▗[38;2;12;17;22;48;2;9;13;17m▖[38;2;8;12;16;48;2;10;15;20m▋[38;2;14;17;19;48;2;8;11;14m▅[38;2;12;15;19;48;2;10;13;18m▞[38;2;9;12;16;48;2;12;15;18m▏[38;2;11;13;17;48;2;9;12;16m▞[38;2;9;12;15;48;2;12;13;16m▕[38;2;10;12;14;48;2;14;17;19m▊[38;2;12;15;18;48;2;10;12;15m▁[38;2;12;14;17m▕[38;2;16;20;24;48;2;9;12;17m▏[38;2;8;14;22;48;2;9;12;16m▕[0m
[38;2;15;20;27;48;2;13;17;24m▔[48;2;13;17;22m▁[38;2;14;19;26;48;2;14;15;18m▏[38;2;12;13;16;48;2;15;17;20m▁[38;2;16;23;34;48;2;13;15;18m▕[38;2;16;29;49;48;2;14;21;31m▕[38;2;15;22;32;48;2;12;18;25m▏[38;2;14;18;22;48;2;10;12;15m▔[38;2;14;18;24;48;2;14;15;17m▕[38;2;13;21;33;48;2;9;13;18m▕[38;2;10;14;19;48;2;17;31;50m▋[38;2;20;39;60;48;2;16;28;45m▁[38;2;20;32;50;48;2;26;43;69m▆[38;2;19;35;56;48;2;26;45;72m▃[38;2;22;38;62;48;2;31;52;86m▆[38;2;21;39;64;48;2;30;53;87m▆[38;2;45;58;82;48;2;29;45;70m▘[38;2;22;40;65;48;2;25;45;76m▂[38;2;22;39;64;48;2;24;44;74m▂[38;2;24;45;76;48;2;23;42;70m▝[38;2;27;49;82;48;2;24;45;74m▗[38;2;31;54;90;48;2;26;47;79m▃[38;2;22;40;66;48;2;28;52;89m▕[38;2;12;18;28;48;2;25;47;79m▋[38;2;27;50;82;48;2;15;20;30m▎[38;2;8;13;21;48;2;26;45;76m▊[38;2;28;53;89;48;2;34;59;98m▔[38;2;35;58;95;48;2;33;57;96m▂[38;2;26;49;86;48;2;34;59;99m▔[38;2;18;25;33;48;2;30;54;89m▗[38;2;18;22;23;48;2;30;38;45m▄[38;2;5;7;8;48;2;7;11;14m▃[38;2;5;9;13;48;2;25;46;77m▖[38;2;31;55;91;48;2;21;42;70m▊[38;2;21;43;73;48;2;14;22;35m▎[38;2;14;17;23;48;2;8;11;15m▘[38;2;11;18;31;48;2;9;13;17m▔[38;2;14;21;31;48;2;10;13;17m▂[38;2;18;29;43;48;2;8;11;16m▂[38;2;22;33;49;48;2;11;14;19m▂[38;2;15;21;32;48;2;5;7;11m▄[38;2;15;23;34;48;2;6;9;13m▄[38;2;6;8;11;48;2;17;24;33m▂[38;2;15;22;31;48;2;14;19;25m▂[38;2;13;21;30;48;2;6;9;14m▂[38;2;16;23;34;48;2;8;11;16m▃[38;2;16;21;28;48;2;8;12;18m▂[38;2;15;20;30;48;2;9;13;18m▂[38;2;19;26;37;48;2;10;15;20m▂[38;2;19;26;38;48;2;11;15;19m▂[38;2;24;35;52;48;2;13;18;24m▁[38;2;28;38;51;48;2;15;19;25m▁[38;2;20;28;39;48;2;14;18;24m▁[38;2;32;32;33;48;2;17;20;24m▝[38;2;15;17;20;48;2;11;15;21m▏[38;2;17;21;27m▝[38;2;10;13;17;48;2;13;16;21m▕[38;2;31;35;43;48;2;15;18;23m▗[38;2;23;27;30;48;2;28;31;35m▂[38;2;17;20;24;48;2;10;12;15m▘[38;2;11;13;17;48;2;5;7;9m▝[38;2;9;11;15;48;2;5;7;10m▝[38;2;20;21;24;48;2;19;20;21m▔[38;2;21;25;29;48;2;7;9;12m▗[38;2;31;36;36;48;2;21;25;28m▝[38;2;25;28;26;48;2;33;38;43m▃[38;2;28;33;36;48;2;8;10;9m▎[38;2;10;15;20;48;2;8;11;11m▔[38;2;12;15;19;48;2;13;15;17m▏[38;2;17;20;22;48;2;9;11;14m▝[38;2;11;15;19;48;2;19;22;25m▆[38;2;10;12;14;48;2;12;15;18m▖[38;2;7;10;13;48;2;9;12;15m▕[38;2;10;12;15;48;2;10;11;14m▔[38;2;17;19;19;48;2;13;14;17m▔[38;2;15;15;16;48;2;12;13;15m▁[38;2;16;22;30;48;2;12;15;17m▕[38;2;15;21;30;48;2;13;14;17m▏[38;2;20;24;30;48;2;10;13;18m▏[38;2;14;23;38;48;2;12;17;24m▘[0m
[38;2;8;10;13;48;2;12;14;17m▁[38;2;13;15;19;48;2;11;12;14m▎[38;2;12;13;15;48;2;4;5;6m▊[38;2;12;13;16;48;2;9;10;12m▎[38;2;19;20;21;48;2;14;15;17m▏[38;2;13;16;22;48;2;10;13;16m▏[38;2;13;19;27m▔[38;2;11;13;16;48;2;8;9;10m▏[38;2;9;10;11;48;2;10;13;17m▊[38;2;10;17;26;48;2;8;12;16m▕[38;2;17;31;51;48;2;12;21;32m▝[38;2;15;27;43;48;2;24;40;62m▆[38;2;21;34;55;48;2;15;25;38m▗[38;2;22;38;61;48;2;27;46;75m▏[38;2;26;47;77;48;2;20;33;51m▍[38;2;19;34;54;48;2;26;45;74m▁[38;2;30;49;78;48;2;29;45;71m▃[38;2;26;46;75;48;2;31;52;85m▔[38;2;30;50;79;48;2;33;54;89m▔[38;2;31;53;87;48;2;30;50;82m▂[38;2;35;57;93;48;2;29;51;84m▁[38;2;34;56;93;48;2;30;51;85m▆[38;2;25;44;72;48;2;33;55;91m▕[38;2;12;24;37;48;2;28;50;82m▋[38;2;27;47;76;48;2;13;17;26m▍[38;2;8;12;18;48;2;20;35;59m▊[38;2;26;48;81;48;2;32;56;93m▁[38;2;32;55;88m▕[38;2;33;56;92;48;2;18;32;50m▋[38;2;18;33;50;48;2;11;17;20m▖[38;2;21;28;32;48;2;9;13;16m▔[38;2;4;9;12;48;2;3;7;9m▕[38;2;21;38;63;48;2;5;11;17m▁[38;2;10;21;34;48;2;24;44;74m▍[38;2;14;28;47;48;2;7;11;17m▋[38;2;6;9;13;48;2;5;7;11m▔[38;2;8;13;19;48;2;5;9;15m▕[38;2;4;8;11;48;2;11;14;19m▆[38;2;5;9;11;48;2;12;17;25m▆[38;2;11;16;23;48;2;5;8;9m▘[38;2;10;13;14;48;2;4;6;8m▎[38;2;8;11;14;48;2;4;7;8m▕[38;2;9;14;21;48;2;8;11;16m▕[38;2;9;14;22;48;2;12;18;27m▆[38;2;4;6;9;48;2;12;19;30m▂[38;2;13;19;27;48;2;9;14;21m▘[38;2;8;12;17;48;2;8;12;16m▕[38;2;4;6;8;48;2;10;13;17m▁[38;2;11;15;22;48;2;7;10;16m▝[38;2;3;7;9;48;2;8;12;17m▁[38;2;8;11;16;48;2;9;13;18m▕[38;2;20;29;42;48;2;10;14;19m▔[38;2;25;36;51;48;2;12;16;21m▔[38;2;30;33;35;48;2;10;13;15m▔[38;2;18;22;29;48;2;27;35;47m▆[38;2;25;33;41;48;2;16;21;29m▝[38;2;12;16;19;48;2;27;34;42m▅[38;2;18;22;27;48;2;14;17;21m▞[38;2;22;26;30;48;2;14;17;19m▘[38;2;17;21;22;48;2;7;9;9m▘[38;2;3;4;6;48;2;4;6;7m▅[38;2;22;28;34;48;2;4;5;8m▁[38;2;36;43;51;48;2;17;19;17m▁[38;2;20;24;28;48;2;17;19;20m▁[38;2;16;18;19;48;2;12;13;14m▏[38;2;18;20;21;48;2;14;17;17m▕[38;2;16;18;20;48;2;10;12;12m▖[38;2;5;7;8;48;2;4;5;5m▏[38;2;4;6;7;48;2;12;14;17m▆[38;2;11;13;16;48;2;7;9;13m▘[38;2;4;6;8;48;2;8;11;14m▅[38;2;3;3;4;48;2;7;9;12m▃[38;2;5;6;9;48;2;7;9;11m▖[38;2;10;10;12;48;2;9;11;13m▁[38;2;23;22;23;48;2;18;20;22m▏[38;2;21;22;24;48;2;15;16;18m▍[38;2;10;11;14;48;2;19;21;23m▋[38;2;16;20;26;48;2;10;12;15m▏[38;2;11;14;16;48;2;8;9;11m▏[38;2;6;7;10;48;2;8;10;13m▗[0m
[38;2;7;9;12;48;2;9;11;14m▏[38;2;7;8;10;48;2;9;10;13m▊[38;2;9;10;12;48;2;6;7;9m▞[38;2;10;10;12;48;2;7;9;11m▘[38;2;2;2;3;48;2;12;13;15m▕[38;2;5;7;9;48;2;10;12;13m▏[38;2;5;10;14;48;2;6;8;11m▄[38;2;8;11;15;48;2;4;7;10m▏[38;2;7;11;15;48;2;7;9;12m▞[38;2;4;6;8;48;2;7;11;16m▏[38;2;10;19;31;48;2;15;29;49m▊[38;2;11;23;40;48;2;7;15;24m▖[38;2;10;17;28;48;2;19;37;60m▋[38;2;12;25;43;48;2;28;50;82m▏[38;2;17;30;47;48;2;29;48;77m▋[38;2;17;35;55;48;2;28;47;76m▏[38;2;24;43;71;48;2;32;51;84m▂[38;2;27;47;78;48;2;35;57;92m▃[38;2;26;46;75;48;2;34;56;91m▃[38;2;25;45;74;48;2;32;55;90m▃[38;2;28;49;80;48;2;37;59;97m▅[38;2;29;50;81;48;2;36;58;94m▃[38;2;29;49;81;48;2;33;57;93m▃[38;2;28;47;72;48;2;31;53;86m▔[38;2;29;49;80;48;2;23;33;50m▌[38;2;14;23;37;48;2;14;17;24m▕[38;2;18;33;54;48;2;29;51;84m▎[38;2;28;50;83;48;2;31;55;91m▃[38;2;24;43;67;48;2;30;53;88m▖[38;2;24;45;74;48;2;16;29;43m▎[38;2;7;12;15;48;2;12;17;18m▄[38;2;5;12;17;48;2;3;9;12m▁[38;2;11;24;38;48;2;21;40;67m▍[38;2;22;43;70;48;2;27;49;82m▔[38;2;19;37;60;48;2;12;15;23m▍[38;2;11;22;38;48;2;6;11;18m▕[38;2;18;37;62;48;2;10;22;39m▂[38;2;10;24;42;48;2;6;15;25m▃[48;2;7;17;28m [38;2;8;18;30;48;2;10;15;21m▎[38;2;10;13;16;48;2;4;8;11m▏[38;2;8;18;30;48;2;7;12;16m▃[38;2;7;16;26;48;2;8;12;15m▖[38;2;9;13;15;48;2;6;9;11m▖[38;2;7;14;26;48;2;4;8;12m▗[38;2;5;8;12;48;2;3;7;9m▅[38;2;5;10;13;48;2;4;8;10m▄[38;2;4;7;10;48;2;5;8;12m▘[38;2;6;12;14;48;2;4;7;10m▂[38;2;4;8;11;48;2;7;9;13m▅[38;2;6;12;15;48;2;6;9;12m▁[38;2;6;9;11;48;2;6;10;12m▏[38;2;6;9;12;48;2;5;8;10m▔[38;2;10;11;10;48;2;4;6;8m▗[38;2;5;8;9;48;2;8;11;14m▄[38;2;17;23;32m▔[38;2;10;15;22;48;2;7;10;13m▔[38;2;15;19;25;48;2;8;11;14m▔[38;2;14;16;19;48;2;8;10;10m▁[38;2;9;10;8;48;2;5;7;8m▏[38;2;4;6;7;48;2;2;5;6m▝[38;2;18;20;18;48;2;6;9;11m▝[38;2;8;10;9;48;2;15;16;18m▄[38;2;16;19;19;48;2;9;11;12m▔[38;2;23;27;35;48;2;8;10;11m▔[38;2;27;32;37;48;2;8;9;11m▔[38;2;7;10;11;48;2;21;25;25m▆[38;2;8;11;7;48;2;2;4;5m▔[38;2;2;5;6m▕[38;2;7;10;13;48;2;2;4;6m▝[38;2;5;9;13;48;2;6;8;11m▕[38;2;4;7;9;48;2;5;7;11m▕[38;2;28;32;31;48;2;6;8;11m▄[38;2;17;23;27;48;2;9;11;14m▅[38;2;20;21;25;48;2;11;14;15m▝[38;2;13;14;17;48;2;7;8;10m▘[38;2;6;7;9;48;2;11;12;14m▅[38;2;10;11;13;48;2;6;7;9m▔[38;2;5;7;10;48;2;4;6;8m▕[38;2;3;5;7;48;2;5;7;9m▔[0m
[38;2;21;20;18;48;2;10;11;12m▗[38;2;8;10;12;48;2;7;8;10m▗[38;2;14;15;16;48;2;6;7;9m▁[38;2;9;10;13;48;2;5;8;10m▔[38;2;10;11;13;48;2;7;8;10m▝[38;2;7;10;12;48;2;10;14;18m▌[38;2;7;15;23;48;2;6;12;19m▁[38;2;6;12;16;48;2;4;8;12m▂[38;2;4;9;16m▂[38;2;7;14;24;48;2;5;11;17m▂[38;2;7;14;25;48;2;12;24;42m▊[38;2;13;27;47;48;2;12;23;39m▌[38;2;11;22;36;48;2;17;34;57m▋[38;2;13;26;43;48;2;23;42;70m▎[38;2;18;34;54;48;2;20;36;59m▝[38;2;21;38;62;48;2;24;43;72m▎[38;2;23;42;68;48;2;32;52;85m▆[38;2;26;46;75;48;2;32;54;89m▆[38;2;26;47;77;48;2;32;55;89m▆[38;2;24;45;75;48;2;28;49;82m▃[38;2;24;45;76;48;2;29;51;83m▃[38;2;24;45;75;48;2;30;52;85m▂[38;2;25;46;77;48;2;29;51;84m▂[38;2;26;46;77m▂[38;2;21;33;52;48;2;25;44;73m▕[38;2;19;30;47;48;2;15;20;31m▂[38;2;13;22;35;48;2;20;37;61m▌[38;2;15;29;46;48;2;25;46;75m▄[38;2;12;21;30;48;2;22;42;68m▆[38;2;15;31;50;48;2;11;22;36m▋[38;2;5;12;17;48;2;8;15;18m▔[38;2;5;13;20;48;2;4;12;17m▁[38;2;9;21;33;48;2;17;35;57m▎[38;2;17;31;51;48;2;22;43;71m▕[38;2;16;27;42;48;2;13;16;24m▏[38;2;10;19;31;48;2;17;35;59m▋[38;2;13;29;50;48;2;18;37;62m▔[38;2;13;29;51;48;2;18;37;61m▝[38;2;17;35;58;48;2;12;27;47m▄[38;2;15;31;52;48;2;13;22;33m▍[38;2;8;17;28;48;2;6;13;21m▂[38;2;15;33;54;48;2;11;25;43m▆[38;2;15;31;50;48;2;14;20;25m▋[38;2;13;17;20;48;2;6;12;17m▋[38;2;7;14;21;48;2;13;25;43m▍[38;2;7;13;17;48;2;5;10;14m▆[38;2;8;13;18;48;2;7;12;17m▗[38;2;8;14;17;48;2;6;11;15m▆[38;2;7;12;16;48;2;3;8;11m▊[38;2;2;7;10;48;2;4;10;13m▄[38;2;11;13;14;48;2;5;10;12m▕[38;2;10;13;15;48;2;7;10;11m▘[38;2;10;14;17;48;2;4;8;10m▔[38;2;5;10;12;48;2;14;16;16m▋[38;2;9;11;11;48;2;3;6;8m▏[38;2;1;4;6;48;2;6;11;14m▅[38;2;3;5;6;48;2;7;11;14m▅[38;2;1;3;4;48;2;7;10;12m▄[38;2;5;7;8;48;2;14;15;16m▏[38;2;10;12;11;48;2;2;6;7m▌[38;2;2;7;10;48;2;2;5;7m▗[38;2;3;6;8;48;2;1;4;5m▏[38;2;12;14;13;48;2;4;6;8m▝[38;2;10;13;13;48;2;8;11;11m▃[38;2;7;10;11;48;2;5;7;7m▅[38;2;10;12;14;48;2;7;9;10m▂[38;2;8;10;11;48;2;3;5;5m▍[38;2;24;28;34;48;2;3;6;7m▗[38;2;22;27;33m▅[38;2;14;18;21;48;2;7;10;14m▏[38;2;5;8;11;48;2;3;4;5m▅[38;2;20;23;19;48;2;3;6;8m▕[38;2;44;51;53;48;2;24;27;26m▏[38;2;17;20;21;48;2;5;6;6m▍[38;2;5;8;12;48;2;2;4;5m▕[38;2;7;9;11;48;2;4;7;8m▆[38;2;7;10;11m▃[38;2;4;6;8;48;2;6;9;12m▆[38;2;11;17;31;48;2;3;6;9m▔[38;2;13;21;37;48;2;3;6;10m▔[0m
[38;2;15;14;15;48;2;7;9;11m▕[38;2;16;14;14;48;2;8;12;14m▏[38;2;15;16;16;48;2;10;12;14m▔[38;2;7;13;21;48;2;6;11;14m▔[38;2;9;13;21;48;2;6;11;16m▔[38;2;8;16;27;48;2;7;14;21m▔[38;2;13;27;43;48;2;9;18;29m▔[38;2;10;20;32;48;2;6;14;22m▄[38;2;10;19;30;48;2;7;14;22m▖[38;2;10;20;33;48;2;9;18;28m▗[38;2;12;24;39;48;2;15;29;49m▋[38;2;18;34;56;48;2;12;24;41m▄[38;2;19;35;57;48;2;14;28;47m▅[38;2;18;32;51;48;2;18;35;57m▏[38;2;17;33;54;48;2;19;36;61m▝[38;2;23;42;70;48;2;20;38;63m▔[38;2;18;37;64;48;2;22;41;68m▃[38;2;22;40;68;48;2;22;40;67m▏[38;2;18;35;59;48;2;22;40;68m▃[48;2;21;40;68m▃[38;2;19;37;61;48;2;21;40;67m▃[38;2;20;38;64;48;2;23;43;71m▆[38;2;13;27;46;48;2;22;41;69m▃[38;2;10;19;30;48;2;18;34;56m▃[38;2;10;17;29;48;2;18;35;57m▃[38;2;14;24;41;48;2;12;18;30m▎[38;2;14;28;46;48;2;9;16;25m▝[38;2;23;42;68;48;2;11;20;31m▔[38;2;10;17;28;48;2;16;30;45m▅[38;2;8;16;26;48;2;16;30;47m▄[38;2;8;16;24;48;2;9;19;28m▆[38;2;11;19;31;48;2;7;16;24m▃[38;2;13;25;43;48;2;16;31;52m▌[38;2;18;34;57;48;2;13;21;34m▋[38;2;11;16;26;48;2;9;14;23m▁[38;2;11;24;42;48;2;18;36;62m▍[38;2;17;35;59;48;2;21;41;68m▂[38;2;19;38;62;48;2;19;39;66m▝[38;2;17;35;58;48;2;18;38;63m▔[38;2;16;35;59;48;2;12;25;42m▌[38;2;11;23;38;48;2;8;18;30m▕[38;2;13;28;47;48;2;18;36;61m▏[38;2;16;34;58;48;2;12;20;32m▋[38;2;12;19;27;48;2;7;15;22m▋[38;2;8;18;27;48;2;13;28;46m▍[38;2;8;15;22;48;2;7;12;17m▎[38;2;6;11;16;48;2;10;15;20m▆[38;2;10;16;20;48;2;6;12;16m▔[38;2;12;17;21;48;2;5;10;14m▔[38;2;2;6;10;48;2;4;10;12m▃[38;2;7;11;13;48;2;4;8;10m▘[38;2;8;10;13;48;2;4;6;9m▎[38;2;7;9;10;48;2;2;5;7m▏[38;2;2;5;7;48;2;9;11;11m▋[38;2;4;6;7;48;2;1;4;6m▎[38;2;0;4;8m▁ [38;2;1;4;7;48;2;0;4;6m▘[38;2;4;8;9;48;2;15;17;18m▎[38;2;13;15;16;48;2;3;8;9m▌[38;2;4;9;11;48;2;2;7;9m▕[38;2;0;5;8;48;2;1;7;9m▂[38;2;1;6;8;48;2;3;7;9m▎[38;2;8;11;12;48;2;2;6;8m▔[38;2;5;7;9;48;2;9;13;14m▁[38;2;6;9;11;48;2;11;14;16m▃[38;2;11;14;15;48;2;3;8;10m▏[38;2;13;16;20;48;2;15;19;23m▁[38;2;16;18;21;48;2;9;10;11m▍[38;2;5;6;6;48;2;3;3;4m▁[38;2;5;11;18;48;2;5;10;15m▁[38;2;32;40;49;48;2;7;12;17m▕[38;2;28;33;38;48;2;19;21;21m▏[38;2;13;14;12;48;2;4;5;5m▏[38;2;4;6;9;48;2;3;5;2m▏[38;2;10;15;19;48;2;5;10;14m▁[38;2;4;9;12;48;2;7;11;14m▄[38;2;4;7;10;48;2;6;10;13m▗[38;2;4;9;13;48;2;4;9;12m▗[38;2;4;9;15;48;2;4;9;13m▗[0m
[38;2;5;6;8;48;2;8;10;13m▄[38;2;5;11;15;48;2;6;8;10m▝[38;2;5;11;16;48;2;8;8;9m▎[38;2;5;10;13;48;2;10;16;22m▆[38;2;9;17;26;48;2;8;13;18m▁[38;2;11;22;39;48;2;7;14;21m▁[38;2;14;26;46;48;2;9;18;29m▁[38;2;11;23;39;48;2;8;14;20m▆[38;2;13;24;39;48;2;8;15;22m▆[38;2;13;23;39;48;2;7;14;21m▆[38;2;17;30;51;48;2;10;18;27m▆[38;2;11;19;30;48;2;18;31;50m▔[38;2;16;28;43;48;2;17;32;50m▕[38;2;17;30;47;48;2;18;35;58m▅[38;2;17;32;53;48;2;21;39;65m▅[38;2;18;35;57;48;2;22;41;68m▆[38;2;18;35;59;48;2;22;41;70m▆[38;2;19;38;65;48;2;18;36;61m▃[38;2;20;38;64;48;2;19;38;64m▕[38;2;18;35;61;48;2;22;42;72m▅[38;2;20;38;64;48;2;22;42;71m▅[38;2;18;36;60;48;2;21;40;66m▁[38;2;4;12;20;48;2;17;35;60m▁[38;2;9;20;35;48;2;19;37;62m▄[38;2;9;19;30;48;2;18;37;63m▄[38;2;9;17;29;48;2;17;35;59m▄[38;2;10;20;33;48;2;15;31;53m▄[38;2;9;18;30;48;2;15;30;52m▄[38;2;8;17;29;48;2;13;27;46m▄[38;2;6;15;26;48;2;12;23;38m▅[38;2;8;16;26;48;2;8;18;31m▊[38;2;8;16;27;48;2;10;20;32m▄[38;2;9;19;33;48;2;9;16;24m▅[38;2;8;17;30;48;2;9;15;24m▎[38;2;8;14;23;48;2;8;16;29m▊[38;2;13;27;46;48;2;9;19;33m▗[38;2;12;25;44;48;2;8;16;29m▄[38;2;14;30;51;48;2;11;22;38m▃[38;2;14;29;51;48;2;20;39;66m▅[38;2;14;30;50;48;2;10;21;36m▋[38;2;8;18;29;48;2;6;15;24m▕[38;2;4;14;24;48;2;12;26;45m▁[38;2;8;19;33;48;2;12;25;41m▅[38;2;4;12;19;48;2;10;18;27m▅[38;2;4;13;21;48;2;12;25;42m▅[38;2;7;14;22;48;2;4;10;15m▘[38;2;3;9;15;48;2;7;12;17m▆[48;2;4;10;15m [38;2;6;12;17;48;2;2;8;13m▔[38;2;2;8;13;48;2;2;6;10m▅[38;2;2;8;14;48;2;2;6;9m▄[38;2;5;10;14;48;2;3;6;9m▃[38;2;2;6;11;48;2;1;5;8m▃[38;2;2;7;11;48;2;6;10;12m▊[38;2;6;10;13;48;2;2;7;11m▏[38;2;4;8;12;48;2;1;6;11m▝[38;2;3;7;11;48;2;4;8;12m▏[38;2;1;4;9;48;2;5;10;13m▃[38;2;7;11;14;48;2;14;19;20m▃[38;2;17;21;22;48;2;7;12;14m▘[38;2;2;7;10;48;2;7;13;13m▄[38;2;1;6;10m▄[38;2;1;6;9;48;2;7;12;13m▄[38;2;3;8;11;48;2;14;15;16m▏[38;2;6;12;14;48;2;4;8;9m▅[38;2;5;7;7;48;2;12;15;17m▕[38;2;4;10;13;48;2;1;5;6m▆[38;2;8;10;10;48;2;11;13;15m▁[38;2;7;7;7;48;2;5;6;6m▖[38;2;5;11;18;48;2;3;3;3m▕[38;2;8;13;18;48;2;4;12;20m▕[38;2;5;12;19;48;2;20;22;25m▊[38;2;14;16;19;48;2;8;10;7m▌[38;2;4;5;3;48;2;2;2;2m▏[38;2;1;2;3;48;2;1;2;1m▂[38;2;8;9;11;48;2;5;10;15m▕[38;2;6;15;27;48;2;3;9;13m▂[38;2;8;19;34;48;2;3;8;13m▁[38;2;7;18;33;48;2;3;9;13m▂[38;2;7;18;34;48;2;3;10;14m▂[0m
[38;2;5;12;20;48;2;4;8;13m▁[38;2;6;14;24m▝[38;2;8;19;32;48;2;4;8;12m▏[38;2;8;16;24;48;2;9;19;33m▅[38;2;9;16;23;48;2;11;21;33m▆[38;2;11;20;32;48;2;13;24;41m▍[38;2;9;17;27;48;2;13;24;39m▝[38;2;12;22;38;48;2;15;29;47m▎[38;2;13;23;35;48;2;15;28;44m▝[38;2;13;23;36;48;2;14;27;45m▌[38;2;11;24;38;48;2;16;30;52m▁[38;2;12;23;37;48;2;17;33;56m▁[38;2;14;27;45;48;2;18;34;58m▂[38;2;13;25;42;48;2;17;32;53m▔[38;2;16;32;53;48;2;15;29;49m▆[38;2;14;28;48;48;2;15;30;54m▅[38;2;13;26;45;48;2;17;33;56m▆[38;2;13;26;44;48;2;18;34;58m▆[38;2;12;26;43;48;2;18;35;60m▆[38;2;11;25;42;48;2;17;34;58m▆[38;2;11;26;44;48;2;18;35;60m▆[38;2;12;27;46;48;2;18;36;59m▆[38;2;12;27;48;48;2;16;33;56m▆[38;2;13;28;49;48;2;14;30;52m▆[38;2;11;25;45;48;2;13;28;48m▔[38;2;5;13;20;48;2;12;26;46m▔[38;2;14;29;50;48;2;10;23;41m▃[38;2;14;28;48;48;2;15;30;51m▏[38;2;14;29;49;48;2;16;32;54m▄[38;2;9;21;39;48;2;14;29;50m▔[38;2;6;15;26;48;2;12;25;44m▔[38;2;12;25;43;48;2;6;15;26m▄[38;2;13;27;45;48;2;6;14;24m▃[38;2;12;25;42;48;2;5;12;20m▃[38;2;9;18;31;48;2;6;12;19m▃[38;2;8;16;29;48;2;7;14;23m▂[38;2;11;22;38;48;2;5;11;19m▔[38;2;14;28;49;48;2;4;11;19m▔[38;2;17;35;58;48;2;7;19;32m▔[38;2;11;25;44;48;2;5;15;26m▄[38;2;4;14;23;48;2;3;11;17m▏[38;2;7;19;32;48;2;4;14;22m▗[38;2;3;12;18;48;2;6;15;22m▁[38;2;5;12;17;48;2;4;11;17m▝[38;2;7;18;31;48;2;3;12;18m▝[38;2;3;10;15;48;2;6;14;21m▅[38;2;4;12;17;48;2;3;10;16m▏[38;2;3;9;15;48;2;1;7;13m▘[38;2;1;5;11;48;2;3;10;16m▆[38;2;1;8;13;48;2;1;5;10m▔[38;2;3;8;12m▁[38;2;4;7;11;48;2;3;7;12m▔[38;2;4;10;15;48;2;4;8;12m▗[38;2;8;15;20;48;2;4;9;12m▄[38;2;9;16;22;48;2;3;7;11m▃[38;2;8;15;22;48;2;1;6;11m▃[38;2;7;13;18;48;2;1;5;10m▃[38;2;8;14;18;48;2;2;8;13m▂[38;2;5;11;15;48;2;8;13;17m▎[38;2;8;12;16;48;2;5;10;14m▊[38;2;6;13;16;48;2;2;8;12m▁[38;2;6;12;15;48;2;2;9;13m▃[38;2;8;14;18;48;2;5;11;15m▁[38;2;10;11;12;48;2;6;8;9m▔[38;2;7;13;17;48;2;5;13;18m▁[38;2;8;12;14;48;2;4;4;4m▋[38;2;7;15;21;48;2;4;11;17m▁[38;2;7;15;23;48;2;7;7;7m▏[38;2;5;5;4;48;2;2;2;2m▎[38;2;2;3;3;48;2;3;11;19m▊[38;2;4;11;17;48;2;10;14;18m▊[38;2;5;11;20;48;2;6;9;14m▘[38;2;8;10;12;48;2;5;6;8m▘[38;2;1;4;6;48;2;1;1;1m▅[38;2;2;7;10;48;2;1;3;5m▁[38;2;3;12;20;48;2;3;8;11m▏[38;2;4;11;16;48;2;4;11;18m▁[38;2;6;12;16;48;2;5;12;19m▁[38;2;3;10;16;48;2;6;17;31m▄[48;2;7;20;37m▄[0m
[38;2;6;15;26;48;2;4;11;17m▂[38;2;4;10;17;48;2;8;20;36m▌[38;2;10;22;40;48;2;4;11;19m▕[38;2;9;18;30;48;2;10;23;40m▔[38;2;9;19;30;48;2;11;21;36m▕[38;2;11;25;43;48;2;10;23;40m▕[38;2;11;23;37;48;2;11;24;41m▝[38;2;10;22;38;48;2;13;25;43m▁[38;2;10;23;37;48;2;14;27;44m▂[38;2;11;21;33;48;2;13;25;41m▂[38;2;10;23;39;48;2;13;26;43m▃[38;2;13;26;45;48;2;12;22;35m▆[38;2;8;21;37;48;2;13;27;45m▂[38;2;9;22;37;48;2;13;27;47m▂[38;2;9;21;38m▂[38;2;9;22;39;48;2;13;28;48m▂[38;2;11;25;42;48;2;14;29;51m▄[38;2;12;25;43;48;2;14;30;52m▄[38;2;11;25;43;48;2;14;30;53m▄[38;2;10;23;40;48;2;13;29;50m▂▁[38;2;13;27;48;48;2;14;30;55m▆[38;2;14;29;52;48;2;12;27;46m▔[38;2;12;28;49;48;2;11;24;42m▄[38;2;13;29;50;48;2;10;23;40m▄[38;2;14;30;52;48;2;10;22;38m▄[38;2;14;29;50;48;2;11;23;39m▄[38;2;13;27;47;48;2;11;24;40m▄[38;2;15;30;52;48;2;11;25;43m▔[38;2;10;24;41;48;2;12;26;44m▕[38;2;12;24;41;48;2;5;15;25m▅[38;2;9;20;35;48;2;3;11;19m▄[38;2;5;14;24;48;2;2;9;16m▖[38;2;2;9;15;48;2;4;10;16m▆[38;2;2;10;17;48;2;2;9;14m▁[38;2;4;12;18;48;2;1;9;15m▔[38;2;2;10;16m▗[48;2;2;9;15m▏[38;2;3;12;18;48;2;1;8;14m▃[38;2;3;11;14;48;2;2;9;14m▁[38;2;1;8;14;48;2;0;7;13m▏[48;2;1;8;13m [38;2;1;9;16m▝[38;2;1;7;13;48;2;2;9;15m▄[38;2;1;8;14;48;2;3;11;18m▆[48;2;2;10;15m▅[38;2;1;6;11;48;2;2;9;16m▁[38;2;1;7;13;48;2;1;6;12m▘[38;2;0;5;10;48;2;1;7;12m▅[38;2;0;4;9;48;2;1;6;11m▅[38;2;1;6;11;48;2;1;8;14m▆[38;2;3;9;14;48;2;2;8;13m▔[38;2;2;8;14;48;2;1;6;10m▆[38;2;4;10;15;48;2;3;8;12m▅[38;2;4;10;16;48;2;2;8;13m▖[38;2;3;9;14;48;2;5;11;16m▅[38;2;2;9;15;48;2;9;15;20m▅[38;2;2;7;13;48;2;9;16;19m▅[38;2;4;8;12;48;2;10;15;18m▄[38;2;4;7;11m▄[38;2;1;6;10;48;2;8;14;18m▄[38;2;7;13;17;48;2;4;9;13m▕[38;2;7;12;17;48;2;5;10;13m▏[38;2;9;13;17;48;2;4;7;8m▔[38;2;5;11;17;48;2;5;10;12m▄[38;2;5;11;15;48;2;4;7;10m▏[38;2;5;12;18;48;2;4;9;13m▆[48;2;5;8;7m▏[38;2;3;6;9;48;2;1;3;2m▅[38;2;2;5;7;48;2;4;12;20m▊[38;2;4;13;21;48;2;3;9;17m▆[38;2;3;12;21;48;2;7;12;15m▋[38;2;6;12;13;48;2;4;9;12m▖[38;2;3;8;12;48;2;1;7;10m▏[38;2;2;8;13m▕[38;2;4;12;17;48;2;4;10;13m▋[38;2;5;13;19;48;2;4;11;17m▝[38;2;6;14;23m▝[38;2;2;9;14;48;2;6;15;23m▃[48;2;6;15;25m▃[0m
[?25h