[?25l[0m[38;2;1;1;3;48;2;1;1;3m  [38;2;1;1;4m▗▍[38;2;0;1;2;48;2;1;1;2m▏ [38;2;1;1;3m▕[38;2;1;1;2;48;2;1;1;3m▘[38;2;2;2;4m▕[38;2;3;3;6;48;2;3;3;5m▁[38;2;3;3;5;48;2;1;1;3m▝[38;2;1;1;2;48;2;3;3;5m▌[48;2;2;2;4m [38;2;3;3;5;48;2;2;2;3m▖[38;2;3;3;4m▖[38;2;2;2;3;48;2;2;1;3m▕[38;2;3;3;5;48;2;2;2;3m▗▁[38;2;1;1;2;48;2;1;0;1m▏ [38;2;1;1;1m▁[38;2;0;0;0;48;2;0;0;1m▌[38;2;0;0;1;48;2;0;0;0m▏[38;2;0;0;0;48;2;0;0;1m▝[48;2;1;0;1m▁[38;2;1;0;1;48;2;0;0;0m▗▃[38;2;0;0;1;48;2;1;0;1m▕[38;2;2;2;3;48;2;1;1;2m▖[38;2;3;3;5m▖[38;2;1;1;1;48;2;0;0;1m▁[38;2;1;1;2;48;2;1;0;1m▗[48;2;1;1;2m [38;2;2;2;4;48;2;1;1;1m▁[38;2;1;1;2m▃[38;2;4;3;5m▂[38;2;5;4;7;48;2;1;1;2m▄[38;2;1;1;1;48;2;4;4;6m▂[38;2;2;2;3m▆[48;2;1;1;2m▘[38;2;4;4;5m▝[38;2;2;2;3;48;2;5;5;7m▄[38;2;5;4;6;48;2;3;3;4m▗[38;2;6;5;7;48;2;2;1;3m▂[38;2;5;4;6;48;2;1;1;2m▁[38;2;1;1;1;48;2;1;0;1m▂[38;2;1;0;0m▁ [38;2;1;0;1;48;2;1;1;1m▝ [38;2;1;1;2m▂[38;2;2;1;3;48;2;0;0;1m▂[38;2;1;1;1;48;2;1;0;1m▅ [38;2;0;1;1;48;2;0;0;1m▖[38;2;1;0;1;48;2;0;0;0m▃[38;2;0;0;0;48;2;1;0;1m▔[38;2;0;0;1m▔ [38;2;1;1;1m▝[38;2;1;1;2;48;2;1;1;1m▁ ▁[38;2;1;0;1m▌[38;2;1;1;1;48;2;1;1;2m▌[38;2;5;4;7;48;2;2;2;3m▕[38;2;4;3;6;48;2;2;2;4m▃[38;2;4;4;7;48;2;2;1;3m▖[38;2;4;4;6;48;2;2;2;4m▂[38;2;2;2;4;48;2;2;1;3m▎[48;2;4;3;5m▍[38;2;1;1;3;48;2;1;0;1m▏[38;2;1;1;2m▔▝[48;2;1;1;2m [38;2;1;2;3;48;2;1;1;3m▂▏[38;2;0;1;2m▕ [38;2;1;2;3m▁[0m
[38;2;1;1;4;48;2;1;1;3m▎[38;2;0;1;3;48;2;1;1;4m▏[38;2;1;2;3m▕[48;2;1;1;3m  [48;2;1;1;2m [38;2;1;1;3m▅[48;2;2;2;3m▊[38;2;4;4;6;48;2;2;2;4m▕[38;2;4;4;7;48;2;5;5;8m▊[38;2;5;5;8;48;2;3;3;5m▖[38;2;6;6;9;48;2;5;4;7m▗[38;2;2;2;3;48;2;3;3;5m▏[38;2;4;4;6m▌[38;2;2;2;4;48;2;2;2;3m▎ [38;2;2;2;3;48;2;1;1;2m▂[38;2;3;3;5m▝[48;2;3;2;4m▘[48;2;2;2;3m [38;2;2;2;4;48;2;2;1;3m▏[38;2;3;2;3;48;2;1;1;2m▂[38;2;2;2;3;48;2;1;1;1m▃[38;2;1;1;2;48;2;1;0;1m▃▂[38;2;1;1;1m▏[38;2;1;0;2m▁[38;2;1;1;2;48;2;0;0;1m▃[38;2;3;3;5;48;2;2;1;2m▗[38;2;1;1;2;48;2;4;3;4m▏[38;2;2;2;3;48;2;2;1;2m▖[38;2;1;1;2;48;2;2;2;3m▌[38;2;3;2;4m▏▁[38;2;6;5;7m▂[38;2;5;3;5;48;2;4;3;5m▕[38;2;6;5;7;48;2;3;3;5m▂[38;2;8;6;8m▂[38;2;8;5;7;48;2;4;4;5m▂[38;2;4;3;4;48;2;3;3;5m▕[38;2;4;3;5;48;2;3;2;4m▕[38;2;3;2;4;48;2;11;9;12m▆[38;2;5;4;6;48;2;4;3;5m▏[38;2;3;2;4;48;2;2;2;3m▕[38;2;5;3;5;48;2;4;3;5m▕[38;2;5;4;6;48;2;2;2;3m▖[38;2;2;2;4;48;2;1;1;2m▁[38;2;2;1;2m▖[38;2;1;1;2;48;2;1;1;1m▁[48;2;1;1;2m [38;2;1;1;3m▅[48;2;2;1;3m▆[48;2;2;2;3m [38;2;3;3;4;48;2;1;1;2m▂▗[38;2;2;1;3;48;2;1;1;1m▃[38;2;2;2;3;48;2;1;0;1m▁[48;2;1;1;1m [48;2;1;0;1m [38;2;2;1;2;48;2;1;1;1m▔[38;2;1;1;1;48;2;1;0;1m▔[48;2;1;1;2m▊[38;2;2;1;3m▂[38;2;1;1;1;48;2;2;1;2m▔[48;2;2;1;3m [38;2;2;2;4;48;2;1;1;2m▗[38;2;2;2;3;48;2;5;4;7m▏[38;2;5;5;7;48;2;3;2;4m▆[38;2;6;6;9;48;2;4;4;6m▃[38;2;4;4;6;48;2;2;2;4m▖[38;2;5;4;7;48;2;4;3;6m▎[38;2;4;3;6;48;2;1;1;1m▎[38;2;1;0;1;48;2;0;0;1m▋[38;2;1;1;1;48;2;1;0;1m▗[48;2;1;1;1m [38;2;1;1;2;48;2;1;2;3m▍[48;2;1;1;3m ▕▅[38;2;1;1;3;48;2;1;1;2m▘[0m
[38;2;1;1;4;48;2;1;1;3m▎[48;2;1;2;4m▎[48;2;1;1;3m▌[38;2;1;2;4m▃▏[48;2;2;1;3m [48;2;2;2;3m [38;2;1;2;3m▕[38;2;9;9;13;48;2;4;4;6m▂[38;2;6;6;9;48;2;5;5;8m▃[38;2;5;4;7;48;2;8;8;11m▘[38;2;5;5;8;48;2;7;6;9m▋[38;2;9;9;13;48;2;5;5;8m▁[38;2;6;6;9;48;2;3;3;5m▏[38;2;3;3;5;48;2;2;2;4m▁[38;2;2;2;3m▝[48;2;3;3;5m▆[48;2;2;2;3m [38;2;3;3;5;48;2;1;1;2m▔[38;2;3;3;4;48;2;2;2;3m▘[48;2;2;2;4m▏[38;2;2;2;4;48;2;2;1;3m▕[38;2;3;3;4;48;2;2;2;3m▂[48;2;2;2;4m [48;2;3;3;4m [48;2;2;2;3m▏[38;2;4;4;5;48;2;2;1;2m▅[38;2;5;5;6;48;2;2;2;3m▁[38;2;2;2;4m▏[38;2;6;4;6;48;2;3;2;4m▗[38;2;10;7;9;48;2;5;4;6m▁[38;2;12;7;11;48;2;4;3;5m▄[38;2;14;7;10m▂[38;2;12;6;9;48;2;7;5;7m▃[38;2;14;8;11;48;2;6;5;7m▆[38;2;15;8;12;48;2;6;4;6m▆[38;2;14;9;12;48;2;10;6;9m▃[38;2;13;8;11;48;2;7;5;7m▖[38;2;9;6;8m▘[38;2;12;7;10;48;2;10;6;8m▕[38;2;15;9;12;48;2;7;4;7m▂[48;2;7;5;8m [38;2;5;3;5;48;2;8;4;7m▔[48;2;8;5;7m [38;2;10;7;10;48;2;6;4;6m▁[38;2;11;6;9;48;2;7;5;7m▌[38;2;12;7;9;48;2;6;5;7m▃[38;2;8;6;8;48;2;3;3;4m▖[38;2;4;3;5;48;2;2;2;3m▂[38;2;3;3;5m▂▂[38;2;4;3;5m▄[38;2;3;3;5m▖[38;2;6;4;7;48;2;3;3;4m▁[38;2;5;4;6;48;2;2;2;4m▖[38;2;3;3;5;48;2;2;2;3m▂[48;2;2;1;3m [38;2;2;3;4;48;2;1;1;2m▂[38;2;2;2;3;48;2;1;1;1m▁[38;2;2;1;2m▗[38;2;2;2;3;48;2;1;1;2m▗[48;2;2;1;3m▏[48;2;2;2;3m [38;2;3;2;3m▏  [38;2;6;6;9;48;2;4;4;6m▔[38;2;7;7;10;48;2;5;5;7m▗[38;2;8;8;12;48;2;7;7;10m▎[38;2;6;6;9;48;2;4;4;6m▌[38;2;6;5;9;48;2;4;4;7m▕[38;2;6;4;8;48;2;3;2;5m▖[38;2;1;1;1;48;2;0;0;1m▕[48;2;1;1;1m [38;2;1;1;2m▌[38;2;2;1;3;48;2;1;1;2m▂[48;2;1;1;3m [38;2;1;1;2m▔[38;2;1;2;3;48;2;1;1;2m▕[48;2;1;1;3m [0m
[38;2;1;1;3;48;2;1;1;3m [48;2;2;2;4m [38;2;3;2;5m▖[48;2;2;2;3m [38;2;1;1;3m▍[38;2;2;2;3;48;2;2;2;4m▔[38;2;3;3;4m▁[38;2;7;7;10;48;2;3;4;6m▕[38;2;7;8;11;48;2;5;5;8m▂[38;2;7;7;11;48;2;6;6;9m▁[38;2;10;10;14;48;2;7;8;11m▔[38;2;9;9;12;48;2;10;11;15m▋[38;2;10;11;14;48;2;8;8;12m▁[38;2;6;6;9;48;2;2;2;4m▏[38;2;3;3;4m▝[38;2;2;3;5m▃▆[38;2;3;4;6m▁[38;2;2;2;4;48;2;2;2;3m▖[38;2;3;3;4m▁[48;2;3;2;3m▔[38;2;3;2;4;48;2;4;4;7m▊[38;2;5;4;7;48;2;3;3;4m▁[38;2;4;5;7;48;2;2;2;3m▃[38;2;5;5;8m▁[38;2;1;1;3;48;2;3;3;4m▅[38;2;3;3;4;48;2;2;2;4m▕[38;2;4;3;5;48;2;3;3;4m▖[38;2;8;5;8;48;2;4;3;5m▗[38;2;7;4;6;48;2;4;3;4m▁[48;2;13;7;10m▆[38;2;15;8;11;48;2;11;6;8m▝[38;2;17;8;11;48;2;13;7;10m▘[38;2;19;8;11;48;2;18;8;11m▏[38;2;26;11;15;48;2;17;9;12m▗[38;2;23;11;15;48;2;15;8;12m▅[38;2;31;14;17m▃[38;2;27;12;16;48;2;12;7;10m▂[38;2;27;12;15;48;2;15;8;11m▂[38;2;33;13;16;48;2;18;9;13m▂[38;2;32;14;17;48;2;16;9;12m▁[38;2;16;9;12;48;2;15;8;11m▔[38;2;23;10;14;48;2;13;7;9m▁[38;2;25;11;15;48;2;17;8;11m▂[38;2;15;8;12;48;2;14;8;11m▏[38;2;17;8;11;48;2;12;7;10m▂[38;2;15;7;9;48;2;10;6;8m▏[38;2;6;4;6;48;2;9;5;7m▄[38;2;7;4;7;48;2;5;3;5m▎[38;2;6;5;7;48;2;3;2;4m▁[38;2;6;4;7;48;2;4;3;4m▂[38;2;5;4;6;48;2;3;3;4m▔[38;2;7;5;7m▁[48;2;4;3;5m [38;2;3;3;4;48;2;3;2;4m▏[38;2;5;5;7;48;2;2;2;3m▁[38;2;5;5;8;48;2;3;3;4m▃[38;2;6;5;8;48;2;4;3;5m▖[38;2;5;4;7;48;2;3;2;3m▘[38;2;3;2;4;48;2;2;1;3m▕[38;2;3;3;5;48;2;2;2;4m▂[38;2;4;3;5;48;2;3;3;4m▃[38;2;3;3;6;48;2;2;2;4m▖[38;2;2;2;4;48;2;2;2;3m▆▎[38;2;1;2;3m▝[38;2;8;8;12;48;2;1;2;3m▕[38;2;9;9;13;48;2;7;7;11m▏[38;2;7;7;10;48;2;6;7;10m▖[38;2;6;6;9;48;2;4;4;7m▌[48;2;5;5;8m▖[38;2;6;5;9m▖[38;2;2;2;4;48;2;1;0;1m▏[38;2;1;1;1;48;2;1;1;2m▋[38;2;2;1;2m▔[38;2;1;1;2;48;2;2;1;3m▃[48;2;1;1;3m ▆▖▄[0m
[38;2;1;1;3;48;2;2;2;4m▋[48;2;3;3;5m [38;2;2;2;4;48;2;3;2;5m▝[38;2;2;2;5;48;2;2;2;4m▁ ▋[38;2;2;3;5m▖[38;2;10;10;14;48;2;6;6;9m▖[38;2;8;8;11;48;2;4;4;7m▊[38;2;6;6;9;48;2;8;8;12m▏[38;2;7;7;10;48;2;10;10;14m▋[38;2;9;9;13;48;2;7;6;10m▏[38;2;2;2;4;48;2;6;6;9m▕[48;2;2;3;5m▏[38;2;3;3;5m▝▖ [38;2;6;7;9;48;2;3;3;5m▁ [38;2;2;1;3m▕[38;2;1;2;3;48;2;2;2;3m▏[38;2;3;3;4m▁[38;2;3;3;5m▁[38;2;8;6;9;48;2;4;3;4m▔[38;2;3;2;4;48;2;6;5;7m▅[38;2;6;6;9;48;2;6;4;6m▘[38;2;6;5;8;48;2;4;3;5m▗[38;2;9;7;10;48;2;3;3;4m▃[38;2;9;8;11;48;2;4;3;5m▂[38;2;12;12;15;48;2;6;4;6m▁[38;2;8;5;6;48;2;4;3;5m▔[38;2;5;4;5;48;2;9;5;7m▆[38;2;16;7;9;48;2;8;5;6m▁[38;2;9;5;7;48;2;17;7;10m▆[38;2;27;10;14;48;2;13;7;9m▔[38;2;16;7;10;48;2;28;10;13m▆[38;2;12;6;9;48;2;29;11;14m▃[38;2;35;14;18;48;2;31;11;15m▔[38;2;30;12;15;48;2;33;12;16m▔[38;2;51;16;19;48;2;39;15;19m▘[38;2;46;16;19;48;2;38;14;17m▘[38;2;35;13;16;48;2;32;12;16m▕[38;2;32;11;15;48;2;23;10;13m▎[38;2;17;8;10;48;2;18;8;11m▊[38;2;26;11;15;48;2;12;6;9m▔[48;2;10;6;8m [38;2;7;5;7;48;2;14;7;10m▆[38;2;9;5;8;48;2;6;4;6m▁[38;2;7;4;7m▏[38;2;7;6;9;48;2;4;3;5m▁[38;2;9;7;9;48;2;4;3;4m▂[38;2;7;7;10;48;2;5;4;6m▁[38;2;7;6;9;48;2;4;4;5m▂[38;2;3;2;3;48;2;6;5;7m▁[38;2;5;3;4;48;2;6;6;8m▃[38;2;3;2;4;48;2;5;5;8m▅[38;2;6;6;9;48;2;3;2;4m▔[38;2;3;3;4;48;2;3;2;3m▁[38;2;2;2;4m▄[38;2;3;2;4;48;2;2;2;3m▔[38;2;7;5;8;48;2;4;4;6m▁[38;2;6;5;9m▕[38;2;5;5;8;48;2;4;3;6m▏[48;2;3;3;5m [38;2;3;3;4;48;2;2;2;3m▌[48;2;2;2;4m  [38;2;9;9;12;48;2;9;9;13m▏[38;2;12;12;17;48;2;9;8;12m▕[38;2;4;4;7;48;2;7;7;11m▕[38;2;7;7;10;48;2;5;5;7m▎[38;2;8;8;12;48;2;5;5;8m▎[38;2;4;4;7;48;2;1;1;2m▍[38;2;1;1;2;48;2;1;0;1m▅[38;2;1;1;1;48;2;1;1;2m▌[38;2;2;2;3m▂[48;2;2;1;3m [38;2;2;1;3;48;2;1;1;2m▗[38;2;2;1;2;48;2;1;1;3m▌[48;2;1;1;2m [0m
[38;2;5;3;6;48;2;3;3;5m▂[38;2;6;4;7;48;2;4;3;6m▂[38;2;5;4;7m▏[38;2;4;3;5;48;2;2;2;4m▎ [38;2;3;3;5m▊[38;2;7;7;10;48;2;2;2;5m▕[38;2;9;9;13;48;2;6;6;9m▝[38;2;6;7;10m▕[38;2;11;11;15;48;2;7;7;10m▖[38;2;9;9;13;48;2;6;6;9m▖[38;2;10;10;14m▗[38;2;7;7;11;48;2;2;2;5m▖[38;2;3;3;6m▔[38;2;2;3;5;48;2;3;3;5m▌▋[38;2;6;7;10;48;2;2;3;5m▕[48;2;6;6;9m [38;2;7;7;10;48;2;5;4;7m▖[38;2;5;5;7;48;2;2;3;5m▏[48;2;2;2;4m  [38;2;2;2;4;48;2;2;3;4m▁[48;2;3;3;5m [38;2;4;4;6;48;2;3;3;4m▂[48;2;3;2;4m [38;2;4;2;4m▘[38;2;4;3;4;48;2;3;3;4m▔[38;2;12;10;14;48;2;4;3;5m▔[38;2;4;3;5;48;2;8;7;11m▆[38;2;9;6;8;48;2;7;5;7m▏[38;2;12;9;13;48;2;8;5;7m▘[38;2;13;9;13;48;2;7;5;7m▝[38;2;11;6;8;48;2;8;6;8m▔[38;2;13;6;8;48;2;11;7;11m▔[38;2;14;8;11;48;2;14;8;12m▕[38;2;15;9;13;48;2;14;9;12m▕[38;2;21;13;18;48;2;12;7;10m▄[38;2;22;15;20;48;2;16;10;14m▂[38;2;25;16;22;48;2;20;12;16m▖[38;2;28;16;22;48;2;21;13;17m▗[38;2;28;15;20;48;2;22;11;15m▗[38;2;24;13;18;48;2;19;10;13m▖[38;2;16;9;12;48;2;19;8;10m▆[38;2;10;5;8;48;2;15;9;11m▁[38;2;14;8;10;48;2;13;8;11m▕[38;2;14;8;11;48;2;10;7;9m▝[38;2;10;8;11;48;2;8;5;8m▝[38;2;8;4;6;48;2;11;7;10m▄[38;2;12;8;10;48;2;7;5;7m▔[38;2;4;3;5;48;2;8;7;10m▆[38;2;8;7;10;48;2;4;3;5m▔[38;2;6;3;4m▔[38;2;3;3;4;48;2;5;2;4m▆[38;2;6;5;7;48;2;4;3;5m▗[38;2;5;4;6m▖[38;2;5;5;7;48;2;3;3;5m▂[38;2;3;3;4m▄[38;2;3;3;5;48;2;2;2;4m▌[38;2;2;3;5m▂[38;2;6;5;7;48;2;5;6;8m▔[38;2;3;3;4;48;2;5;5;8m▍[38;2;9;9;12;48;2;5;5;7m▏[38;2;3;3;5;48;2;2;3;4m▝[48;2;3;3;5m [38;2;2;2;4;48;2;2;3;5m▝[38;2;2;3;5;48;2;2;2;4m▅[38;2;3;3;4;48;2;8;8;11m▁[38;2;6;2;4;48;2;8;7;11m▃[38;2;7;8;11;48;2;3;2;4m▔[38;2;6;6;9;48;2;3;3;5m▞[38;2;7;7;10;48;2;5;4;7m▌[38;2;5;5;8;48;2;2;2;4m▌[48;2;2;1;2m  [38;2;2;2;3;48;2;3;1;3m▊[38;2;3;2;4;48;2;2;1;3m▂[48;2;2;2;3m▁[38;2;4;2;4;48;2;3;2;3m▁[38;2;3;2;4;48;2;2;1;3m▃[0m
[38;2;10;6;10;48;2;7;4;8m▄[38;2;9;6;9;48;2;8;5;8m▂[38;2;7;5;7;48;2;6;4;6m▁[38;2;4;3;6;48;2;3;2;5m▁[48;2;2;2;4m [38;2;2;3;5;48;2;3;2;5m▕[38;2;2;2;4;48;2;6;6;9m▊[38;2;6;6;9;48;2;10;9;13m▌[38;2;10;10;14;48;2;6;6;9m▕[38;2;8;8;11m▁[48;2;8;8;12m [38;2;14;13;18;48;2;10;9;14m▕[38;2;12;11;16;48;2;3;3;6m▏[38;2;2;3;6;48;2;2;3;5m▁[38;2;3;3;6;48;2;3;3;5m▕[38;2;3;3;5;48;2;3;3;6m▂[38;2;11;11;15;48;2;3;3;5m▗[38;2;12;12;16;48;2;8;8;12m▏[38;2;10;11;15;48;2;7;7;10m▏[38;2;6;6;8;48;2;2;2;4m▏ [38;2;3;2;5;48;2;2;3;4m▁[48;2;3;3;5m [38;2;8;8;11;48;2;5;4;7m▕[38;2;10;6;10;48;2;6;6;8m▕[38;2;8;5;7;48;2;2;3;4m▏[38;2;3;3;5;48;2;2;2;4m▂[38;2;3;4;6;48;2;3;3;5m▗[38;2;4;4;6;48;2;4;3;5m▗[38;2;6;4;6m▁[38;2;5;3;5m▏[38;2;5;5;8;48;2;5;3;6m▗[38;2;7;6;8;48;2;5;4;6m▂[38;2;8;6;9;48;2;7;5;8m▁[38;2;10;6;8;48;2;8;6;8m▏[38;2;9;8;11m▂[38;2;9;9;13;48;2;9;7;10m▂[38;2;11;10;14;48;2;10;7;10m▄[38;2;13;11;15;48;2;12;9;13m▖ [38;2;9;8;11;48;2;13;10;14m▂[38;2;15;9;13m▁[38;2;13;8;11;48;2;10;8;12m▘[38;2;10;9;12;48;2;10;8;11m▁[38;2;10;8;10;48;2;8;7;9m▎[38;2;8;7;10;48;2;9;6;9m▁[38;2;9;8;11;48;2;7;6;9m▖[48;2;6;6;8m [38;2;6;5;7;48;2;5;4;6m▄[38;2;8;4;6;48;2;6;4;6m▔[38;2;8;5;8;48;2;6;5;7m▏[38;2;7;5;8;48;2;6;4;6m▂[48;2;4;4;6m [48;2;4;4;5m [38;2;10;8;11m▕[38;2;7;6;9;48;2;5;5;7m▆[38;2;6;6;9;48;2;6;5;7m▖[48;2;3;3;5m  [38;2;3;3;5;48;2;2;3;4m▂[38;2;8;8;11;48;2;4;4;6m▕[38;2;15;13;18;48;2;7;7;10m▕[38;2;8;8;11;48;2;6;6;9m▄[48;2;3;3;5m▏ [38;2;4;3;5m▁ [38;2;2;2;4m▝[48;2;6;5;8m▏[38;2;9;8;12;48;2;8;7;10m▂[38;2;7;7;11;48;2;5;5;7m▗[38;2;6;5;8;48;2;4;3;6m▊[38;2;7;5;9;48;2;6;6;9m▏[38;2;4;3;6;48;2;3;2;3m▏[38;2;3;1;3;48;2;2;2;3m▘[48;2;3;2;4m [38;2;5;2;5;48;2;4;2;5m▁[48;2;5;3;5m [38;2;5;3;5;48;2;5;2;4m▕[38;2;6;3;5;48;2;4;2;4m▖[0m
[38;2;17;9;13;48;2;13;8;12m▗[38;2;17;8;13;48;2;12;7;11m▃[38;2;12;7;10;48;2;8;5;8m▅[38;2;4;3;6;48;2;3;3;5m▔  [38;2;8;8;11;48;2;5;5;8m▕[48;2;9;8;12m [38;2;7;6;9;48;2;11;11;15m▊[38;2;9;8;12;48;2;5;4;6m▝[38;2;7;3;6;48;2;10;9;13m▅[38;2;10;10;14;48;2;6;4;7m▔[38;2;5;4;7;48;2;3;3;5m▅[48;2;4;3;6m [38;2;3;3;6m▝[38;2;5;3;5;48;2;4;3;5m▁[38;2;15;14;19;48;2;7;7;10m▕[38;2;13;13;17;48;2;9;8;12m▔[38;2;9;9;12;48;2;8;7;11m▔[38;2;4;3;6;48;2;3;3;5m▖ ▕[38;2;10;10;14;48;2;4;4;6m▕[38;2;9;8;12;48;2;5;5;7m▆[38;2;12;10;14;48;2;8;7;11m▏[38;2;3;3;4;48;2;4;3;5m▋[48;2;4;4;5m [38;2;6;5;8;48;2;4;4;6m▕[38;2;9;7;11;48;2;5;5;7m▅[38;2;9;8;11;48;2;8;6;8m▏[38;2;4;4;6;48;2;5;4;8m▘[38;2;5;4;7;48;2;5;5;8m▍[38;2;7;6;10;48;2;8;6;9m▁[38;2;12;8;11;48;2;9;7;10m▕[38;2;8;6;9;48;2;10;7;10m▕[38;2;10;8;12;48;2;8;7;11m▗[38;2;10;8;13;48;2;9;9;13m▕[38;2;12;10;14;48;2;10;8;11m▏[38;2;11;8;11;48;2;8;7;10m▔[38;2;8;7;10;48;2;8;8;11m▏[48;2;8;7;10m [48;2;10;8;12m▆[38;2;11;8;12;48;2;9;8;12m▗[38;2;11;9;12;48;2;10;9;13m▔[38;2;9;8;11;48;2;8;7;10m▋[38;2;9;7;11;48;2;9;7;10m▕[38;2;10;8;12;48;2;9;7;11m▁[38;2;9;7;11;48;2;7;6;9m▂[38;2;7;6;8;48;2;6;5;8m▏[38;2;5;5;8;48;2;5;5;7m▎[38;2;10;9;13;48;2;8;5;8m▗[48;2;7;6;9m▗[38;2;4;3;5;48;2;5;4;7m▍[38;2;5;4;6;48;2;4;4;6m▁[38;2;4;4;5m▔[38;2;14;11;16;48;2;11;8;12m▁[38;2;12;11;15;48;2;9;8;12m▂[38;2;9;9;12;48;2;3;3;5m▏[38;2;5;4;6;48;2;4;3;6m▖[38;2;4;4;6;48;2;3;3;5m▅[38;2;13;11;16;48;2;4;4;6m▕[38;2;7;6;10;48;2;11;11;15m▊[38;2;15;14;19;48;2;11;9;13m▗[38;2;9;9;13;48;2;4;3;5m▎[38;2;4;3;5;48;2;4;4;6m▊[38;2;5;4;6;48;2;4;3;5m▖▂[38;2;9;8;11;48;2;5;4;6m▕[38;2;14;14;19;48;2;8;7;10m▗[38;2;12;12;17;48;2;8;7;11m▏[38;2;2;2;4;48;2;7;6;10m▊[38;2;5;4;7;48;2;7;6;9m▍[38;2;6;5;8;48;2;5;4;7m▌[38;2;7;6;9;48;2;4;2;4m▍[38;2;2;2;3;48;2;3;2;4m▔[38;2;4;2;4m▂[38;2;5;2;4;48;2;7;3;6m▋[38;2;11;5;8m▗[38;2;10;4;7m▄[38;2;9;4;6m▖[0m
[38;2;23;11;17;48;2;17;9;14m▅[38;2;25;11;16;48;2;19;9;14m▁[38;2;14;7;11;48;2;5;4;6m▘[38;2;4;4;6;48;2;4;3;5m▎[38;2;4;3;5;48;2;3;3;5m▁[38;2;3;3;5;48;2;2;2;4m▊[38;2;4;4;6;48;2;10;9;12m▍[38;2;11;10;14;48;2;9;8;12m▝[38;2;12;10;14;48;2;11;8;13m▖[38;2;13;9;14;48;2;8;4;7m▖[38;2;7;5;8;48;2;8;5;8m▕[48;2;6;4;8m▆[48;2;6;4;7m▖[38;2;5;4;6m▗[38;2;5;4;7;48;2;5;3;6m▌[38;2;5;4;6;48;2;4;3;6m▄[38;2;4;3;5;48;2;11;10;14m▏[38;2;13;11;15;48;2;10;7;11m▏[38;2;5;4;6;48;2;10;9;13m▕[38;2;7;4;7;48;2;5;3;6m▖[38;2;6;3;6;48;2;4;3;5m▂[38;2;5;4;5m▁[38;2;5;4;6;48;2;11;10;14m▊[38;2;18;12;17;48;2;13;10;14m▕[38;2;9;7;12;48;2;7;6;9m▖[38;2;5;4;6;48;2;4;3;5m▃[38;2;5;4;7;48;2;5;3;6m▔[38;2;13;10;13;48;2;5;3;5m▕[38;2;7;6;9;48;2;11;10;14m▕[38;2;20;18;23;48;2;13;9;13m▎[38;2;7;5;8;48;2;6;5;8m▕[38;2;6;5;7;48;2;7;5;8m▗[48;2;10;8;11m▏[38;2;13;7;11;48;2;11;7;11m▕[38;2;12;7;10;48;2;9;7;10m▖[38;2;11;9;13;48;2;9;7;11m▗[38;2;11;7;11;48;2;12;9;13m▕[38;2;10;7;10;48;2;8;7;10m▏[48;2;8;7;11m [38;2;8;7;10;48;2;10;9;13m▏▕[48;2;8;7;11m [38;2;10;7;11;48;2;8;8;11m▕[38;2;11;7;12;48;2;13;10;14m▕[38;2;12;8;12;48;2;10;7;10m▏[38;2;12;7;10;48;2;11;7;11m▗[48;2;12;8;12m [38;2;12;9;13;48;2;10;8;12m▖[38;2;12;6;10;48;2;7;5;8m▁[48;2;6;5;8m [38;2;16;11;15;48;2;12;10;14m▕[38;2;11;10;14;48;2;13;11;16m▝[38;2;7;4;7;48;2;6;4;6m▝[48;2;7;4;6m▕[38;2;8;5;7;48;2;6;4;6m▁[38;2;8;7;10;48;2;15;13;18m▊[38;2;11;9;14;48;2;12;9;13m▍[38;2;13;11;16;48;2;5;4;6m▎[38;2;5;4;6;48;2;6;4;6m▝[38;2;8;4;8m▂[38;2;9;8;11;48;2;5;4;6m▕[38;2;12;10;14;48;2;5;5;7m▊[38;2;11;8;12;48;2;13;10;15m▗[38;2;11;9;14;48;2;6;5;8m▖[38;2;6;4;6;48;2;5;3;5m▄[38;2;6;3;6;48;2;5;4;6m▅[38;2;7;4;6;48;2;6;3;6m▂[48;2;11;10;14m▏[38;2;14;10;15;48;2;11;9;14m▁[38;2;10;10;14;48;2;8;7;10m▔[38;2;4;4;6;48;2;4;2;4m▕[38;2;9;7;10;48;2;7;6;9m▁[38;2;5;4;6;48;2;7;5;9m▎[38;2;7;6;9;48;2;4;2;4m▌[38;2;3;2;3m▏[38;2;4;3;4m▕[38;2;8;4;6m▕[38;2;9;4;7;48;2;12;5;8m▏[38;2;12;5;9;48;2;11;4;7m▄[48;2;11;5;8m [0m
[38;2;31;13;20;48;2;25;11;18m▗[38;2;12;6;9;48;2;26;12;18m▕[38;2;5;3;6;48;2;4;3;5m▂[38;2;4;3;6m▏[38;2;5;3;6m▗[38;2;3;2;4;48;2;4;2;4m▝[38;2;4;4;6;48;2;12;8;12m▎[38;2;13;10;15;48;2;11;8;12m▕[38;2;16;11;16m▃[38;2;13;9;13;48;2;17;11;17m▊[38;2;14;7;11;48;2;12;6;10m▗[38;2;15;6;10;48;2;10;6;9m▁[38;2;11;6;9;48;2;8;5;7m▃[38;2;10;5;7;48;2;8;4;7m▂[38;2;8;4;7;48;2;7;4;7m▏[48;2;7;4;6m [38;2;18;11;16;48;2;14;10;14m▂[38;2;13;9;13;48;2;6;5;8m▊[48;2;10;6;10m▍[38;2;11;5;8;48;2;9;5;7m▂[38;2;9;4;7;48;2;6;4;6m▌[38;2;8;4;6;48;2;5;3;5m▂[38;2;6;3;6;48;2;14;11;16m▋[38;2;19;12;17;48;2;13;9;14m▎[38;2;14;11;16;48;2;11;7;11m▖[38;2;10;5;8;48;2;7;4;6m▃[38;2;10;4;7m▖[38;2;15;10;14;48;2;8;4;6m▕[38;2;16;12;17;48;2;22;16;22m▊[38;2;24;14;20;48;2;16;11;16m▁[38;2;11;6;9;48;2;8;5;8m▂[38;2;10;5;8;48;2;8;5;7m▄[38;2;15;9;13;48;2;12;7;10m▕[38;2;21;10;14;48;2;15;8;12m▖[38;2;12;7;10;48;2;15;7;11m▝[38;2;18;10;15;48;2;12;8;12m▕[38;2;8;6;9;48;2;16;9;14m▕[38;2;10;7;11;48;2;8;7;11m▄[38;2;13;7;11;48;2;10;7;11m▁[38;2;15;10;15;48;2;12;9;14m▕[38;2;17;10;14;48;2;11;9;13m▁[38;2;10;6;10;48;2;8;7;10m▃▂[38;2;9;6;10;48;2;15;9;14m▏[38;2;13;8;13;48;2;12;6;10m▍[38;2;13;6;11m▁[38;2;19;9;13;48;2;15;8;12m▗[38;2;19;8;12;48;2;14;8;12m▁[38;2;15;9;13;48;2;10;5;8m▏[38;2;11;5;8;48;2;8;5;8m▖[38;2;20;12;17;48;2;14;11;15m▕[38;2;20;18;24;48;2;17;13;19m▕[38;2;9;8;11;48;2;7;4;6m▏[38;2;17;5;8;48;2;10;4;7m▖[38;2;10;5;8;48;2;7;4;6m▋[38;2;18;10;15;48;2;10;7;10m▕[38;2;18;12;17;48;2;14;10;14m▏[38;2;15;10;15;48;2;8;4;6m▍[38;2;9;4;7;48;2;7;4;6m▃[38;2;12;5;9;48;2;10;5;8m▃[38;2;13;6;9;48;2;9;5;8m▁[38;2;11;7;10;48;2;14;10;15m▕[38;2;10;7;11;48;2;15;10;15m▏[38;2;14;10;15;48;2;7;4;6m▋[38;2;7;4;6;48;2;6;4;6m▗[38;2;12;4;7;48;2;8;4;7m▗[38;2;18;7;10;48;2;10;5;7m▂[38;2;12;9;13;48;2;16;13;17m▕[38;2;13;10;15;48;2;9;8;12m▁[38;2;11;9;14;48;2;5;3;5m▎[38;2;8;4;6m▂[38;2;13;7;11;48;2;10;6;10m▖[38;2;6;4;7;48;2;9;6;9m▍[38;2;8;5;9;48;2;5;3;5m▍[48;2;4;2;4m [38;2;5;3;5m▁[38;2;6;3;6;48;2;5;2;5m▖[38;2;8;4;6;48;2;18;7;11m▏[38;2;20;7;10;48;2;16;6;10m▁[38;2;16;6;9;48;2;13;5;8m▁[0m
[38;2;7;5;9;48;2;22;10;17m▆[38;2;14;8;14;48;2;33;12;18m▖[38;2;17;7;10;48;2;5;4;7m▏[38;2;5;4;6;48;2;4;3;5m▎[48;2;5;3;5m▁[38;2;3;3;4;48;2;6;3;6m▘[38;2;7;4;7;48;2;11;7;11m▏[38;2;14;9;13m▘[38;2;11;7;11;48;2;16;12;17m▆[38;2;21;10;15;48;2;16;9;13m▔[38;2;22;11;17;48;2;18;9;14m▗[38;2;22;8;13;48;2;16;7;11m▂[38;2;17;6;10;48;2;14;7;10m▃[38;2;15;6;10;48;2;11;5;7m▊[38;2;13;4;7;48;2;9;4;6m▄[38;2;10;4;7m▏[38;2;26;10;14;48;2;18;10;15m▗[38;2;17;9;13;48;2;8;4;7m▊[38;2;11;8;12;48;2;14;7;11m▏[38;2;19;6;10;48;2;15;6;9m▕[38;2;17;6;10;48;2;11;5;8m▖[38;2;13;4;7;48;2;9;4;6m▃[38;2;12;6;9;48;2;23;10;14m▋[38;2;25;9;13;48;2;17;9;14m▁[38;2;10;5;8;48;2;18;8;12m▕[38;2;14;5;9;48;2;12;5;8m▁[38;2;15;5;8;48;2;11;4;7m▂[38;2;13;11;15;48;2;10;4;7m▕[38;2;25;12;19;48;2;18;12;18m▁[38;2;29;14;20;48;2;20;12;18m▗[38;2;18;7;11;48;2;13;5;9m▂[38;2;16;5;9m▁[38;2;28;10;15;48;2;21;9;14m▕[38;2;31;10;15;48;2;25;10;14m▗[38;2;19;7;11;48;2;17;7;12m▕[38;2;29;11;16;48;2;16;8;13m▗[38;2;31;12;18;48;2;22;9;14m▖[38;2;20;7;12;48;2;14;7;11m▁[38;2;19;9;13;48;2;16;7;12m▏[38;2;24;11;17;48;2;17;11;15m▂[38;2;26;12;18;48;2;19;10;15m▏[38;2;20;7;11;48;2;15;7;11m▁[38;2;17;6;11;48;2;12;6;10m▖[38;2;39;12;17;48;2;23;10;14m▂[38;2;30;10;13;48;2;18;8;12m▁[38;2;20;8;12;48;2;14;6;11m▅[38;2;33;11;15;48;2;20;8;13m▕[38;2;38;10;15;48;2;22;8;13m▁[38;2;22;9;13;48;2;13;5;8m▎[38;2;17;6;9;48;2;12;5;9m▖[38;2;32;16;22;48;2;21;12;18m▁[38;2;17;11;16;48;2;21;16;22m▋[48;2;13;6;8m [38;2;21;7;11;48;2;16;5;9m▁[38;2;17;6;10;48;2;14;5;9m▖[38;2;19;8;12;48;2;15;8;12m▕[38;2;26;12;16;48;2;17;10;15m▁[38;2;18;11;16;48;2;11;5;7m▍[38;2;10;4;6;48;2;11;4;7m▏[38;2;11;5;8;48;2;17;6;10m▎[38;2;21;7;11;48;2;14;6;10m▂[38;2;17;8;13;48;2;16;8;12m▔[38;2;16;9;14;48;2;18;9;14m▔[38;2;17;10;15;48;2;11;5;8m▋[38;2;11;4;6;48;2;10;4;7m▁[38;2;10;4;6;48;2;14;4;7m▍[38;2;18;13;19;48;2;21;7;11m▕[38;2;16;11;17;48;2;14;9;14m▁[38;2;18;10;15;48;2;11;7;11m▏[38;2;7;3;5;48;2;10;4;6m▊[38;2;14;6;8;48;2;10;5;8m▎[38;2;15;6;9;48;2;11;5;8m▕[38;2;14;6;10;48;2;8;5;8m▖[38;2;11;7;12;48;2;7;4;6m▍[38;2;5;2;4;48;2;5;3;5m▔[38;2;6;2;5m▕[38;2;7;3;5;48;2;6;3;5m▁[38;2;10;4;6;48;2;26;8;12m▎[38;2;29;8;12;48;2;23;7;11m▖[38;2;25;7;11;48;2;20;6;10m▂[0m
[38;2;5;3;6;48;2;4;3;5m▔[38;2;6;4;7;48;2;4;3;6m▘[48;2;6;5;8m [38;2;11;6;10;48;2;8;4;7m▃[38;2;10;4;7;48;2;7;3;6m▁[38;2;7;3;6;48;2;6;3;5m▖[38;2;16;7;10;48;2;12;7;10m▝[38;2;15;6;9;48;2;12;7;11m▖[38;2;18;8;12;48;2;15;7;11m▕[38;2;11;6;10;48;2;17;9;14m▕[38;2;27;12;16;48;2;16;10;15m▕[38;2;35;10;15;48;2;23;10;15m▗[38;2;29;8;12;48;2;21;7;11m▖[38;2;30;9;12;48;2;19;6;9m▁[38;2;19;5;8;48;2;16;5;7m▃[38;2;18;5;7;48;2;13;5;7m▖[38;2;30;9;14;48;2;21;9;14m▂[38;2;24;7;10;48;2;21;8;12m▗[38;2;33;9;14;48;2;20;8;12m▗[38;2;29;9;13;48;2;21;7;11m▃[38;2;35;10;14;48;2;21;7;10m▖[38;2;24;6;8;48;2;16;5;6m▂[38;2;15;5;7;48;2;23;9;14m▍[38;2;28;10;16m▂[38;2;26;9;13;48;2;20;7;12m▂[38;2;26;7;11;48;2;18;6;10m▃[38;2;21;6;10;48;2;17;5;8m▏[38;2;21;6;8;48;2;14;5;7m▂[38;2;31;10;15;48;2;19;10;15m▁[38;2;26;11;16;48;2;25;14;20m▕[38;2;32;10;15;48;2;20;7;12m▃[38;2;28;9;13;48;2;19;6;9m▁[38;2;27;9;14;48;2;28;9;14m▁[38;2;41;13;18;48;2;35;10;15m▔[38;2;49;12;18;48;2;30;9;14m▁[38;2;37;10;15;48;2;20;7;12m▄[38;2;57;13;19;48;2;30;10;15m▁[38;2;39;11;16;48;2;23;8;13m▂[38;2;34;10;15m▁[38;2;53;14;20;48;2;26;11;16m▁[38;2;47;15;19;48;2;29;11;16m▂[38;2;50;12;18;48;2;26;9;13m▁[38;2;45;12;18m▁[38;2;59;15;20;48;2;36;11;16m▗[38;2;60;15;20;48;2;36;10;13m▖[38;2;49;14;20;48;2;29;9;14m▂[38;2;46;12;18;48;2;29;10;16m▗[38;2;42;12;17;48;2;31;10;16m▂[38;2;31;9;14;48;2;25;8;12m▏[38;2;30;10;15;48;2;20;7;11m▗[38;2;25;15;22;48;2;20;13;19m▍[38;2;25;13;19;48;2;18;10;16m▝[38;2;20;6;8;48;2;17;5;7m▔[38;2;32;9;14;48;2;22;7;10m▗[38;2;32;10;15;48;2;21;7;11m▃[38;2;31;9;13;48;2;18;9;13m▕[38;2;23;10;16;48;2;31;11;15m▊[38;2;22;11;16;48;2;16;5;8m▍[38;2;27;6;8;48;2;18;5;7m▖[38;2;40;11;15;48;2;23;7;11m▗[38;2;41;12;17;48;2;26;9;12m▃[38;2;30;11;15;48;2;19;9;13m▏[48;2;20;9;14m [38;2;19;10;15;48;2;16;6;10m▌[38;2;18;5;7;48;2;14;4;6m▗[38;2;22;8;11;48;2;18;6;8m▂[38;2;22;16;23;48;2;20;11;17m▖[38;2;19;10;15;48;2;15;10;14m▝[38;2;12;7;11;48;2;9;5;7m▔[38;2;17;7;10;48;2;13;5;8m▝[38;2;10;4;7;48;2;17;7;11m▌[38;2;18;7;11;48;2;12;4;8m▊[38;2;16;6;11;48;2;11;5;8m▘[38;2;6;3;5;48;2;10;5;9m▕[48;2;5;3;5m▕[38;2;7;3;5;48;2;6;3;5m▕[48;2;9;4;5m▊[38;2;13;4;6;48;2;36;9;14m▍[38;2;19;6;9;48;2;33;8;13m▂[38;2;32;9;13;48;2;14;8;12m▋[0m
[38;2;5;4;7;48;2;4;2;5m▁[38;2;5;3;5m▕[48;2;7;4;7m▊[38;2;8;6;9;48;2;11;8;12m▅[38;2;10;5;8;48;2;12;6;10m▔[38;2;15;5;8;48;2;10;4;6m▁[38;2;10;4;6;48;2;14;6;9m▁[38;2;18;7;11m▝[38;2;19;6;10;48;2;17;7;10m▂[38;2;24;8;12;48;2;19;8;13m▕[38;2;22;9;13m▕[38;2;20;9;15;48;2;41;12;17m▊[38;2;63;15;21;48;2;43;10;15m▖[38;2;50;12;17;48;2;24;7;9m▋[38;2;13;8;12;48;2;26;7;9m▃[38;2;17;12;17;48;2;16;7;10m▗[38;2;39;10;15;48;2;23;10;15m▗[38;2;46;11;15;48;2;31;8;12m▗[38;2;46;10;14;48;2;29;9;13m▁[38;2;43;12;16;48;2;29;12;18m▝[38;2;58;15;21;48;2;43;11;16m▄[38;2;56;14;19;48;2;32;8;10m▄[38;2;22;6;8;48;2;48;12;16m▘[38;2;35;16;23;48;2;37;11;15m▁[38;2;37;20;28;48;2;38;12;16m▁[38;2;31;18;25;48;2;37;11;16m▁[38;2;35;13;18;48;2;29;8;11m▅[38;2;32;11;16;48;2;24;7;9m▆[38;2;11;5;8;48;2;34;12;17m▁[38;2;19;11;16;48;2;43;15;21m▃[38;2;13;6;10;48;2;39;16;23m▂[38;2;14;7;11;48;2;34;15;20m▃[38;2;40;11;16;48;2;27;12;17m▔[38;2;13;6;11;48;2;41;16;22m▃[38;2;16;8;12;48;2;45;16;22m▄[38;2;51;12;17;48;2;28;12;17m▔[38;2;15;7;11;48;2;53;19;26m▄[38;2;16;7;11;48;2;48;21;27m▄[48;2;48;19;26m▄[38;2;17;7;11;48;2;57;23;30m▄[48;2;60;23;30m▄[38;2;18;7;11;48;2;51;18;24m▄[38;2;16;7;11;48;2;43;16;23m▄[38;2;16;7;10;48;2;55;18;25m▄[38;2;16;6;10;48;2;47;16;22m▄[38;2;15;7;10;48;2;45;19;26m▄[38;2;16;8;12;48;2;37;16;22m▄[38;2;43;15;21;48;2;23;11;16m▝[38;2;36;15;23;48;2;19;10;15m▘[38;2;14;8;12;48;2;35;15;21m▃[38;2;35;11;17;48;2;22;12;18m▝[38;2;33;8;12;48;2;23;11;16m▝[38;2;29;11;15;48;2;23;10;14m▕[38;2;37;9;13;48;2;28;12;17m▘[38;2;29;12;16;48;2;35;12;17m▕[38;2;39;16;21;48;2;35;12;16m▗[38;2;46;16;22;48;2;36;11;16m▄[38;2;45;13;18;48;2;29;9;12m▅[38;2;54;14;19;48;2;37;10;13m▗[38;2;57;14;20;48;2;39;10;14m▄[38;2;57;14;19;48;2;48;13;18m▏[38;2;26;8;12;48;2;22;9;13m▗[38;2;47;13;18;48;2;29;10;14m▁[38;2;47;13;17;48;2;27;8;12m▂[38;2;44;12;16;48;2;25;7;9m▃[38;2;41;17;23;48;2;29;14;19m▁[38;2;24;13;19;48;2;18;10;15m▘[38;2;20;15;21;48;2;14;8;13m▏[38;2;21;8;11;48;2;12;5;7m▕[38;2;27;8;12;48;2;20;7;10m▎[38;2;14;5;8;48;2;21;6;9m▌[38;2;19;6;9;48;2;16;6;9m▗[38;2;15;6;10;48;2;13;5;9m▘[38;2;19;4;7;48;2;13;5;7m▂[38;2;12;7;10;48;2;10;4;6m▁[38;2;15;10;15;48;2;11;5;9m▁[38;2;10;7;12;48;2;8;4;7m▖[38;2;10;5;9m▍[38;2;20;6;9;48;2;11;5;8m▔[38;2;16;8;12;48;2;6;5;9m▘[0m
[38;2;10;9;14;48;2;6;4;8m▘[38;2;5;3;5;48;2;4;2;4m▕[38;2;6;3;5;48;2;5;3;5m▕[48;2;6;3;5m [38;2;11;7;11;48;2;9;5;8m▕[38;2;19;10;14;48;2;14;7;11m▘[38;2;22;7;11;48;2;16;5;8m▁[38;2;24;7;10;48;2;17;6;10m▁[38;2;20;7;11;48;2;17;6;9m▝[38;2;24;8;11;48;2;20;7;10m▝[38;2;29;8;12;48;2;21;8;12m▁[38;2;39;9;15;48;2;30;8;13m▁[38;2;66;15;21;48;2;30;9;14m▝[38;2;59;12;17;48;2;21;6;9m▘[38;2;24;11;16;48;2;17;5;9m▁[38;2;21;13;19;48;2;15;9;13m▝[38;2;51;13;19;48;2;22;13;19m▝[38;2;24;14;20;48;2;48;11;17m▄[38;2;53;13;18;48;2;18;10;14m▘[38;2;12;5;9;48;2;24;13;18m▃[38;2;70;19;26;48;2;16;8;13m▔[38;2;9;5;7;48;2;31;14;20m▅[38;2;11;5;9;48;2;32;15;22m▆[38;2;34;19;25;48;2;9;5;9m▔[38;2;26;14;20;48;2;11;6;9m▔[38;2;13;7;11;48;2;8;5;7m▂[38;2;15;8;13m▃[38;2;14;8;12;48;2;8;5;8m▄[38;2;22;10;15;48;2;11;7;11m▂[38;2;34;12;18;48;2;14;8;12m▁[38;2;17;8;12;48;2;15;8;12m▁[38;2;21;8;13;48;2;14;7;12m▗[38;2;33;10;15;48;2;18;8;13m▖[38;2;37;8;13;48;2;26;10;15m▗[38;2;24;10;15;48;2;19;9;13m▝[38;2;38;12;17;48;2;28;10;15m▕[38;2;18;9;14;48;2;35;12;17m▕[38;2;18;10;14;48;2;26;11;16m▅[38;2;15;9;14;48;2;22;10;15m▁[38;2;32;13;19;48;2;42;14;21m▊[38;2;31;11;16;48;2;39;13;19m▕[38;2;21;9;15;48;2;20;9;14m▕[38;2;16;9;13;48;2;22;9;14m▁[38;2;49;15;20;48;2;32;11;16m▕[38;2;55;16;21;48;2;24;9;14m▏[38;2;15;8;12m▏[38;2;46;11;17;48;2;18;9;13m▗[38;2;31;11;15;48;2;24;9;13m▏[38;2;36;9;13;48;2;14;7;11m▖[38;2;16;7;11;48;2;11;7;11m▄[38;2;26;11;16;48;2;13;7;12m▂[38;2;26;9;15;48;2;11;7;11m▁[38;2;15;8;12;48;2;11;6;10m▗[38;2;15;7;12;48;2;11;6;9m▗[38;2;17;7;11;48;2;11;6;10m▗[38;2;18;8;13;48;2;10;6;9m▁[38;2;16;14;21;48;2;10;5;9m▔[38;2;21;17;24;48;2;11;6;9m▔[38;2;11;6;9;48;2;24;17;24m▆[38;2;10;5;8;48;2;30;16;23m▅[38;2;11;7;10;48;2;26;14;20m▄[38;2;17;11;16;48;2;38;13;18m▅[38;2;21;14;20;48;2;47;13;18m▅[38;2;64;16;21;48;2;31;13;19m▝[38;2;57;17;23;48;2;24;16;22m▘[38;2;15;11;17;48;2;29;13;18m▆[38;2;16;13;18;48;2;13;9;14m▝[38;2;16;6;9;48;2;13;5;8m▕[38;2;52;13;19;48;2;26;8;12m▝[38;2;26;9;14;48;2;22;7;11m▏[38;2;19;7;11;48;2;16;6;9m▁[38;2;18;6;9;48;2;15;5;8m▔[38;2;12;4;7;48;2;15;6;9m▏[38;2;17;10;15;48;2;14;7;10m▗[38;2;10;4;7;48;2;15;9;13m▁[38;2;12;8;13;48;2;10;4;7m▔[38;2;12;4;7;48;2;8;4;6m▁[38;2;14;6;9;48;2;10;4;6m▁[38;2;14;7;11;48;2;9;7;11m▖[38;2;6;6;9;48;2;2;2;4m▎[0m
[38;2;10;8;13;48;2;4;3;6m▝[38;2;10;7;11;48;2;6;3;6m▃[38;2;8;4;6;48;2;6;3;5m▖[38;2;6;2;5;48;2;8;3;6m▔[38;2;13;5;7;48;2;8;3;5m▂[38;2;13;6;9;48;2;10;3;6m▝[38;2;23;8;12;48;2;13;6;9m▝[38;2;18;6;10;48;2;17;6;11m▗[48;2;22;7;11m [38;2;23;6;10;48;2;18;6;11m▔[38;2;17;8;13;48;2;33;9;14m▄[38;2;27;8;13;48;2;19;8;13m▔[38;2;13;10;14;48;2;20;10;16m▄[38;2;25;10;15;48;2;15;11;16m▔[38;2;18;11;16m▁[38;2;20;14;20;48;2;12;7;11m▔[38;2;20;13;18;48;2;9;5;8m▔[38;2;16;7;10m▔[38;2;15;7;11;48;2;9;5;9m▁[38;2;13;7;11m▂[38;2;14;6;9;48;2;10;5;9m▕[38;2;17;7;9;48;2;14;6;10m▁[38;2;12;6;9;48;2;16;7;11m▁[38;2;17;8;12;48;2;14;7;11m▘[38;2;15;6;10;48;2;24;8;12m▆[38;2;23;8;12;48;2;10;6;9m▔[38;2;12;6;10;48;2;12;5;9m▁[38;2;17;7;10;48;2;11;5;9m▕[38;2;26;11;16;48;2;21;11;16m▔[38;2;36;12;18;48;2;25;11;17m▔[38;2;17;8;12;48;2;13;7;12m▔[38;2;18;7;11;48;2;12;7;11m▔[38;2;29;9;13;48;2;20;8;13m▔[38;2;14;8;13;48;2;24;9;14m▁[38;2;16;8;12;48;2;14;9;13m▔[38;2;29;12;17;48;2;17;9;14m▝[38;2;42;13;19;48;2;26;12;17m▔[38;2;12;10;15;48;2;15;10;14m▅[38;2;16;10;14;48;2;12;11;16m▔[38;2;28;15;21;48;2;20;13;19m▕[38;2;35;16;23m▏[38;2;13;11;16;48;2;13;8;13m▅[38;2;12;10;15;48;2;15;9;13m▆[38;2;24;12;17;48;2;36;12;18m▆[38;2;32;11;18;48;2;19;9;14m▎[38;2;13;9;14;48;2;15;9;13m▁[38;2;30;10;16;48;2;20;9;14m▝[38;2;19;9;14;48;2;29;10;16m▅[38;2;32;9;13;48;2;14;7;11m▘[38;2;13;7;11;48;2;10;7;11m▔[38;2;25;10;15;48;2;21;10;16m▔[38;2;19;10;16;48;2;28;10;15m▆[38;2;15;7;11;48;2;15;6;10m▏[38;2;16;7;10;48;2;12;6;10m▔[38;2;13;6;10m▘[38;2;22;8;13;48;2;14;7;11m▝[38;2;19;8;12;48;2;17;7;12m▕[38;2;20;8;13;48;2;14;6;10m▏[38;2;15;6;10;48;2;12;6;10m▗[38;2;18;6;11;48;2;12;6;9m▏[38;2;16;7;11;48;2;9;6;9m▖[38;2;19;8;11;48;2;11;6;10m▔[38;2;15;7;10;48;2;8;5;8m▝[38;2;16;15;20;48;2;11;7;11m▔[38;2;12;7;11;48;2;19;18;24m▅[38;2;20;17;23;48;2;15;12;17m▔[38;2;16;15;20;48;2;12;10;14m▃[38;2;18;9;13;48;2;15;11;15m▔[38;2;18;8;12;48;2;14;8;12m▝[38;2;25;7;11;48;2;15;7;11m▔[38;2;24;8;13;48;2;18;7;10m▁[38;2;21;7;11;48;2;18;6;10m▝[38;2;23;7;11;48;2;17;8;12m▖[38;2;16;7;11;48;2;15;6;9m▏[38;2;16;5;9;48;2;12;4;7m▁[38;2;18;6;9;48;2;14;5;7m▁[38;2;20;7;10;48;2;14;5;8m▂[38;2;10;9;13;48;2;16;7;11m▕[38;2;6;5;8;48;2;10;8;13m▄[38;2;3;3;6;48;2;2;2;4m▏[0m
[38;2;5;4;8;48;2;2;1;3m▖[38;2;2;1;3;48;2;6;6;9m▖[38;2;8;5;8;48;2;11;4;7m▖[38;2;14;4;8m▁[38;2;12;5;8;48;2;10;4;7m▗[38;2;15;5;8;48;2;12;5;8m▏[38;2;15;7;11;48;2;12;5;9m▃[38;2;8;3;6;48;2;14;7;11m▔[38;2;17;9;13;48;2;13;8;12m▕[38;2;11;7;11;48;2;18;9;14m▅[38;2;16;9;14;48;2;7;4;7m▔[38;2;12;8;12;48;2;6;3;5m▝[38;2;10;8;12;48;2;13;10;15m▂[38;2;18;13;18;48;2;13;11;16m▂[38;2;16;15;20;48;2;14;10;15m▃[38;2;15;12;17;48;2;7;5;8m▂[38;2;12;7;10;48;2;9;6;9m▕[38;2;16;6;11;48;2;13;7;11m▁[38;2;19;7;11;48;2;14;6;10m▁[38;2;19;6;11;48;2;16;6;10m▁[38;2;19;6;10;48;2;11;5;9m▏[38;2;14;5;9;48;2;6;4;7m▏[38;2;13;6;10;48;2;9;5;9m▕[38;2;10;6;9;48;2;14;8;12m▊[38;2;15;7;12;48;2;10;7;11m▘[38;2;9;6;10;48;2;7;6;10m▘[38;2;11;6;10;48;2;7;6;9m▝[38;2;11;6;11;48;2;7;5;9m▕[38;2;27;11;17;48;2;18;10;15m▝[38;2;18;11;16;48;2;29;12;17m▆[38;2;9;9;13;48;2;9;8;12m▘[38;2;10;8;13m▕[38;2;14;10;15;48;2;14;9;13m▁[38;2;16;8;12;48;2;16;10;15m▔[38;2;13;13;18;48;2;11;10;15m▁[38;2;14;10;15;48;2;13;12;17m▔[38;2;23;11;18;48;2;18;14;20m▔[38;2;20;15;21;48;2;13;13;19m▖[38;2;14;14;20;48;2;12;12;17m▄[48;2;18;17;23m▍[38;2;17;16;23;48;2;15;14;20m▍[38;2;14;15;21;48;2;13;13;18m▅[38;2;17;15;20;48;2;14;13;18m▁[38;2;18;14;20;48;2;23;13;19m▅[38;2;16;11;16;48;2;12;11;15m▊[38;2;13;11;16m▝[38;2;18;11;16;48;2;13;10;14m▔[38;2;13;9;14;48;2;21;8;14m▆[38;2;15;9;14;48;2;9;8;12m▏[48;2;8;8;12m [38;2;21;10;14;48;2;15;11;16m▔[38;2;15;9;14;48;2;18;11;17m▕[38;2;11;6;10;48;2;9;7;11m▔[38;2;10;6;10;48;2;8;6;10m▔[38;2;6;6;9m▂[38;2;9;7;11;48;2;11;7;11m▁[38;2;15;8;13m▁[38;2;13;7;11;48;2;7;5;8m▎[48;2;8;6;9m▗[38;2;23;8;12;48;2;14;7;10m▕[38;2;19;8;11;48;2;16;7;11m▔[38;2;22;8;12m▘[38;2;20;7;11;48;2;11;6;10m▂[38;2;15;6;10;48;2;10;6;9m▁[38;2;15;14;20;48;2;10;6;10m▂[38;2;18;17;22;48;2;14;13;17m▝[38;2;12;10;14;48;2;17;15;21m▃[38;2;12;9;13;48;2;16;14;19m▃[38;2;14;11;16;48;2;9;5;7m▘[38;2;14;8;13;48;2;10;5;8m▔[38;2;17;9;14;48;2;13;7;10m▔[38;2;19;8;12;48;2;16;8;12m▔[38;2;22;7;12;48;2;19;8;12m▔[38;2;26;8;12;48;2;18;7;11m▘[38;2;23;7;11;48;2;15;5;8m▖[38;2;22;6;10;48;2;16;5;8m▄[38;2;14;10;16;48;2;20;8;12m▁[38;2;6;6;9;48;2;11;9;14m▗[38;2;6;5;8;48;2;3;3;5m▏[38;2;2;2;4;48;2;2;1;3m▏[0m
[38;2;5;4;7;48;2;7;5;9m▁[38;2;7;5;9;48;2;3;2;4m▖[38;2;9;5;8;48;2;4;3;5m▝[38;2;14;5;8;48;2;11;5;8m▕[38;2;15;5;9;48;2;12;5;8m▞[38;2;15;6;9m▕[38;2;17;7;11;48;2;14;7;11m▔[38;2;18;7;11;48;2;12;6;10m▏[38;2;13;10;15;48;2;10;6;10m▗[38;2;14;8;12;48;2;8;4;8m▖[38;2;9;4;8;48;2;6;3;6m▁[38;2;10;4;7;48;2;6;3;5m▝[48;2;7;3;6m▂[38;2;9;4;6;48;2;10;8;13m▅[38;2;8;4;7;48;2;14;11;16m▄[38;2;10;7;11;48;2;17;14;19m▄[38;2;13;11;15;48;2;18;14;19m▄[38;2;13;10;14;48;2;17;11;17m▕[38;2;22;8;12;48;2;18;11;16m▔[38;2;23;15;22;48;2;15;7;11m▂[38;2;18;16;22;48;2;16;7;10m▁[38;2;14;7;11;48;2;11;6;9m▏[38;2;19;7;11;48;2;11;6;10m▂[38;2;16;9;13;48;2;12;8;12m▖[38;2;17;9;13;48;2;13;7;12m▖[38;2;10;6;9;48;2;9;7;11m▁[38;2;13;7;12;48;2;8;6;10m▁[38;2;7;5;9;48;2;8;7;11m▔[38;2;13;9;14;48;2;13;9;13m▏[38;2;12;8;13;48;2;16;10;15m▅[48;2;9;9;13m [38;2;10;10;15;48;2;8;8;12m▃[38;2;13;13;18;48;2;11;10;15m▁[38;2;16;13;19;48;2;12;11;15m▁[38;2;19;16;22;48;2;12;12;17m▁[38;2;25;19;26;48;2;14;13;19m▁[38;2;15;14;20;48;2;17;15;22m▌[38;2;14;12;18;48;2;19;17;24m▁[38;2;23;19;26;48;2;18;16;23m▖[38;2;28;21;29;48;2;16;16;22m▃[38;2;29;22;30;48;2;19;18;25m▖[38;2;25;21;28;48;2;18;16;23m▄[38;2;31;21;29;48;2;19;17;23m▁[38;2;24;16;23;48;2;17;14;20m▁[38;2;16;14;19;48;2;14;13;18m▎[38;2;14;13;18;48;2;12;12;16m▘[38;2;10;9;14;48;2;12;10;15m▂[38;2;10;9;13;48;2;11;9;14m▅[38;2;11;8;13;48;2;8;8;12m▎[38;2;8;8;12;48;2;8;8;13m▗[38;2;12;10;16;48;2;13;9;14m▔[38;2;21;11;16;48;2;15;10;15m▁[38;2;41;13;17;48;2;8;7;11m▁[38;2;24;10;15;48;2;7;7;11m▂[38;2;12;7;11;48;2;10;7;11m▕[38;2;22;10;14;48;2;12;7;12m▗[38;2;25;9;14;48;2;16;8;12m▖[38;2;18;8;12;48;2;13;6;10m▎[38;2;18;7;11;48;2;14;7;10m▏[38;2;27;19;26;48;2;15;7;11m▁[38;2;17;8;12;48;2;15;10;14m▔[38;2;12;5;9;48;2;16;11;15m▔[38;2;24;22;29;48;2;15;11;15m▂[38;2;17;16;22;48;2;14;13;17m▁[38;2;10;9;13;48;2;18;17;22m▅[38;2;8;6;9;48;2;16;15;20m▄[38;2;15;14;19;48;2;10;6;9m▔[38;2;12;5;8;48;2;10;4;7m▁[38;2;12;5;7;48;2;11;4;7m▂[38;2;14;5;8;48;2;12;5;8m▃[38;2;16;6;9;48;2;19;7;10m▋[38;2;29;8;12;48;2;20;7;11m▃[38;2;27;8;11;48;2;23;8;11m▂[38;2;24;7;10;48;2;19;7;10m▖[38;2;10;8;12;48;2;19;8;11m▃[38;2;9;8;12;48;2;22;11;16m▅[38;2;4;4;6;48;2;9;8;12m▄[38;2;7;7;10;48;2;4;3;5m▔[38;2;4;3;5;48;2;2;1;3m▏[38;2;2;2;4;48;2;2;1;2m▘[0m
[38;2;5;4;7;48;2;2;1;3m▝[38;2;8;7;11;48;2;5;4;7m▝[38;2;3;2;4;48;2;7;5;8m▝[38;2;9;5;8;48;2;6;3;6m▔[38;2;12;6;9;48;2;9;4;7m▁[38;2;13;4;7m▂[38;2;10;5;8;48;2;10;4;7m▔[38;2;13;4;6;48;2;8;4;7m▃[38;2;18;5;9;48;2;11;5;8m▁[38;2;12;9;14;48;2;12;5;8m▘[38;2;13;6;9;48;2;9;5;8m▖[38;2;14;9;13;48;2;8;3;6m▃[38;2;9;4;7;48;2;13;5;8m▊[38;2;12;4;8;48;2;10;4;8m▎[38;2;10;4;7;48;2;9;4;7m▏[48;2;10;4;7m [38;2;8;7;10;48;2;6;3;6m▔[38;2;7;4;7;48;2;14;10;15m▆[38;2;6;4;6;48;2;15;12;17m▅[38;2;8;6;9;48;2;18;16;21m▆[38;2;10;5;8;48;2;16;13;18m▂[38;2;17;11;17;48;2;21;16;22m▄[38;2;19;14;19;48;2;24;15;21m▅[38;2;16;13;19;48;2;31;15;21m▅[38;2;15;13;18;48;2;26;10;16m▅[38;2;20;20;25;48;2;13;10;14m▂[38;2;19;18;24;48;2;13;7;11m▄[38;2;21;18;25;48;2;11;7;11m▄[38;2;23;20;26;48;2;17;10;15m▃[38;2;22;22;28;48;2;18;10;16m▂[38;2;23;23;30;48;2;11;8;12m▂[38;2;22;21;28m▂[38;2;29;28;34;48;2;15;11;16m▁[38;2;34;33;39;48;2;14;11;16m▁[38;2;36;36;41;48;2;15;12;17m▁[38;2;39;38;44;48;2;16;12;17m▁[38;2;41;34;41;48;2;21;15;20m▁[38;2;52;43;50;48;2;26;18;24m▁[38;2;53;45;52;48;2;36;22;29m▁[38;2;57;36;42;48;2;40;27;34m▃[38;2;53;41;47;48;2;45;27;35m▁[38;2;54;45;51;48;2;36;22;29m▁[38;2;44;41;48;48;2;32;20;26m▁[38;2;45;45;51;48;2;24;16;22m▁[38;2;36;36;42;48;2;20;13;19m▁[38;2;35;32;39;48;2;20;14;19m▁[38;2;36;35;42;48;2;20;13;18m▂[38;2;33;33;39;48;2;21;12;17m▂[38;2;32;29;36;48;2;16;11;16m▂[38;2;27;28;34;48;2;17;11;15m▂[38;2;22;22;28;48;2;22;13;19m▁[38;2;36;12;17;48;2;20;16;22m▔[38;2;21;20;26;48;2;13;8;12m▄[38;2;21;20;25;48;2;14;11;16m▖[38;2;20;19;24;48;2;18;14;19m▁[38;2;21;16;22;48;2;18;15;20m▕[38;2;17;14;19;48;2;21;14;20m▋[38;2;21;16;21;48;2;13;12;16m▎[38;2;8;5;8;48;2;18;16;21m▂[38;2;11;7;11;48;2;20;17;23m▄[38;2;8;5;7;48;2;14;13;18m▄[38;2;8;4;7;48;2;15;13;18m▅[38;2;8;4;6;48;2;12;11;15m▆[38;2;13;11;15;48;2;8;4;7m▔[38;2;8;4;7;48;2;13;5;7m▊[38;2;18;6;9;48;2;11;4;7m▁[38;2;20;6;9;48;2;12;5;8m▂[38;2;24;7;10;48;2;14;5;8m▂[38;2;19;7;9;48;2;13;5;8m▅[38;2;21;7;11;48;2;17;6;9m▂[38;2;27;8;11;48;2;21;7;10m▁[38;2;34;9;13;48;2;27;7;11m▗[38;2;22;10;13;48;2;35;10;14m▕[38;2;24;9;13;48;2;11;10;14m▘[38;2;9;9;13;48;2;6;5;8m▝[38;2;5;5;7;48;2;3;2;4m▕[48;2;4;3;6m [38;2;6;4;7;48;2;3;2;4m▍[38;2;2;1;2;48;2;3;1;3m▝[48;2;2;1;3m▝[0m
[38;2;1;0;1;48;2;1;1;2m▆[38;2;2;1;3;48;2;3;3;4m▅[38;2;9;6;10;48;2;4;3;6m▝[38;2;10;6;9;48;2;7;3;6m▘[38;2;14;6;9;48;2;10;4;8m▕[38;2;22;6;9;48;2;16;5;8m▕[38;2;28;7;11;48;2;17;5;8m▂[38;2;24;7;10m▕[38;2;27;7;11;48;2;21;6;9m▖[48;2;19;5;9m▁[38;2;40;10;15;48;2;20;6;10m▁[38;2;28;9;14;48;2;18;7;11m▁[38;2;17;9;13;48;2;17;6;11m▘[38;2;20;6;10;48;2;17;6;9m▁[38;2;24;6;10;48;2;12;4;8m▎[38;2;17;6;10;48;2;13;4;8m▃[38;2;14;6;10;48;2;10;5;8m▂[38;2;18;9;14;48;2;11;5;8m▁[38;2;18;13;19;48;2;11;6;10m▁[38;2;16;7;11;48;2;10;5;9m▂[38;2;15;7;11;48;2;10;5;8m▄[38;2;19;8;13;48;2;15;7;11m▖[38;2;22;8;14;48;2;16;7;11m▖[38;2;15;7;10;48;2;10;5;8m▖[38;2;16;14;19;48;2;9;4;7m▔[38;2;13;12;16;48;2;8;5;8m▔[38;2;8;4;7;48;2;16;14;19m▆[38;2;6;4;6;48;2;18;17;23m▆[38;2;5;3;6;48;2;17;17;22m▅[38;2;7;7;9;48;2;19;19;24m▅[38;2;6;4;7;48;2;17;17;22m▄[38;2;5;4;7;48;2;20;20;25m▄[38;2;5;4;6;48;2;22;22;28m▃[38;2;4;4;6;48;2;24;23;29m▃[38;2;5;4;7;48;2;29;28;34m▃[38;2;34;34;40;48;2;13;12;15m▘[38;2;9;8;11;48;2;28;28;33m▃[38;2;6;5;7;48;2;35;35;41m▂[38;2;23;22;26;48;2;57;57;64m▅[38;2;17;16;20;48;2;60;59;66m▄[38;2;8;6;8;48;2;58;58;65m▂[38;2;16;14;18;48;2;50;50;56m▃[38;2;37;36;41;48;2;32;30;36m▏[38;2;9;8;11;48;2;40;40;46m▃[38;2;8;7;10;48;2;31;31;37m▃[38;2;6;5;7;48;2;25;25;30m▃[38;2;5;5;7;48;2;32;32;38m▃[38;2;6;5;7;48;2;25;24;29m▃[38;2;30;30;36;48;2;12;11;15m▝[38;2;6;5;7;48;2;23;23;29m▄[38;2;24;24;29;48;2;11;10;13m▔[38;2;13;12;16;48;2;8;7;11m▔[38;2;5;4;6;48;2;22;23;29m▆[38;2;5;3;5;48;2;16;16;21m▆[38;2;18;17;23;48;2;6;4;6m▔[38;2;17;17;22;48;2;7;4;6m▔[38;2;12;5;8;48;2;8;4;7m▁[38;2;8;4;7;48;2;11;5;8m▞[38;2;13;5;9;48;2;9;4;7m▖[38;2;8;4;6;48;2;11;5;8m▕[38;2;14;5;8;48;2;10;4;7m▁[38;2;11;4;7;48;2;15;5;9m▊[38;2;23;7;10;48;2;14;5;8m▁[38;2;21;14;21;48;2;17;7;10m▁[38;2;13;13;18;48;2;16;7;11m▁[38;2;25;7;11;48;2;18;6;10m▗[38;2;38;11;15;48;2;27;7;11m▂[38;2;34;9;14;48;2;24;7;11m▄[38;2;37;10;14;48;2;29;8;12m▁[38;2;31;10;15;48;2;26;8;11m▅[38;2;11;10;14;48;2;25;8;12m▃[38;2;38;10;13;48;2;12;7;11m▔[38;2;26;10;15;48;2;8;6;10m▔[38;2;11;8;13;48;2;4;3;5m▘[38;2;4;2;4;48;2;3;1;3m▍[38;2;2;1;3;48;2;5;3;6m▏[38;2;4;2;4m▆[38;2;3;2;4;48;2;2;1;3m▏[38;2;2;1;3;48;2;2;1;2m▘[38;2;2;1;1;48;2;1;1;2m▆[0m
[38;2;1;0;1;48;2;1;1;1m▖[38;2;2;0;2;48;2;1;1;2m▕[38;2;3;2;4;48;2;2;1;2m▝[38;2;4;2;4;48;2;7;4;6m▅[38;2;12;5;8;48;2;6;3;6m▝[38;2;10;5;9;48;2;22;6;10m▊[38;2;33;7;11;48;2;23;6;10m▘[38;2;29;7;11;48;2;34;8;12m▅[38;2;29;8;11;48;2;33;8;12m▕[38;2;19;5;8;48;2;32;8;12m▅[38;2;36;10;15;48;2;12;5;9m▔[38;2;17;10;15;48;2;11;7;11m▔[38;2;29;11;15;48;2;10;8;12m▔[38;2;13;9;14;48;2;27;9;14m▅[38;2;35;10;15;48;2;23;7;12m▗[38;2;38;10;15;48;2;24;7;11m▃[38;2;20;6;11;48;2;13;5;8m▌[38;2;10;5;8;48;2;12;11;15m▆[38;2;14;5;7;48;2;14;11;15m▁[38;2;20;14;19;48;2;16;7;12m▘[38;2;27;10;15;48;2;22;9;13m▂[38;2;22;8;13;48;2;24;9;14m▔[38;2;29;11;16;48;2;23;9;13m▘[38;2;12;11;16;48;2;20;9;13m▁[38;2;10;10;14;48;2;14;7;11m▁[38;2;16;5;9;48;2;10;7;10m▔[38;2;11;11;15;48;2;11;7;10m▃[38;2;13;13;16;48;2;11;10;14m▕[38;2;9;8;12;48;2;12;12;16m▃[38;2;14;14;18;48;2;11;11;15m▝[38;2;14;12;17;48;2;14;13;17m▏[38;2;16;16;21;48;2;14;13;18m▖[38;2;10;10;13;48;2;16;15;20m▔[38;2;11;10;14;48;2;19;18;24m▔[38;2;24;25;31;48;2;20;20;25m▁[38;2;14;14;19;48;2;18;18;23m▁[38;2;22;22;28;48;2;17;17;21m▖[38;2;32;32;37;48;2;23;23;28m▕[38;2;33;33;39;48;2;16;14;19m▆[38;2;38;39;45;48;2;24;24;29m▅[38;2;38;38;44;48;2;11;10;13m▆[38;2;31;31;37;48;2;24;23;28m▖[38;2;25;26;31;48;2;22;21;26m▗[38;2;27;26;32;48;2;21;21;26m▖[38;2;18;18;22;48;2;20;19;24m▄[38;2;23;22;27;48;2;18;17;22m▁[38;2;17;16;21;48;2;12;11;15m▅[38;2;12;11;15;48;2;21;21;27m▅[38;2;31;31;37;48;2;16;16;21m▔[38;2;14;14;19;48;2;18;18;22m▁[38;2;15;15;20;48;2;18;18;23m▅[38;2;18;17;22;48;2;16;15;20m▎[38;2;16;16;21;48;2;12;11;16m▄[38;2;15;13;17;48;2;10;8;12m▖[38;2;10;9;13;48;2;7;4;7m▅[38;2;12;7;12;48;2;10;6;9m▗[38;2;9;9;13;48;2;12;6;10m▁[38;2;15;6;10;48;2;11;6;10m▝[38;2;11;6;11;48;2;13;6;10m▁[38;2;15;6;9m▕[38;2;21;7;11;48;2;16;6;9m▕[38;2;31;9;14;48;2;18;6;10m▅[38;2;18;10;16;48;2;25;10;15m▁[38;2;19;16;23;48;2;12;8;13m▔[38;2;6;3;5;48;2;10;9;13m▅[38;2;13;3;6;48;2;9;3;6m▃[38;2;19;5;8;48;2;34;9;14m▎[38;2;42;11;16;48;2;31;10;15m▘[38;2;12;9;13;48;2;33;10;16m▅[38;2;7;6;9;48;2;12;11;16m▅[38;2;8;6;10;48;2;6;5;7m▝[38;2;3;2;4;48;2;9;8;12m▆[48;2;3;1;3m  [38;2;3;1;2;48;2;4;2;4m▆[38;2;5;3;5;48;2;5;2;4m▝[38;2;4;1;3;48;2;3;1;3m▕[48;2;3;1;2m [48;2;2;0;1m [38;2;1;0;1;48;2;1;1;2m▖[0m
[38;2;2;2;3;48;2;1;0;1m▁[38;2;1;1;1;48;2;1;1;2m▔[38;2;2;0;2;48;2;1;1;1m▁[48;2;2;1;2m [38;2;4;3;5m▝[38;2;4;2;4;48;2;6;2;4m▆[38;2;5;2;5;48;2;9;5;8m▄[38;2;28;7;12;48;2;8;5;9m▝[38;2;15;4;8;48;2;31;8;11m▄[38;2;20;5;7;48;2;13;3;5m▏[38;2;12;3;4;48;2;10;3;4m▏[38;2;9;2;3;48;2;8;3;4m▁[38;2;10;8;12;48;2;9;3;5m▔[38;2;9;5;9;48;2;9;4;7m▘[38;2;22;10;16;48;2;13;5;9m▔[38;2;17;5;9;48;2;51;12;17m▃[38;2;26;6;10;48;2;21;6;9m▖[38;2;15;6;10;48;2;15;5;9m▗[38;2;19;6;10;48;2;14;6;10m▝[38;2;26;8;11m▔[38;2;11;7;11;48;2;20;7;11m▆[38;2;19;8;13;48;2;9;7;11m▔[38;2;7;6;10;48;2;10;8;13m▅[38;2;7;6;9;48;2;11;9;12m▅[48;2;11;9;13m▆[38;2;9;8;12;48;2;8;7;11m▗[48;2;9;9;13m [38;2;10;9;13;48;2;9;8;12m▗[38;2;10;10;14;48;2;6;6;9m▆[38;2;9;9;13;48;2;10;10;13m▎[38;2;10;10;13;48;2;13;12;17m▆[38;2;14;14;18;48;2;10;10;14m▔[38;2;10;10;14;48;2;17;17;21m▆[48;2;18;18;23m▅[38;2;11;9;13;48;2;24;24;31m▆[38;2;20;19;24;48;2;12;11;16m▔[38;2;22;22;27;48;2;16;16;20m▔[38;2;35;35;41;48;2;20;20;26m▔[38;2;20;20;25;48;2;25;26;32m▆[38;2;34;34;40;48;2;23;23;28m▁[38;2;33;33;38;48;2;22;22;28m▂[38;2;34;35;41;48;2;22;22;27m▔[38;2;23;23;28;48;2;18;17;22m▘[38;2;15;15;19;48;2;19;19;24m▆[38;2;14;15;19;48;2;20;20;25m▅[38;2;16;16;21;48;2;13;13;17m▘[38;2;17;17;22;48;2;13;13;18m▔[38;2;14;14;19;48;2;11;11;15m▝[38;2;12;11;15;48;2;9;8;11m▎▔[38;2;13;13;17;48;2;8;8;11m▅[48;2;8;7;10m▅[38;2;11;11;15;48;2;9;8;11m▄[38;2;8;9;12;48;2;10;9;13m▁[38;2;5;4;6;48;2;9;7;11m▂[38;2;5;3;5;48;2;8;7;10m▃[38;2;5;4;6;48;2;7;6;9m▂[38;2;7;5;8;48;2;6;5;8m▕[38;2;7;4;7;48;2;8;6;9m▁[38;2;11;6;9;48;2;8;5;8m▔[38;2;26;7;11;48;2;9;5;8m▔[38;2;10;5;9;48;2;26;8;14m▆[38;2;15;6;10;48;2;13;5;9m▘[38;2;14;4;7;48;2;10;3;5m▏[38;2;10;4;7;48;2;9;2;4m▁[38;2;13;6;8;48;2;15;4;7m▁[38;2;10;6;9;48;2;18;6;9m▆[38;2;4;3;5;48;2;9;7;11m▃[38;2;6;3;6;48;2;8;6;10m▅[38;2;9;7;10;48;2;7;4;7m▏[38;2;4;3;5;48;2;9;5;8m▄[38;2;3;2;3;48;2;6;4;7m▃[38;2;5;3;6;48;2;4;2;4m▘[38;2;4;2;4;48;2;3;1;3m▗[38;2;2;0;1;48;2;3;1;2m▁[38;2;5;1;3;48;2;2;0;2m▗[38;2;4;1;2;48;2;3;1;2m▕[38;2;3;1;2;48;2;2;0;1m▎[38;2;1;0;1;48;2;2;0;2m▘ [0m
[38;2;2;2;4;48;2;2;1;3m▔[38;2;2;1;3;48;2;3;2;4m▅[38;2;2;1;2m▅[38;2;3;1;3;48;2;4;3;5m▆[38;2;2;1;3;48;2;3;1;3m▝[38;2;4;2;4m▁[48;2;3;2;3m▎[48;2;5;4;6m▅[38;2;5;2;5;48;2;8;4;8m▄[38;2;10;4;7;48;2;7;3;5m▘[38;2;11;2;3;48;2;7;2;4m▔[38;2;8;3;5m▏[38;2;8;2;4m▕[38;2;5;2;4;48;2;8;3;5m▁[38;2;8;2;5;48;2;6;2;4m▝[38;2;11;3;5;48;2;6;3;5m▔[38;2;9;5;8;48;2;6;4;6m▔[38;2;5;3;5;48;2;10;4;6m▆[48;2;8;5;9m▄[38;2;5;4;6;48;2;7;6;10m▄[38;2;8;6;10;48;2;7;5;8m▝[38;2;5;4;7;48;2;7;6;10m▂[38;2;6;4;7m▄[38;2;4;3;6;48;2;7;7;11m▄[48;2;8;8;12m▄[38;2;4;3;5;48;2;7;7;11m▄[48;2;8;8;12m▅[38;2;5;4;7;48;2;9;8;12m▅[38;2;4;4;6;48;2;8;8;11m▄[38;2;5;5;8;48;2;9;9;12m▆[38;2;4;3;6;48;2;8;8;12m▁[38;2;7;6;9;48;2;10;10;14m▁[38;2;5;5;8;48;2;12;11;15m▁[38;2;13;13;17;48;2;10;9;13m▘[38;2;10;10;14;48;2;9;8;12m▕[48;2;11;11;15m▕[38;2;15;14;19;48;2;10;10;13m▔[38;2;17;17;21m▃[38;2;16;16;21;48;2;12;12;15m▁[38;2;17;17;22;48;2;12;11;15m▘[38;2;8;8;12;48;2;14;14;18m▄[38;2;5;5;8;48;2;15;15;19m▃[38;2;4;4;6;48;2;14;14;18m▂[38;2;17;17;22;48;2;10;10;13m▔[38;2;7;6;10;48;2;11;10;14m▃[38;2;5;5;8;48;2;11;11;15m▃[38;2;7;7;10;48;2;11;10;14m▅[38;2;8;8;12;48;2;12;12;16m▆[48;2;12;12;15m▆[38;2;10;9;13;48;2;7;7;10m▋[38;2;5;4;7;48;2;8;7;10m▃[38;2;11;12;15;48;2;6;4;7m▔[38;2;10;10;14;48;2;6;5;7m▔[38;2;8;6;10;48;2;5;4;6m▄[38;2;7;5;9m▆[38;2;7;6;9;48;2;5;4;7m▅[38;2;7;5;9;48;2;5;5;7m▄[38;2;8;7;11;48;2;6;5;7m▅[38;2;9;7;10;48;2;6;5;8m▖[38;2;7;6;9;48;2;7;4;7m▃[38;2;6;5;8m▁[38;2;10;4;7;48;2;8;4;6m▕[38;2;8;4;6;48;2;8;3;6m▁[38;2;11;3;6;48;2;7;3;5m▁[38;2;13;4;7;48;2;9;3;6m▔[38;2;14;4;6;48;2;7;3;5m▏[38;2;12;3;5;48;2;5;2;4m▘[38;2;4;1;2;48;2;7;2;4m▁[38;2;5;2;4;48;2;10;6;9m▆[38;2;5;1;3;48;2;4;2;4m▔ [38;2;4;2;4;48;2;4;2;5m▅[48;2;3;1;3m▃   [38;2;3;1;2;48;2;2;0;1m▆[48;2;3;1;3m [38;2;3;1;3;48;2;2;0;1m▆[48;2;2;1;2m▂[0m
[38;2;2;1;3;48;2;3;2;4m▅[38;2;2;1;2;48;2;4;3;6m▅[38;2;2;1;3;48;2;4;3;5m▅[48;2;4;2;4m▄[48;2;3;2;4m▖[38;2;4;3;5;48;2;4;2;4m▕[38;2;4;2;4;48;2;5;3;5m▅[48;2;4;2;4m [38;2;5;2;4m▖[38;2;5;1;4;48;2;3;1;3m▎[38;2;3;2;3m▏[48;2;4;2;3m [38;2;5;2;4;48;2;4;2;4m▝[38;2;4;2;4;48;2;6;2;4m▅[38;2;5;2;4;48;2;4;2;4m▝[38;2;5;3;5;48;2;5;2;5m▝[48;2;5;3;5m [38;2;5;4;6;48;2;7;3;7m▆[38;2;5;4;7;48;2;5;3;6m▗[38;2;4;3;5;48;2;6;4;7m▃[38;2;7;5;9;48;2;6;5;8m▘[38;2;7;5;8m▍[38;2;5;5;8;48;2;4;3;6m▂[38;2;6;4;8m▄[38;2;6;5;9;48;2;5;3;7m▗[38;2;7;6;10;48;2;4;4;6m▅[38;2;6;5;9;48;2;5;4;7m▆[38;2;6;6;9m▅[38;2;7;7;11;48;2;5;4;8m▄[38;2;7;7;10;48;2;5;4;7m▅[38;2;8;8;11;48;2;4;4;7m▄[38;2;8;7;11;48;2;6;5;8m▄[38;2;7;6;10;48;2;5;4;7m▄[38;2;7;7;9;48;2;6;5;8m▕[38;2;6;5;9;48;2;9;9;13m▅[38;2;12;12;16;48;2;8;8;11m▝[38;2;8;8;11;48;2;12;12;16m▄[38;2;10;10;14;48;2;8;8;11m▘[38;2;11;11;15;48;2;10;10;14m▔[38;2;18;18;23m▔[38;2;6;6;9;48;2;14;14;18m▃[38;2;10;10;13;48;2;9;9;12m▏[38;2;8;8;11;48;2;10;10;14m▆[38;2;8;7;11;48;2;9;9;13m▕[38;2;7;6;10m▆[38;2;6;5;8;48;2;8;8;12m▆[38;2;8;8;11;48;2;7;6;9m▔[38;2;9;10;14;48;2;6;5;9m▔[38;2;11;10;14;48;2;6;5;8m▔[38;2;4;3;6;48;2;7;7;10m▅[38;2;5;4;7;48;2;10;9;13m▆[48;2;8;7;11m▆[38;2;9;7;10;48;2;5;4;8m▝[38;2;5;4;7;48;2;8;6;10m▅[38;2;4;4;7;48;2;8;7;11m▅[38;2;6;5;8m▅[48;2;8;6;10m▁[38;2;7;6;9;48;2;7;5;9m▏[38;2;8;5;8;48;2;6;4;8m▔[48;2;6;4;7m [38;2;6;4;6;48;2;9;6;9m▆[38;2;5;3;6;48;2;10;5;8m▄[38;2;7;4;7;48;2;11;5;7m▆[38;2;9;4;7;48;2;6;3;5m▘[38;2;7;2;4m▔[38;2;5;3;5m▊[48;2;4;2;4m [38;2;5;2;4;48;2;6;2;4m▁[38;2;9;3;6;48;2;6;3;5m▝[48;2;6;2;5m▔[38;2;6;2;4;48;2;5;2;5m▔[38;2;4;2;4;48;2;6;3;5m▅[48;2;4;1;3m▔[38;2;3;2;4;48;2;3;1;3m▘ [38;2;4;1;3m▗[38;2;4;2;3m▁ [38;2;3;1;2m▁[38;2;3;1;3;48;2;3;1;2m▘[0m
[?25h