[?25l[0m[38;2;3;2;4;48;2;3;3;4m▅[48;2;4;3;5m [38;2;5;4;6;48;2;9;5;7m▋[38;2;8;5;8;48;2;2;2;3m▎[38;2;2;1;3;48;2;4;4;7m▋[38;2;7;6;9;48;2;6;4;7m▁[38;2;9;7;10;48;2;7;4;6m▝[38;2;4;3;5;48;2;7;6;9m▋[38;2;6;5;8;48;2;8;7;11m▊[38;2;9;6;10;48;2;6;4;7m▖[38;2;4;3;5;48;2;3;2;3m▁[38;2;11;6;9;48;2;6;3;6m▝[38;2;10;5;8;48;2;8;5;9m▕[38;2;7;5;8;48;2;3;3;5m▏[38;2;3;3;6;48;2;4;4;7m▞[38;2;5;5;8;48;2;1;1;2m▊[38;2;1;1;2;48;2;6;7;10m▌[38;2;7;8;11;48;2;3;3;4m▎[38;2;3;3;4;48;2;7;7;11m▕[38;2;1;1;2;48;2;3;2;5m▋[38;2;7;8;11;48;2;5;5;8m▂[38;2;8;10;14m▁[38;2;7;8;11;48;2;6;6;9m▝[38;2;3;3;6;48;2;4;4;8m▌[38;2;19;21;28;48;2;6;7;10m▕[38;2;21;23;31;48;2;8;9;13m▊[38;2;27;31;40;48;2;8;10;13m▕[38;2;22;25;33;48;2;11;11;16m▍[38;2;17;19;26;48;2;15;17;23m▔[38;2;15;17;23;48;2;14;15;20m▁[38;2;14;15;19;48;2;19;21;28m▍[38;2;16;16;23;48;2;13;13;18m▘[38;2;14;14;19;48;2;16;17;22m▊[38;2;17;18;23;48;2;21;23;31m▏[38;2;21;21;28;48;2;22;23;30m▌[38;2;22;23;30;48;2;26;27;36m▍[38;2;26;27;36;48;2;27;29;38m▃[38;2;27;28;37;48;2;28;30;40m▄[38;2;28;30;39;48;2;30;32;42m▄[38;2;29;31;41;48;2;33;35;46m▃[38;2;31;33;43;48;2;35;38;48m▃[48;2;36;38;49m▃[38;2;29;31;41;48;2;34;36;46m▃[38;2;30;32;42;48;2;28;29;39m▘[38;2;25;26;34;48;2;27;28;37m▗[38;2;23;24;32;48;2;25;26;35m▄[38;2;23;24;31;48;2;21;21;28m▋[38;2;20;21;27m▅[38;2;21;22;29;48;2;20;21;27m▁[38;2;21;23;30;48;2;30;33;41m▗[38;2;29;32;40;48;2;21;23;30m▎[38;2;16;17;22;48;2;14;15;19m▖[48;2;28;32;41m▋[38;2;16;17;21;48;2;25;28;37m▊[38;2;27;30;39;48;2;19;21;27m▏[38;2;30;33;43;48;2;15;16;21m▝[38;2;27;30;40;48;2;14;15;18m▎[38;2;35;40;50;48;2;20;22;28m▎[38;2;10;11;15;48;2;25;28;37m▋[38;2;20;22;28;48;2;14;15;20m▘[38;2;10;11;14;48;2;9;9;13m▎[38;2;7;6;10;48;2;5;5;7m▋[38;2;7;7;10;48;2;13;14;18m▋[38;2;12;13;17;48;2;5;5;8m▍[38;2;5;5;7;48;2;8;8;11m▊[38;2;12;12;16;48;2;10;10;14m▂[38;2;8;7;11;48;2;5;4;7m▏[38;2;4;3;5;48;2;6;6;9m▎[38;2;8;8;11;48;2;5;4;6m▊[38;2;6;5;7m▕[38;2;10;8;11;48;2;8;6;9m▗[38;2;11;8;11;48;2;9;7;10m▕[48;2;10;7;10m▏[38;2;9;6;8;48;2;12;8;11m▌[38;2;15;11;13;48;2;14;9;12m▘[38;2;15;9;12;48;2;13;9;12m▔[38;2;10;6;10;48;2;12;8;11m▕[38;2;10;7;10;48;2;7;4;7m▘[48;2;4;3;5m [38;2;4;3;4;48;2;4;2;4m▔[0m
[38;2;2;2;4;48;2;2;2;3m▝[38;2;2;2;3;48;2;4;3;5m▋[38;2;7;4;6;48;2;3;2;3m▝[38;2;4;2;2;48;2;2;2;3m▏[38;2;3;3;5;48;2;5;4;8m▍[38;2;5;3;6;48;2;6;4;7m▔[38;2;10;7;11;48;2;6;3;5m▗[38;2;4;3;5;48;2;8;5;9m▋[38;2;10;6;10;48;2;8;4;7m▏[38;2;7;2;5;48;2;9;5;8m▁[38;2;27;6;8;48;2;6;3;6m▁[38;2;5;2;4;48;2;8;4;7m▏[38;2;8;5;8;48;2;4;3;6m▔[38;2;3;3;6;48;2;2;2;3m▝[38;2;4;4;8;48;2;4;3;6m▁[48;2;1;1;2m▋[38;2;1;1;2;48;2;6;6;10m▍[38;2;7;7;11;48;2;4;4;7m▕[38;2;1;1;1;48;2;6;6;10m▕[48;2;2;2;3m▋[38;2;7;7;10;48;2;4;4;7m▎[38;2;13;14;20;48;2;7;8;11m▂[38;2;9;10;14;48;2;6;7;11m▎[38;2;3;3;6;48;2;4;4;8m▍[38;2;20;23;32;48;2;7;7;11m▕[38;2;17;19;25;48;2;4;4;7m▊[38;2;7;8;11;48;2;17;19;25m▊[38;2;17;18;24;48;2;8;9;12m▍[38;2;18;19;27;48;2;15;16;22m▖[38;2;13;15;20m▔[38;2;21;24;31;48;2;15;16;21m▝[38;2;14;15;20;48;2;12;13;17m▖[48;2;13;14;18m▏[38;2;19;21;27;48;2;18;18;24m▍[38;2;22;23;30;48;2;19;19;26m▎[38;2;19;21;27;48;2;25;26;35m▊[38;2;22;23;30;48;2;25;26;34m▖[38;2;25;26;34;48;2;26;27;36m▅[38;2;38;43;53;48;2;26;28;37m▁[38;2;34;39;49;48;2;27;29;38m▃[38;2;28;31;41;48;2;31;34;44m▕[38;2;46;52;64;48;2;27;29;39m▂[38;2;44;51;61;48;2;26;27;36m▁[38;2;24;25;33;48;2;26;27;35m▄[38;2;24;24;32;48;2;22;23;30m▊[38;2;20;21;27m▕[38;2;22;23;31;48;2;20;21;27m▍[38;2;26;29;36;48;2;19;20;25m▕[38;2;22;24;32;48;2;18;19;25m▘[38;2;25;27;35m▘[48;2;20;21;27m [38;2;17;17;23;48;2;13;14;18m▍[38;2;24;28;37;48;2;17;18;23m▕[38;2;28;31;41;48;2;15;16;20m▕[38;2;30;34;44;48;2;21;23;31m▏[38;2;11;12;16;48;2;13;14;18m▊[38;2;18;20;26;48;2;11;12;16m▍[38;2;15;16;22;48;2;17;18;25m▁[38;2;8;9;12;48;2;20;22;30m▊[38;2;20;23;30;48;2;16;17;23m▂[38;2;11;12;17;48;2;9;9;13m▖[38;2;8;8;12;48;2;6;6;9m▎[38;2;6;6;9;48;2;12;13;17m▋[38;2;4;3;6;48;2;9;9;13m▕[38;2;3;3;4;48;2;5;5;8m▋[38;2;10;10;14;48;2;11;12;16m▞[38;2;8;8;12;48;2;3;3;6m▎[38;2;3;3;4;48;2;5;5;8m▌[38;2;5;4;6;48;2;8;8;11m▕[48;2;5;3;5m▍[38;2;6;5;7;48;2;11;7;11m▋[38;2;10;8;11;48;2;9;6;9m▝[38;2;8;6;9;48;2;12;8;11m▆[38;2;12;7;11;48;2;8;5;6m▕[38;2;15;10;15;48;2;13;8;11m▕[38;2;14;10;15;48;2;13;8;12m▁[38;2;11;8;11;48;2;9;6;9m▊[38;2;8;5;8;48;2;5;3;6m▎[38;2;4;4;6;48;2;3;2;4m▕[38;2;5;5;7;48;2;4;3;5m▖[0m
[38;2;1;1;2;48;2;1;1;2m [38;2;2;2;3;48;2;3;2;5m▋[38;2;3;2;4;48;2;2;1;2m▖[38;2;2;2;4;48;2;1;1;2m▕[38;2;4;4;8;48;2;4;3;7m▄[38;2;8;4;7;48;2;5;3;6m▖[38;2;15;4;7;48;2;7;4;7m▗[38;2;2;1;2;48;2;5;4;7m▌[38;2;7;5;9;48;2;7;3;5m▕[38;2;9;4;7;48;2;6;3;5m▁[38;2;21;4;6;48;2;5;3;6m▔[38;2;5;5;8;48;2;4;3;6m▁[38;2;3;3;5;48;2;2;2;4m▋[38;2;2;1;3;48;2;3;3;5m▊[38;2;3;3;5;48;2;5;5;9m▄[38;2;4;4;7;48;2;1;1;1m▌[38;2;1;1;3;48;2;6;6;9m▎[38;2;4;5;8;48;2;8;8;12m▋[38;2;5;5;9;48;2;1;0;1m▊[38;2;1;1;1;48;2;2;2;4m▌[38;2;8;9;13;48;2;4;5;8m▖[38;2;4;5;8;48;2;9;10;15m▎[38;2;8;10;13;48;2;6;7;10m▏[38;2;4;4;7;48;2;6;6;10m▍[38;2;7;7;11;48;2;16;18;25m▊[38;2;15;17;23;48;2;3;3;6m▊[38;2;7;8;11;48;2;15;17;23m▋[38;2;18;19;26;48;2;9;10;13m▎[38;2;15;17;22;48;2;19;21;28m▊[38;2;20;22;28;48;2;14;15;20m▏[38;2;19;21;28;48;2;16;17;22m▖[38;2;23;27;35;48;2;15;16;21m▁[38;2;23;26;34;48;2;14;15;19m▗[38;2;25;28;37;48;2;20;22;29m▁[38;2;31;35;45;48;2;24;27;35m▁[38;2;25;28;37;48;2;31;35;44m▋[38;2;21;24;32;48;2;29;34;42m▂[38;2;38;43;55;48;2;25;29;38m▔[38;2;14;16;22;48;2;32;36;46m▃[38;2;23;26;34;48;2;38;43;54m▆[38;2;33;38;48;48;2;28;32;41m▂[38;2;45;52;65;48;2;29;34;43m▔[38;2;38;44;56m▝[38;2;27;32;41;48;2;42;47;57m▆[38;2;33;37;46;48;2;25;28;36m▝[38;2;31;34;43;48;2;25;29;38m▘[38;2;27;32;41;48;2;25;28;36m▖[38;2;36;41;51;48;2;24;26;34m▕[38;2;27;31;40;48;2;22;25;32m▏[38;2;17;18;24;48;2;21;24;31m▕[38;2;22;25;32;48;2;18;20;26m▁[38;2;13;14;18;48;2;16;17;22m▕[38;2;11;12;15;48;2;14;15;20m▏[38;2;28;32;42;48;2;13;15;20m▁[38;2;38;43;53;48;2;24;28;36m▖[38;2;11;12;16;48;2;9;10;13m▘[38;2;15;16;21;48;2;10;11;15m▘[38;2;15;15;21;48;2;14;16;21m▔[38;2;13;15;20;48;2;7;8;11m▕[38;2;19;21;30;48;2;16;18;24m▔[38;2;13;15;21;48;2;11;13;18m▂[38;2;11;12;16;48;2;6;7;10m▏[38;2;5;6;9;48;2;10;10;14m▊[38;2;11;12;16;48;2;9;9;13m▏[38;2;2;2;4;48;2;6;6;10m▊[38;2;9;10;14;48;2;11;12;16m▆[38;2;9;9;12;48;2;4;4;7m▖[38;2;3;3;5m▌[38;2;8;9;13;48;2;8;8;12m▖[38;2;6;6;9;48;2;4;3;6m▏[38;2;10;7;10;48;2;5;4;6m▕[38;2;12;5;8;48;2;10;7;11m▏[38;2;11;8;11;48;2;9;5;8m▌[38;2;10;4;6;48;2;6;3;5m▕[38;2;13;8;12;48;2;11;7;10m▁[38;2;10;7;10;48;2;11;6;9m▔[38;2;12;7;11;48;2;10;6;8m▂[38;2;11;6;10;48;2;7;4;7m▍[38;2;5;3;5;48;2;3;2;4m▏[38;2;5;4;7;48;2;6;5;8m▏[0m
[38;2;1;1;2;48;2;2;2;3m▋[38;2;2;1;3;48;2;5;4;7m▎[38;2;7;3;5;48;2;2;1;2m▖[38;2;1;1;2;48;2;7;4;7m▊[38;2;2;2;4;48;2;5;4;7m▕[38;2;10;6;10;48;2;7;3;6m▖[38;2;9;3;5;48;2;6;2;3m▖[38;2;3;2;3;48;2;10;6;9m▍[38;2;11;5;8;48;2;7;4;7m▎[38;2;11;4;6m▎[38;2;12;5;8;48;2;6;4;6m▌[38;2;6;3;7;48;2;8;8;12m▎[38;2;5;5;8;48;2;2;2;4m▌[38;2;1;1;2;48;2;4;3;7m▋[38;2;6;7;10;48;2;5;5;9m▘[38;2;5;5;8;48;2;1;1;2m▍[38;2;7;8;12;48;2;5;6;9m▃[38;2;6;7;10;48;2;6;6;10m▁[38;2;4;4;7;48;2;1;0;1m▋[38;2;2;2;4;48;2;5;6;9m▍[38;2;10;11;15;48;2;3;4;7m▊[38;2;5;6;9;48;2;11;13;18m▊[38;2;7;8;12;48;2;3;3;6m▌[38;2;11;12;17;48;2;6;7;10m▕[38;2;7;8;12;48;2;12;14;19m▋[38;2;13;15;21;48;2;5;6;9m▋[38;2;7;8;11;48;2;11;12;17m▏[38;2;18;20;28;48;2;9;11;15m▂[38;2;24;27;35;48;2;15;17;23m▁[38;2;16;18;25;48;2;16;18;24m▏[38;2;13;15;21;48;2;23;25;33m▆[38;2;23;26;35;48;2;17;19;25m▝[38;2;25;28;36;48;2;16;18;24m▘[38;2;24;29;38;48;2;20;23;31m▝[38;2;18;21;29;48;2;24;28;37m▆[38;2;16;18;25;48;2;24;27;36m▁[38;2;14;12;16;48;2;25;29;39m▁[38;2;16;17;24;48;2;20;23;31m▄[38;2;13;11;15;48;2;25;28;37m▃[38;2;12;10;13;48;2;23;26;35m▃[38;2;12;11;15;48;2;26;30;40m▄[38;2;13;10;14;48;2;25;29;38m▃[38;2;12;10;14;48;2;26;30;38m▃[38;2;14;14;19;48;2;24;27;36m▃[38;2;12;12;16;48;2;21;24;33m▂[38;2;23;27;35;48;2;20;23;31m▔[38;2;27;32;40;48;2;20;22;30m▏[38;2;21;25;33;48;2;18;20;27m▕[38;2;22;25;33;48;2;20;23;31m▅[38;2;22;26;34;48;2;19;22;30m▔[38;2;23;26;34;48;2;18;21;28m▝[38;2;13;14;20;48;2;14;16;21m▁[38;2;23;26;32;48;2;15;17;22m▕[38;2;33;38;48;48;2;14;16;21m▘[38;2;18;20;26;48;2;19;22;30m▆[38;2;10;11;14;48;2;5;6;9m▊[38;2;8;9;12;48;2;11;12;17m▏[38;2;21;24;31;48;2;12;13;18m▕[38;2;10;11;15;48;2;7;8;12m▎[38;2;12;13;18;48;2;11;9;13m▔[38;2;6;4;6;48;2;12;14;19m▆[38;2;3;3;5;48;2;7;8;11m▆[48;2;6;6;10m▍[38;2;13;13;17;48;2;10;10;15m▃[38;2;6;7;10;48;2;4;4;7m▖[38;2;7;7;10;48;2;12;13;17m▍[38;2;13;14;20;48;2;7;7;11m▖[38;2;3;2;5;48;2;5;5;8m▄[38;2;5;3;6;48;2;7;7;11m▆[38;2;6;5;8;48;2;5;3;5m▖[38;2;9;6;9;48;2;7;4;6m▕[38;2;12;7;10;48;2;13;8;12m▌[38;2;15;9;13;48;2;15;10;14m▕[38;2;13;7;10;48;2;9;4;5m▌[38;2;9;4;6;48;2;13;8;11m▆[38;2;9;3;5;48;2;12;6;8m▖[38;2;12;7;11;48;2;14;9;13m▋[38;2;15;10;14;48;2;13;8;11m▖[38;2;10;6;9;48;2;5;2;4m▍[38;2;5;5;7;48;2;4;3;5m▝[0m
[38;2;2;1;3;48;2;1;1;2m▁[38;2;4;3;5;48;2;5;3;6m▕[48;2;1;1;1m▎[38;2;2;1;3;48;2;8;4;8m▊[38;2;6;4;8;48;2;2;2;4m▍[38;2;12;4;8;48;2;11;4;7m▁[38;2;15;4;7;48;2;5;2;2m▖[38;2;8;5;8;48;2;12;7;11m▊[38;2;11;5;8;48;2;4;2;4m▍[38;2;14;5;9;48;2;8;4;7m▕[38;2;15;6;9;48;2;10;4;7m▍[38;2;6;5;8;48;2;8;9;13m▏[38;2;6;6;9;48;2;1;1;2m▋[38;2;2;2;4;48;2;5;6;9m▊[38;2;6;6;10;48;2;7;8;12m▞[38;2;4;5;8;48;2;1;1;3m▎[38;2;6;7;11;48;2;3;3;6m▊[38;2;10;11;16;48;2;6;7;11m▁[38;2;5;5;9;48;2;2;2;4m▋[38;2;10;11;15;48;2;5;6;9m▕[38;2;8;9;12;48;2;3;3;7m▊[38;2;7;8;11;48;2;10;12;16m▋[38;2;8;9;13;48;2;3;3;6m▌[38;2;13;15;20;48;2;8;10;14m▕[38;2;8;9;13;48;2;11;12;16m▌[38;2;16;18;25;48;2;10;12;16m▔[38;2;26;30;40;48;2;9;11;15m▁[38;2;8;9;13;48;2;11;13;18m▕[38;2;12;14;18;48;2;9;10;14m▁[38;2;14;16;22;48;2;11;12;17m▁[38;2;13;13;17;48;2;9;10;14m▕[38;2;16;13;18;48;2;12;13;17m▗[38;2;12;5;8;48;2;15;16;22m▃[38;2;16;18;26;48;2;12;9;12m▔[38;2;24;27;36;48;2;12;7;9m▔[38;2;16;15;21;48;2;13;7;10m▔[38;2;19;17;23;48;2;13;8;12m▂[38;2;25;25;33;48;2;15;10;13m▃[38;2;27;27;36;48;2;12;9;12m▄[38;2;30;31;41;48;2;15;10;14m▄[38;2;32;33;44;48;2;17;11;16m▄[38;2;31;32;42;48;2;14;9;13m▄[38;2;32;32;42;48;2;16;11;15m▃[38;2;22;22;30;48;2;14;9;13m▂[38;2;18;15;19;48;2;12;8;12m▁[38;2;14;13;19;48;2;12;8;11m▔[38;2;16;16;21;48;2;13;7;11m▔[38;2;14;7;11;48;2;15;15;21m▆[38;2;14;15;20;48;2;12;8;12m▘[38;2;15;13;18;48;2;12;11;16m▏[38;2;15;17;23m▔[38;2;10;10;14;48;2;19;22;31m▆[38;2;10;12;16;48;2;8;8;11m▔[38;2;8;9;12;48;2;11;12;16m▄[38;2;20;21;27;48;2;15;15;20m▕[38;2;9;11;14;48;2;6;6;9m▊[38;2;10;11;16;48;2;8;9;13m▝[38;2;19;20;27;48;2;10;11;15m▕[38;2;13;15;21m▏[38;2;10;11;15;48;2;9;9;13m▔[38;2;12;13;18;48;2;14;15;20m▔[38;2;13;14;19;48;2;5;6;9m▌[38;2;11;9;13;48;2;4;4;7m▝[38;2;6;3;4;48;2;13;12;16m▅[38;2;12;12;16;48;2;7;8;11m▁[38;2;12;12;17;48;2;9;9;14m▗[38;2;10;10;14;48;2;8;9;12m▏[38;2;5;4;8;48;2;3;3;6m▍[38;2;5;5;8;48;2;8;8;12m▌[38;2;8;7;11;48;2;5;4;6m▖[38;2;6;3;5;48;2;9;6;8m▌[38;2;12;7;10;48;2;13;7;10m▕[38;2;12;6;9;48;2;15;9;13m▆[38;2;13;6;9;48;2;9;4;5m▎[38;2;10;5;7;48;2;7;3;4m▃[38;2;7;3;4;48;2;10;4;6m▋[38;2;12;7;10;48;2;11;5;7m▝[48;2;12;7;10m [38;2;11;6;9;48;2;6;4;6m▌[38;2;3;3;5;48;2;3;2;3m▖[0m
[38;2;2;1;3;48;2;5;3;6m▊[38;2;7;3;6;48;2;6;3;7m▕[38;2;6;3;5;48;2;1;1;1m▏[38;2;1;1;2;48;2;5;3;7m▌[38;2;8;4;6;48;2;3;2;5m▕[38;2;15;5;8;48;2;14;5;8m▁[38;2;4;1;2;48;2;13;3;6m▕[38;2;9;6;10;48;2;7;3;6m▔[38;2;11;3;6;48;2;5;2;4m▏[38;2;14;7;12;48;2;8;4;7m▕[38;2;10;5;9;48;2;13;5;9m▅[38;2;6;6;10;48;2;8;9;13m▊[38;2;6;7;10;48;2;1;1;2m▊[48;2;2;2;4m▕[38;2;7;8;11;48;2;6;6;10m▏[38;2;6;7;11;48;2;2;2;4m▕[38;2;4;4;7;48;2;7;8;12m▍[38;2;14;15;22;48;2;10;11;16m▁[38;2;11;12;16;48;2;4;4;6m▎[38;2;5;6;9;48;2;10;12;17m▊[38;2;9;10;14;48;2;6;7;10m▖[38;2;6;7;10;48;2;10;11;16m▋[38;2;5;6;9;48;2;2;3;5m▍[38;2;4;5;8;48;2;8;9;13m▃[48;2;9;10;14m [38;2;11;12;16;48;2;10;11;16m▁[38;2;8;9;12;48;2;14;15;21m▕[38;2;7;7;10;48;2;9;10;13m▁[38;2;11;11;16;48;2;7;8;12m▝[38;2;6;3;5;48;2;8;8;12m▆[38;2;9;6;10;48;2;8;3;5m▔[38;2;8;4;7;48;2;12;4;6m▁[38;2;16;13;17;48;2;14;5;8m▁[38;2;17;18;23;48;2;14;8;11m▂[38;2;19;19;25;48;2;16;13;17m▃[38;2;21;21;27;48;2;18;17;21m▖[38;2;20;20;27;48;2;22;22;30m▊[38;2;22;21;28;48;2;25;25;33m▌[38;2;25;25;33;48;2;28;27;36m▍[38;2;28;27;37;48;2;30;29;40m▖[38;2;31;31;42;48;2;33;34;45m▅[38;2;31;30;41;48;2;33;33;44m▄[38;2;31;32;41;48;2;28;29;38m▍[38;2;23;24;33;48;2;21;22;29m▝[38;2;23;24;31;48;2;18;18;23m▏[38;2;21;22;29;48;2;19;18;24m▗[38;2;15;9;12;48;2;19;19;25m▝[38;2;15;13;17;48;2;11;6;9m▄[38;2;17;13;17;48;2;14;6;9m▁[38;2;9;4;7;48;2;14;6;8m▆[38;2;13;5;8;48;2;12;5;7m▏[38;2;8;5;8;48;2;13;9;13m▌[38;2;10;9;13;48;2;9;7;10m▔[38;2;10;6;9;48;2;10;10;13m▆[38;2;15;11;15;48;2;17;15;20m▆[38;2;10;11;15;48;2;8;9;12m▋[38;2;7;8;11;48;2;11;12;17m▊[38;2;10;11;15;48;2;8;8;11m▝[38;2;13;14;19;48;2;10;11;15m▔[38;2;7;7;11;48;2;15;10;15m▋[38;2;10;5;7;48;2;18;16;23m▃[38;2;13;15;20;48;2;6;7;10m▘[38;2;8;10;15;48;2;5;6;9m▁[38;2;3;3;5;48;2;8;6;9m▍[38;2;12;11;16;48;2;11;11;15m▖[38;2;9;10;14;48;2;11;11;16m▏[38;2;14;14;20;48;2;9;9;13m▄[38;2;8;7;12;48;2;6;5;9m▏[38;2;4;4;7;48;2;8;8;12m▘[38;2;9;7;11;48;2;7;4;7m▌[38;2;8;4;5;48;2;12;7;9m▌[38;2;16;8;11;48;2;13;7;10m▗[38;2;14;7;10;48;2;11;6;8m▖[38;2;10;4;6;48;2;13;6;8m▊[38;2;17;9;13;48;2;12;6;8m▖[38;2;8;3;4;48;2;12;4;6m▊[38;2;19;11;17;48;2;12;7;10m▂[38;2;17;10;15;48;2;14;7;11m▃[38;2;15;7;10;48;2;4;2;4m▊[38;2;3;2;4;48;2;4;3;5m▊[0m
[38;2;3;3;5;48;2;7;4;7m▍[38;2;4;1;3;48;2;7;3;6m▕[38;2;2;1;2;48;2;1;1;1m▁[48;2;5;3;5m▎[38;2;3;2;4;48;2;10;4;7m▊[38;2;26;6;9;48;2;15;4;7m▝[38;2;28;6;10;48;2;7;1;3m▘[38;2;8;4;7;48;2;15;5;9m▋[38;2;12;3;5;48;2;4;2;3m▖[38;2;5;3;5;48;2;11;5;8m▋[38;2;20;10;15;48;2;11;7;12m▗[38;2;11;10;15;48;2;7;7;11m▖[38;2;7;7;11;48;2;1;1;2m▋[38;2;2;2;5;48;2;6;7;10m▋[38;2;7;8;11;48;2;3;3;6m▎[38;2;7;7;11;48;2;4;3;7m▗[48;2;4;4;8m▗[38;2;16;18;26;48;2;12;12;17m▔[38;2;11;12;16;48;2;4;4;6m▘[38;2;6;7;10;48;2;10;12;16m▋[38;2;5;6;9;48;2;10;11;16m▌[38;2;14;15;20;48;2;9;11;16m▕[38;2;13;14;20;48;2;17;19;27m▆[38;2;12;14;19;48;2;7;7;11m▘[38;2;7;6;9;48;2;7;8;12m▁[38;2;12;12;16;48;2;17;19;25m▆[38;2;13;11;15;48;2;9;7;11m▏[38;2;8;9;13;48;2;7;6;9m▘[38;2;6;4;6;48;2;5;5;8m▄[38;2;9;3;5;48;2;6;2;4m▝[38;2;15;13;18;48;2;11;6;8m▁[38;2;14;10;13;48;2;16;15;19m▏[38;2;20;21;26;48;2;14;13;17m▎[38;2;23;23;32;48;2;18;18;24m▕[38;2;20;20;26m▔[38;2;20;20;25;48;2;19;19;24m▂[38;2;25;25;33;48;2;22;21;28m▕[38;2;25;26;35;48;2;23;22;29m▗[38;2;28;31;40;48;2;28;27;36m▁[38;2;28;29;38;48;2;27;27;36m▏[38;2;30;31;41;48;2;29;30;40m▕[38;2;27;27;37;48;2;30;30;40m▕[38;2;27;30;39;48;2;25;25;33m▂[38;2;26;27;35;48;2;21;21;28m▁[38;2;25;26;33;48;2;18;18;24m▏[38;2;23;23;31;48;2;20;21;28m▂[38;2;21;22;30;48;2;19;20;27m▖[38;2;18;19;25;48;2;17;17;22m▏[38;2;18;20;26;48;2;15;16;21m▗[38;2;14;14;19;48;2;13;8;12m▅[38;2;15;14;20;48;2;10;6;8m▂[38;2;14;6;9;48;2;12;5;7m▕[38;2;12;5;8;48;2;14;6;9m▁[38;2;17;7;10;48;2;11;7;10m▏[38;2;21;7;11;48;2;16;9;13m▕[38;2;20;10;14;48;2;10;10;13m▏[38;2;14;15;21;48;2;9;9;13m▗[38;2;6;5;8;48;2;11;9;13m▂[38;2;16;17;23;48;2;11;12;17m▁[38;2;11;12;17;48;2;4;4;7m▍[38;2;16;14;19;48;2;6;3;4m▕[38;2;21;20;27;48;2;16;16;22m▏[38;2;15;17;23;48;2;8;9;13m▎[38;2;4;4;7;48;2;10;7;10m▋[38;2;13;11;15;48;2;15;17;22m▋[38;2;11;11;15;48;2;13;12;18m▊[38;2;17;18;25;48;2;14;14;21m▁[38;2;11;10;14;48;2;9;7;11m▍[38;2;9;6;10;48;2;11;9;14m▋[38;2;13;10;15;48;2;11;6;8m▋[38;2;11;5;7;48;2;16;7;10m▊[38;2;17;8;11;48;2;20;9;12m▕[38;2;24;11;15;48;2;17;8;11m▂[38;2;16;6;9;48;2;13;5;7m▄[38;2;18;8;12;48;2;13;6;9m▘[38;2;12;5;7;48;2;10;4;5m▎[38;2;21;13;18;48;2;17;9;13m▝[38;2;15;8;11;48;2;18;9;14m▁[38;2;7;3;6;48;2;17;8;12m▕[38;2;4;3;4;48;2;3;2;3m▃[0m
[38;2;14;5;7;48;2;7;4;7m▕[38;2;26;5;8;48;2;8;3;5m▃[38;2;4;2;4;48;2;3;1;3m▖[38;2;6;4;7;48;2;6;3;5m▍[38;2;6;3;5;48;2;15;4;7m▋[38;2;18;6;8;48;2;14;4;6m▔[38;2;14;3;5;48;2;7;2;3m▏[38;2;13;5;8;48;2;19;7;10m▊[38;2;16;4;8;48;2;8;5;8m▎[38;2;16;8;12;48;2;10;5;9m▝[38;2;36;8;12;48;2;19;6;11m▘[38;2;11;7;11;48;2;8;5;10m▊[38;2;6;5;8;48;2;3;3;5m▏[38;2;4;3;7;48;2;8;9;13m▊[38;2;5;5;8;48;2;6;6;9m▃[38;2;5;4;8;48;2;8;8;12m▍[38;2;6;6;10m▌[38;2;18;18;25;48;2;12;12;18m▏[38;2;14;15;21;48;2;5;5;8m▅[38;2;15;16;23;48;2;4;4;7m▖[38;2;9;10;14;48;2;4;4;8m▝[38;2;8;9;13;48;2;16;18;25m▊[38;2;13;14;19;48;2;11;12;17m▏[38;2;10;11;15m▁[38;2;7;7;10;48;2;14;14;20m▁[38;2;10;5;8;48;2;6;3;5m▖[38;2;18;10;13;48;2;11;7;10m▗[38;2;10;4;7;48;2;12;8;11m▁[38;2;11;6;8;48;2;7;5;7m▂[38;2;9;5;6;48;2;15;12;16m▏[38;2;19;18;26;48;2;16;14;19m▕[38;2;19;18;24;48;2;17;15;20m▔[38;2;22;22;28;48;2;17;17;22m▝[38;2;21;21;27;48;2;19;18;24m▕[38;2;17;16;21;48;2;21;20;27m▂[38;2;20;21;28;48;2;20;20;27m▕[38;2;23;25;34;48;2;22;23;30m▔[38;2;20;17;23;48;2;23;25;34m▂[38;2;19;18;24;48;2;27;30;39m▆[38;2;19;15;20;48;2;21;23;30m▃[38;2;17;15;20;48;2;24;27;36m▄[38;2;18;16;22;48;2;24;26;35m▄[38;2;18;18;24;48;2;23;25;34m▄[38;2;17;17;22;48;2;24;26;34m▃[38;2;25;26;34;48;2;20;20;27m▘[38;2;15;15;21;48;2;22;23;31m▁[38;2;20;21;28;48;2;18;19;25m▘[38;2;18;19;25;48;2;17;17;23m▏[38;2;20;22;28;48;2;18;19;26m▝[38;2;19;21;27;48;2;14;15;19m▎[38;2;20;20;26;48;2;16;15;20m▗[38;2;12;9;13;48;2;10;9;13m▁[38;2;16;6;9;48;2;11;8;11m▔[38;2;15;6;9;48;2;11;5;7m▕[38;2;24;11;15;48;2;12;5;7m▘[38;2;21;4;6;48;2;16;8;12m▏[38;2;12;13;18;48;2;11;11;16m▔[38;2;4;4;8;48;2;8;6;9m▊[38;2;12;10;14;48;2;13;15;20m▊[38;2;14;16;21;48;2;7;8;12m▍[38;2;4;4;7;48;2;13;5;8m▌[38;2;22;19;27;48;2;15;15;21m▏[38;2;18;16;21;48;2;10;11;15m▎[38;2;18;9;12;48;2;7;7;11m▕[38;2;14;11;16;48;2;18;19;26m▊[38;2;16;17;25;48;2;13;11;16m▏[38;2;14;13;17;48;2;12;11;16m▏[38;2;12;10;15;48;2;12;8;12m▘[38;2;13;7;11;48;2;17;10;15m▋[38;2;24;12;18;48;2;18;11;16m▃[38;2;22;9;12;48;2;15;6;9m▃[38;2;19;8;11;48;2;30;13;18m▊[38;2;28;10;14;48;2;23;9;13m▔[38;2;18;8;11;48;2;11;4;6m▌[38;2;10;6;8;48;2;9;4;6m▕[38;2;14;7;10;48;2;9;4;5m▍[38;2;17;8;11;48;2;16;9;14m▊[38;2;14;7;10;48;2;15;8;11m▌[38;2;18;7;11;48;2;14;6;10m▝[38;2;14;5;8;48;2;5;3;5m▏[0m
[38;2;20;6;9;48;2;10;5;9m▕[38;2;11;3;6;48;2;28;6;8m▅[38;2;8;3;6;48;2;5;2;5m▌[38;2;11;5;8;48;2;8;4;6m▖[38;2;20;5;8;48;2;15;5;7m▄[48;2;18;4;6m [38;2;13;3;5;48;2;23;6;8m▌[38;2;23;6;7;48;2;14;5;8m▁[38;2;13;4;6;48;2;7;3;5m▎[38;2;16;6;9;48;2;8;3;5m▁[38;2;7;2;4;48;2;11;6;11m▊[38;2;15;8;12;48;2;11;6;10m▅[38;2;14;5;8;48;2;4;2;4m▏[38;2;6;4;7;48;2;8;6;10m▊[38;2;7;6;9;48;2;7;4;7m▋[38;2;11;5;9;48;2;8;5;10m▁[38;2;14;8;12;48;2;9;6;10m▁[38;2;22;15;21;48;2;17;14;19m▖[38;2;15;15;21;48;2;9;10;15m▔[38;2;9;10;14;48;2;5;5;8m▘[38;2;11;11;17;48;2;8;8;13m▁[38;2;7;8;12;48;2;9;9;14m▏[38;2;16;19;24;48;2;9;11;16m▕[38;2;18;21;26;48;2;11;12;17m▏[38;2;18;10;15;48;2;10;10;14m▕[38;2;22;7;11;48;2;15;8;13m▗[38;2;17;9;13;48;2;16;7;10m▁[38;2;21;6;9;48;2;16;5;8m▂[38;2;17;5;8;48;2;12;8;11m▖[38;2;24;12;16;48;2;19;17;21m▏[38;2;16;15;20;48;2;21;16;22m▊[38;2;20;20;26;48;2;18;15;21m▕[38;2;21;21;27;48;2;16;14;19m▏[38;2;15;12;16;48;2;17;15;20m▅[38;2;15;11;15;48;2;15;14;18m▄[38;2;29;22;28;48;2;18;14;19m▁[38;2;33;25;31;48;2;23;16;21m▃[38;2;31;23;30;48;2;21;14;19m▆[38;2;26;18;25;48;2;32;26;33m▔[38;2;28;28;36;48;2;33;28;35m▁[38;2;34;35;43;48;2;33;27;34m▂[38;2;40;39;48;48;2;31;25;32m▁[38;2;29;23;30;48;2;19;14;20m▆[38;2;26;22;28;48;2;20;14;19m▄[38;2;23;20;25;48;2;20;16;21m▁[38;2;23;15;20;48;2;18;15;19m▏[38;2;18;14;19;48;2;15;14;19m▏[38;2;18;18;24;48;2;14;14;19m▖[38;2;17;17;24;48;2;20;21;29m▋[38;2;20;22;30;48;2;12;13;17m▎[38;2;20;13;17;48;2;15;14;18m▕[38;2;20;14;19;48;2;11;8;11m▏[38;2;17;11;14;48;2;16;7;10m▝[38;2;19;11;14;48;2;12;7;10m▎[38;2;22;8;11;48;2;12;6;9m▁[38;2;22;11;16;48;2;14;8;11m▝[38;2;6;5;9;48;2;9;9;14m▋[38;2;13;5;8;48;2;4;4;7m▕[38;2;17;6;9;48;2;9;9;13m▍[38;2;9;10;14;48;2;12;13;19m▁[38;2;22;8;11;48;2;9;7;10m▕[38;2;20;8;12;48;2;16;16;22m▏[38;2;16;16;22;48;2;8;9;13m▍[38;2;23;24;34;48;2;17;14;20m▗[38;2;19;21;29;48;2;14;14;20m▃[38;2;14;14;20;48;2;10;10;14m▃[38;2;11;9;13;48;2;7;5;9m▕[38;2;15;12;18;48;2;14;8;12m▎[38;2;24;10;14;48;2;19;8;11m▕[38;2;27;12;17;48;2;33;15;22m▋[38;2;38;15;21;48;2;30;13;17m▅[38;2;31;12;16;48;2;23;9;12m▆[38;2;29;10;14;48;2;25;9;13m▔[38;2;19;9;12;48;2;12;5;7m▌[38;2;17;10;14;48;2;10;4;6m▕[38;2;14;7;11;48;2;8;3;5m▌[38;2;16;5;8;48;2;11;3;4m▔[38;2;15;6;9;48;2;24;9;13m▊[38;2;22;9;13;48;2;16;6;8m▘[38;2;22;5;8;48;2;11;4;6m▘[0m
[38;2;10;5;8;48;2;12;6;9m▕[38;2;9;3;6;48;2;6;3;5m▔[38;2;11;4;6;48;2;7;3;6m▘[38;2;15;4;6;48;2;9;3;5m▕[38;2;28;8;10;48;2;25;6;9m▕[38;2;33;9;13;48;2;25;7;9m▗[38;2;22;7;9;48;2;33;10;13m▍[38;2;36;11;15;48;2;27;7;9m▅[38;2;28;9;12;48;2;15;5;8m▆[38;2;27;9;12;48;2;19;5;7m▍[38;2;19;7;10;48;2;13;4;6m▗[38;2;18;7;10;48;2;22;6;9m▊[38;2;10;3;5;48;2;4;1;2m▍[38;2;6;2;4;48;2;9;4;7m▎[38;2;6;3;6;48;2;10;4;6m▋[38;2;19;7;12;48;2;14;5;8m▗[38;2;24;11;16;48;2;17;7;11m▗[38;2;20;11;17;48;2;10;10;14m▊[38;2;5;4;7;48;2;8;6;10m▊[38;2;12;7;12;48;2;8;5;9m▅[38;2;9;8;12;48;2;13;12;18m▁[38;2;27;20;26;48;2;7;8;11m▃[38;2;18;20;27;48;2;13;14;19m▗[38;2;19;17;24;48;2;10;9;14m▏[38;2;24;10;14;48;2;17;12;17m▕[38;2;26;10;14;48;2;16;7;10m▂[38;2;25;7;10;48;2;15;6;8m▁[38;2;27;6;8;48;2;13;4;6m▘[38;2;17;6;9;48;2;19;12;16m▏[38;2;19;18;23;48;2;16;14;18m▔[38;2;18;12;17;48;2;24;16;21m▋[38;2;20;15;21;48;2;19;13;17m▏[38;2;21;12;16;48;2;16;11;15m▏[38;2;16;10;14;48;2;18;12;16m▁[38;2;36;32;39;48;2;23;17;22m▕[38;2;29;21;29;48;2;25;20;26m▕[48;2;28;22;29m [38;2;29;23;30;48;2;35;30;38m▆[38;2;29;24;32;48;2;32;31;40m▆[38;2;32;27;34;48;2;25;24;32m▂[38;2;35;28;36;48;2;25;24;33m▂[38;2;25;22;29;48;2;28;28;37m▅[38;2;22;20;27;48;2;29;28;36m▅[38;2;29;25;33;48;2;23;21;28m▘[38;2;24;21;27;48;2;22;20;26m▏[38;2;18;14;19;48;2;21;18;23m▕[38;2;22;15;20;48;2;19;13;18m▘[38;2;21;13;18;48;2;17;13;18m▖[38;2;18;16;21;48;2;20;21;28m▋[38;2;20;20;27;48;2;12;11;15m▍[38;2;19;15;20;48;2;16;16;21m▁[38;2;14;10;13;48;2;13;12;16m▔[38;2;14;8;11;48;2;11;6;8m▃[38;2;18;8;10;48;2;18;6;8m▔[38;2;24;7;10;48;2;12;5;7m▗[38;2;25;8;11;48;2;19;8;12m▕[38;2;10;5;9;48;2;11;10;15m▊[38;2;5;5;9;48;2;17;8;12m▊[38;2;26;11;15;48;2;15;11;16m▎[38;2;19;21;28;48;2;10;12;17m▏[38;2;13;13;19;48;2;7;6;9m▔[38;2;25;28;37;48;2;15;13;19m▕[38;2;19;22;30;48;2;13;14;20m▎[38;2;10;11;15;48;2;17;19;26m▅[38;2;15;17;24;48;2;12;13;18m▊[38;2;12;11;15;48;2;14;14;19m▅[38;2;9;6;9;48;2;11;7;11m▔[38;2;18;12;17;48;2;16;10;15m▝[38;2;17;7;11;48;2;16;6;8m▊[38;2;26;12;18;48;2;19;8;12m▝[38;2;26;9;13;48;2;33;13;17m▄[38;2;35;12;18;48;2;30;11;15m▘[38;2;43;11;15;48;2;32;11;14m▁[38;2;16;7;9;48;2;22;9;12m▕[38;2;11;4;5;48;2;17;7;10m▋[38;2;17;7;10;48;2;7;2;3m▊[38;2;7;2;3;48;2;5;1;2m▎[38;2;43;9;13;48;2;20;6;9m▁[38;2;31;8;10;48;2;21;6;9m▏[38;2;28;6;10;48;2;19;5;7m▁[0m
[38;2;10;5;9;48;2;8;4;7m▎[38;2;8;4;7;48;2;6;3;6m▖[38;2;10;6;9;48;2;7;5;7m▕[38;2;13;4;6;48;2;9;5;7m▕[38;2;33;10;14;48;2;28;8;11m▁[38;2;31;9;12;48;2;36;11;15m▏[38;2;41;12;17m▁[38;2;42;12;17;48;2;31;9;12m▘[38;2;21;6;9;48;2;30;8;12m▊[38;2;30;8;12;48;2;21;5;8m▎[38;2;14;4;6;48;2;30;8;11m▋[38;2;26;6;9;48;2;22;5;7m▎[38;2;16;3;5;48;2;9;2;4m▏[38;2;10;2;5;48;2;14;4;7m▏[38;2;11;3;5;48;2;17;4;6m▋[38;2;21;9;14;48;2;17;6;8m▊[38;2;22;9;14;48;2;26;15;20m▊[38;2;17;13;19;48;2;13;9;14m▎[38;2;22;9;14;48;2;10;9;14m▁[38;2;14;15;22;48;2;11;11;17m▕[38;2;10;11;16;48;2;7;5;9m▎[38;2;23;19;26;48;2;16;11;16m▂[38;2;17;16;23;48;2;19;15;21m▔[38;2;8;5;9;48;2;14;15;21m▊[38;2;25;12;17;48;2;15;13;18m▗[38;2;35;7;10;48;2;24;7;10m▂[38;2;27;6;9;48;2;18;5;8m▖[38;2;19;19;25;48;2;12;8;11m▕[38;2;21;20;25;48;2;17;13;18m▏[38;2;18;14;19;48;2;16;12;17m▘[38;2;30;13;18;48;2;24;12;17m▂[38;2;29;14;19;48;2;23;12;16m▔[38;2;26;12;16;48;2;22;11;15m▏[38;2;21;11;15;48;2;20;13;17m▏[38;2;27;18;24;48;2;24;17;23m▕[38;2;30;17;22m▗[38;2;30;20;27;48;2;28;19;24m▕[38;2;33;21;27;48;2;30;22;30m▘[38;2;32;29;38;48;2;31;26;33m▕[38;2;30;27;36;48;2;34;33;41m▆[38;2;41;38;47;48;2;31;29;38m▔[38;2;27;23;31;48;2;32;28;37m▅[38;2;25;21;27;48;2;29;23;30m▃[38;2;28;22;28;48;2;23;18;24m▂[38;2;27;16;22;48;2;21;17;23m▂[38;2;25;18;25m▍[38;2;19;15;21;48;2;18;13;17m▋[38;2;24;11;15;48;2;20;11;16m▁[38;2;19;13;18;48;2;18;15;20m▁[38;2;19;18;23;48;2;13;12;16m▍[38;2;25;22;29;48;2;18;14;20m▕[38;2;19;17;23;48;2;15;13;18m▍[38;2;21;12;15;48;2;15;11;15m▁[38;2;21;18;24;48;2;18;11;15m▖[38;2;25;7;10;48;2;15;6;8m▕[38;2;51;15;20;48;2;31;9;13m▏[38;2;27;9;12;48;2;12;9;13m▏[38;2;14;15;20;48;2;10;8;12m▖[38;2;9;7;12;48;2;15;13;19m▁[38;2;19;20;28;48;2;11;12;16m▎[38;2;5;4;8;48;2;9;5;8m▊[38;2;31;29;38;48;2;16;7;10m▕[38;2;23;26;36;48;2;16;17;24m▁[38;2;14;16;22;48;2;9;10;14m▘[38;2;18;18;25;48;2;14;12;17m▝[38;2;14;13;18;48;2;12;10;14m▕[38;2;14;11;16;48;2;10;5;8m▎[38;2;16;11;16;48;2;13;7;11m▝[38;2;17;9;13;48;2;16;6;9m▎[38;2;21;9;12m▝[38;2;23;9;12;48;2;26;10;13m▆[38;2;23;8;11;48;2;26;9;12m▎[38;2;59;16;21;48;2;47;14;18m▔[38;2;39;12;16;48;2;31;9;13m▏[38;2;26;7;10;48;2;21;6;8m▂[38;2;18;5;8;48;2;16;6;8m▏[38;2;11;3;5;48;2;6;2;3m▖[38;2;35;9;12;48;2;18;4;6m▔[38;2;30;7;10;48;2;33;8;11m▏[38;2;27;7;9;48;2;28;6;8m▔[0m
[38;2;11;6;9;48;2;9;5;8m▆[38;2;10;5;8;48;2;7;5;7m▍[38;2;13;6;10;48;2;9;5;8m▗[38;2;26;7;11;48;2;14;6;9m▕[38;2;24;7;12;48;2;36;10;14m▍[38;2;22;8;13;48;2;37;10;14m▁[38;2;31;7;11;48;2;44;12;17m▆[38;2;30;6;9;48;2;23;4;7m▏[38;2;33;7;10;48;2;22;5;7m▝[38;2;35;8;11;48;2;27;7;9m▃[38;2;39;8;11;48;2;22;5;8m▗[38;2;33;6;9;48;2;26;6;9m▗[38;2;23;3;5;48;2;10;2;4m▎[38;2;14;3;4;48;2;12;3;5m▖[38;2;11;2;4;48;2;21;5;8m▌[38;2;23;10;16;48;2;15;4;6m▋[38;2;26;9;12;48;2;22;7;10m▔[38;2;12;6;9;48;2;23;15;22m▌[38;2;25;14;20;48;2;22;11;16m▂[38;2;15;13;19;48;2;10;9;14m▖[38;2;6;5;8;48;2;11;7;10m▊[38;2;31;25;34;48;2;22;13;19m▗[38;2;24;23;32;48;2;22;15;22m▖[38;2;9;5;8;48;2;9;9;13m▎[38;2;9;9;13;48;2;20;12;18m▌[38;2;31;7;10;48;2;40;10;14m▁[38;2;28;4;7;48;2;10;6;9m▏[38;2;9;8;12;48;2;14;12;17m▎[38;2;23;10;14;48;2;20;10;15m▁[38;2;21;12;17;48;2;19;9;13m▋[38;2;37;14;19;48;2;31;12;17m▁[38;2;25;12;17;48;2;42;12;16m▊[38;2;35;11;15;48;2;24;10;13m▎[38;2;21;12;17;48;2;22;14;19m▁[38;2;31;17;21;48;2;33;16;21m▔[38;2;36;14;18;48;2;28;14;19m▁[38;2;37;18;24;48;2;31;18;24m▂[38;2;31;17;24;48;2;30;20;26m▎[38;2;31;23;31;48;2;31;27;35m▆[38;2;35;29;39;48;2;31;27;36m▗[38;2;39;30;40;48;2;32;28;38m▁[38;2;31;27;37;48;2;29;24;32m▔[38;2;31;20;27;48;2;27;20;26m▗[38;2;38;17;23;48;2;30;19;25m▁[38;2;36;16;21;48;2;28;16;22m▕[38;2;33;15;20;48;2;27;16;22m▏[38;2;27;16;21;48;2;23;15;20m▕[38;2;37;11;15;48;2;24;11;15m▗[38;2;29;13;17;48;2;19;15;20m▍[38;2;26;16;22;48;2;21;15;20m▗[38;2;23;14;19;48;2;20;13;18m▂[38;2;18;11;15;48;2;22;16;21m▏[38;2;15;11;16;48;2;25;20;26m▆[38;2;37;9;11;48;2;22;9;12m▗[38;2;34;8;10;48;2;17;5;7m▕[38;2;55;12;16;48;2;29;7;10m▘[38;2;33;12;16;48;2;17;9;13m▗[38;2;14;14;20;48;2;11;8;12m▎[38;2;29;14;19;48;2;16;11;16m▖[38;2;14;15;21;48;2;10;9;14m▘[38;2;13;4;6;48;2;5;3;6m▕[38;2;24;10;14;48;2;18;5;6m▕[38;2;14;11;15;48;2;23;25;35m▃[38;2;18;19;26;48;2;13;12;18m▎[38;2;9;7;11;48;2;14;14;19m▅[38;2;13;8;12;48;2;15;11;16m▁[38;2;14;8;13;48;2;12;5;8m▘[38;2;15;8;12;48;2;14;7;10m▔[38;2;21;9;12;48;2;17;6;9m▘[38;2;16;5;7;48;2;18;7;10m▌[38;2;21;8;10;48;2;26;9;12m▋[38;2;30;11;13;48;2;27;10;13m▃[38;2;32;11;13;48;2;58;18;23m▏[38;2;40;12;17;48;2;35;11;15m▅[38;2;34;12;15;48;2;28;9;12m▅[38;2;27;9;11;48;2;22;7;9m▆[38;2;18;7;11;48;2;8;2;4m▏[38;2;6;2;3;48;2;23;4;7m▊[38;2;35;7;10;48;2;17;4;6m▂[38;2;47;8;12;48;2;31;6;9m▗[0m
[38;2;12;6;10;48;2;12;5;9m▔[38;2;14;7;10;48;2;11;5;9m▄[38;2;24;8;12;48;2;17;8;11m▕[38;2;24;8;11;48;2;17;6;10m▖[38;2;29;7;10;48;2;17;4;6m▎[38;2;16;5;8;48;2;24;8;13m▆[38;2;21;17;25;48;2;20;5;8m▔[38;2;26;5;8;48;2;23;3;5m▏[38;2;31;7;10;48;2;22;5;6m▗[38;2;47;11;14;48;2;35;7;10m▘[38;2;35;7;11;48;2;25;5;8m▝[38;2;26;5;8;48;2;48;9;14m▋[38;2;71;13;18;48;2;15;2;4m▏[38;2;15;3;4;48;2;13;2;3m▍[38;2;13;2;3;48;2;29;6;9m▍[38;2;32;7;10;48;2;25;7;9m▃[38;2;27;9;13;48;2;21;6;9m▃[38;2;16;5;6;48;2;27;8;12m▌[38;2;18;15;21;48;2;33;16;22m▕[38;2;19;15;21;48;2;14;9;14m▌[38;2;10;5;8;48;2;21;6;9m▊[38;2;29;28;40;48;2;29;15;21m▗[38;2;26;19;26;48;2;29;17;24m▏[38;2;10;9;14;48;2;8;6;10m▕[38;2;27;13;17;48;2;14;10;15m▗[38;2;12;2;4;48;2;36;9;12m▕[38;2;14;4;5;48;2;11;6;9m▏[38;2;15;13;18;48;2;28;12;16m▊[38;2;26;8;11;48;2;23;10;14m▗[38;2;31;9;12;48;2;26;9;12m▂[38;2;69;19;23;48;2;37;12;16m▗[38;2;50;16;21;48;2;37;13;17m▏[38;2;33;12;15;48;2;27;11;15m▔[38;2;32;12;15;48;2;24;12;17m▁[38;2;32;14;19;48;2;44;16;21m▏[38;2;46;18;22;48;2;38;15;19m▗[38;2;60;20;26;48;2;42;17;22m▖[38;2;47;19;24;48;2;37;20;27m▃[38;2;49;22;29;48;2;38;22;30m▃[38;2;52;27;36;48;2;40;27;36m▃[38;2;53;28;37;48;2;42;29;38m▃[38;2;50;23;28;48;2;38;22;30m▂[38;2;46;20;26;48;2;37;19;25m▎[38;2;49;19;24;48;2;40;17;22m▗[38;2;44;20;25;48;2;32;14;19m▏[38;2;57;18;22;48;2;41;15;20m▏[38;2;32;13;17;48;2;26;14;19m▃[38;2;50;15;19;48;2;30;11;14m▕[38;2;56;14;19;48;2;24;13;18m▖[38;2;17;10;13;48;2;29;14;19m▍[38;2;33;14;19;48;2;23;11;16m▗[38;2;29;11;15;48;2;24;12;16m▖[38;2;15;12;16;48;2;14;9;13m▘[38;2;29;6;8;48;2;14;5;7m▕[38;2;37;7;9;48;2;29;6;8m▏[38;2;49;13;16;48;2;19;6;9m▏[38;2;17;10;14;48;2;25;8;11m▊[38;2;28;11;15;48;2;11;9;13m▖[38;2;32;7;10;48;2;20;12;17m▏[38;2;26;11;15;48;2;13;10;15m▏[38;2;15;4;5;48;2;7;4;7m▕[38;2;28;7;9;48;2;22;5;7m▁[38;2;30;12;16;48;2;15;15;20m▎[38;2;13;11;16;48;2;11;6;11m▍[38;2;10;5;9;48;2;13;9;13m▊[38;2;24;10;13;48;2;18;10;15m▁[38;2;27;8;11;48;2;18;6;9m▂[38;2;26;10;14;48;2;17;7;11m▄[38;2;31;10;14;48;2;21;7;10m▄[38;2;32;10;12;48;2;23;7;8m▃[38;2;24;7;10;48;2;31;10;13m▘[38;2;34;10;14;48;2;30;10;13m▄[38;2;65;26;31;48;2;52;15;20m▔[38;2;66;20;25;48;2;50;16;20m▏[38;2;43;15;19;48;2;38;13;17m▎[38;2;33;10;14;48;2;27;8;11m▌[38;2;19;6;8;48;2;8;3;4m▎[38;2;17;3;4;48;2;8;2;4m▕[38;2;22;4;6;48;2;46;9;12m▆[38;2;21;5;7;48;2;41;8;12m▄[0m
[38;2;15;6;11;48;2;18;8;12m▘[38;2;14;6;10;48;2;16;7;12m▗[38;2;18;7;11;48;2;13;6;10m▝[38;2;15;6;9;48;2;11;5;8m▏[38;2;25;4;7;48;2;15;4;6m▝[38;2;25;5;8;48;2;15;5;8m▏[38;2;46;9;12;48;2;29;6;9m▗[38;2;32;6;9;48;2;21;4;5m▖[38;2;24;4;7;48;2;29;5;8m▕[38;2;37;7;10;48;2;27;5;7m▘[38;2;15;3;4;48;2;32;6;8m▏[38;2;46;6;10;48;2;29;5;7m▝[38;2;40;6;8;48;2;16;3;4m▏[38;2;23;4;6;48;2;19;3;4m▁[38;2;25;4;7;48;2;34;7;10m▌[38;2;33;7;10;48;2;36;9;12m▊[38;2;41;11;14;48;2;24;11;16m▋[38;2;70;16;18;48;2;32;6;9m▁[38;2;61;11;16;48;2;32;13;18m▎[38;2;15;10;14;48;2;22;12;18m▕[38;2;15;8;13;48;2;29;11;16m▌[38;2;34;17;24;48;2;29;20;28m▊[38;2;32;17;24;48;2;13;8;13m▋[38;2;19;8;12;48;2;9;5;9m▗[38;2;22;12;17;48;2;36;12;17m▋[38;2;44;12;16;48;2;12;3;5m▎[38;2;13;9;13;48;2;11;5;7m▕[38;2;18;9;14;48;2;13;9;13m▝[38;2;25;14;20;48;2;34;10;14m▌[38;2;27;7;9;48;2;39;10;13m▕[38;2;68;18;23;48;2;46;11;14m▝[38;2;60;16;20;48;2;46;12;16m▏[38;2;39;10;13;48;2;29;10;13m▖[38;2;28;12;17;48;2;40;11;15m▊[38;2;47;14;18;48;2;60;16;21m▊[38;2;81;23;29;48;2;52;17;22m▗[38;2;50;17;22;48;2;64;19;25m▝[38;2;68;22;28;48;2;58;20;25m▗[38;2;66;24;30;48;2;57;22;29m▆[38;2;73;37;45;48;2;68;30;38m▗[38;2;75;37;46;48;2;69;31;39m▖[38;2;68;24;30;48;2;57;21;27m▅[38;2;66;22;28;48;2;54;18;23m▎[38;2;45;15;20;48;2;67;20;24m▌[38;2;83;24;27;48;2;37;12;16m▏[38;2;44;11;15;48;2;56;15;19m▁[38;2;60;23;27;48;2;38;13;16m▁[38;2;45;16;21;48;2;36;11;14m▂[38;2;71;19;24;48;2;37;12;16m▏[38;2;34;10;13;48;2;25;9;12m▗[38;2;22;7;9;48;2;38;15;21m▍[38;2;45;26;33;48;2;31;11;14m▁[38;2;17;13;18;48;2;13;9;13m▖[38;2;15;12;16;48;2;10;6;9m▁[38;2;40;7;10;48;2;18;5;7m▝[38;2;24;6;9;48;2;39;9;12m▕[38;2;29;9;12;48;2;18;8;12m▍[38;2;30;11;15;48;2;13;8;11m▋[38;2;18;7;10;48;2;25;9;13m▏[38;2;24;11;14;48;2;11;9;13m▍[38;2;14;8;12;48;2;10;4;6m▏[38;2;53;12;15;48;2;35;7;10m▗[38;2;38;10;14;48;2;14;12;17m▎[38;2;15;11;16;48;2;14;8;13m▎[38;2;16;8;11;48;2;15;6;9m▕[38;2;25;9;12;48;2;20;9;14m▗[38;2;31;10;14;48;2;29;10;13m▁[38;2;36;13;17;48;2;32;10;13m▝[38;2;34;10;14;48;2;38;13;18m▄[38;2;39;12;15;48;2;36;10;14m▔[38;2;43;13;16;48;2;36;11;14m▃[38;2;46;13;18;48;2;38;11;15m▃[38;2;46;12;16;48;2;37;10;13m▁[38;2;61;16;19;48;2;46;12;15m▗[38;2;43;12;15;48;2;30;8;11m▏[38;2;32;9;13;48;2;23;6;8m▔[38;2;29;7;10;48;2;10;3;5m▎[38;2;9;3;5;48;2;7;2;3m▎[38;2;13;3;4;48;2;47;11;14m▌[38;2;39;8;12;48;2;56;13;17m▝[0m
[38;2;26;10;14;48;2;24;9;14m▁[38;2;17;7;12;48;2;13;7;10m▍[38;2;13;6;10;48;2;12;6;9m▕[38;2;18;6;9;48;2;12;5;9m▁[38;2;16;3;5;48;2;20;5;7m▕[38;2;22;5;6;48;2;14;3;5m▔[38;2;18;3;5;48;2;29;7;10m▁[38;2;23;8;12;48;2;35;9;13m▁[38;2;41;20;30;48;2;39;10;14m▁[38;2;48;17;23;48;2;32;6;9m▂[38;2;41;7;9;48;2;33;6;9m▝[38;2;38;6;8;48;2;28;4;7m▕[38;2;32;5;8;48;2;24;4;5m▂[38;2;36;7;9;48;2;28;5;7m▃[38;2;47;10;13;48;2;37;8;11m▃[38;2;51;11;15;48;2;43;10;13m▃[38;2;67;14;19;48;2;52;12;17m▂[38;2;101;26;31;48;2;67;13;18m▂[38;2;82;18;22;48;2;47;16;21m▏[38;2;29;14;19;48;2;24;9;12m▍[38;2;26;6;9;48;2;36;7;10m▊[38;2;53;13;17;48;2;34;15;22m▏[38;2;35;15;20;48;2;23;6;10m▌[38;2;12;5;8;48;2;31;8;11m▊[38;2;34;9;11;48;2;25;10;15m▍[38;2;48;12;15;48;2;15;9;12m▎[38;2;22;14;20;48;2;14;5;8m▖[38;2;14;10;15;48;2;14;8;11m▕[38;2;30;10;13;48;2;64;19;23m▊[38;2;73;18;21;48;2;54;14;19m▁[38;2;61;16;19;48;2;46;12;16m▕[38;2;61;15;18;48;2;47;10;14m▏[38;2;27;9;11;48;2;41;9;13m▕[38;2;49;12;15;48;2;35;10;13m▕[38;2;43;17;23;48;2;40;12;15m▁[38;2;84;25;31;48;2;41;12;16m▔[38;2;46;16;21;48;2;79;22;28m▅[38;2;45;22;29;48;2;62;21;27m▅[38;2;45;30;39;48;2;61;29;37m▄[38;2;46;33;41;48;2;56;36;46m▂[38;2;42;29;38;48;2;56;38;47m▂[38;2;37;20;27;48;2;53;28;35m▂[38;2;59;17;22;48;2;49;20;26m▝[38;2;49;17;22;48;2;84;23;28m▆[38;2;56;15;21;48;2;52;14;18m▏[38;2;61;15;20;48;2;47;12;16m▗[38;2;78;21;25;48;2;57;15;19m▂[48;2;58;16;20m▖[38;2;54;12;17;48;2;34;9;12m▍[38;2;39;10;13;48;2;28;8;10m▗[38;2;34;9;12;48;2;54;15;20m▌[38;2;58;16;20;48;2;45;12;14m▍[38;2;44;11;14;48;2;39;16;21m▂[38;2;18;8;11;48;2;19;14;20m▁[38;2;27;14;19;48;2;13;8;11m▗[38;2;60;13;17;48;2;25;10;13m▝[38;2;49;10;13;48;2;27;7;9m▎[38;2;47;11;14;48;2;25;7;10m▏[38;2;23;6;9;48;2;30;8;11m▋[38;2;31;10;13;48;2;15;9;13m▍[38;2;16;6;8;48;2;11;3;5m▎[38;2;51;9;13;48;2;29;5;8m▝[38;2;42;8;12;48;2;20;8;12m▎[38;2;15;12;18;48;2;19;9;14m▕[38;2;61;13;18;48;2;36;10;14m▂[38;2;28;11;16;48;2;28;10;14m▔[38;2;30;9;12;48;2;34;8;11m▋[38;2;41;12;15;48;2;34;9;12m▗[38;2;45;12;16;48;2;39;11;15m▁[38;2;45;12;15;48;2;40;10;13m▃[38;2;51;13;17;48;2;43;12;16m▄[38;2;53;16;20;48;2;48;13;17m▔[38;2;48;14;18;48;2;37;10;13m▋[38;2;71;17;22;48;2;59;14;18m▁[38;2;35;9;12;48;2;28;7;9m▘[38;2;23;5;8;48;2;34;9;12m▊[38;2;31;8;11;48;2;11;4;7m▍[38;2;9;4;6;48;2;7;2;3m▏[38;2;41;9;12;48;2;10;2;4m▝[38;2;20;5;8;48;2;49;11;15m▃[0m
[38;2;20;7;12;48;2;29;9;14m▆[38;2;12;7;10;48;2;15;8;11m▆[38;2;12;6;9;48;2;15;7;11m▅[38;2;22;7;10;48;2;18;6;10m▕[38;2;38;12;17;48;2;19;6;9m▗[38;2;41;10;14;48;2;21;8;11m▃[38;2;38;9;13;48;2;23;5;8m▄[38;2;40;9;12;48;2;29;6;9m▄[38;2;60;14;19;48;2;41;13;18m▅[38;2;75;19;24;48;2;62;15;19m▃[38;2;77;20;26;48;2;47;12;16m▁[38;2;69;26;32;48;2;45;12;16m▁[38;2;51;21;28;48;2;41;11;15m▂[38;2;58;13;17;48;2;46;10;14m▁[38;2;66;15;19;48;2;58;13;17m▅[38;2;55;13;17;48;2;63;14;18m▝[38;2;66;14;19;48;2;53;13;18m▔[38;2;47;16;22;48;2;80;18;23m▆[38;2;73;19;24;48;2;45;13;18m▔[38;2;31;7;10;48;2;35;10;14m▕[38;2;35;7;10;48;2;28;5;8m▕[38;2;53;13;16;48;2;40;12;16m▏[38;2;45;10;13;48;2;31;8;11m▖[38;2;17;4;5;48;2;25;7;9m▊[38;2;27;9;12;48;2;39;10;14m▊[38;2;54;12;15;48;2;32;9;12m▏[38;2;23;8;12;48;2;22;6;9m▔[38;2;20;6;8;48;2;16;4;7m▗[38;2;38;9;12;48;2;85;19;23m▋[38;2;123;29;34;48;2;89;21;26m▖[38;2;93;23;27;48;2;68;16;19m▖[38;2;66;14;18;48;2;59;13;17m▕[38;2;70;16;20;48;2;46;10;13m▏[38;2;44;15;20;48;2;36;8;11m▁[38;2;38;12;16;48;2;28;11;15m▝[38;2;26;14;19;48;2;36;14;19m▅[38;2;31;20;27;48;2;39;22;30m▅[38;2;48;37;46;48;2;37;27;35m▔[38;2;46;40;51;48;2;41;34;42m▔[38;2;43;38;47;48;2;49;43;53m▆[38;2;49;47;58;48;2;47;40;50m▂[38;2;48;42;52;48;2;46;36;45m▖[38;2;47;35;43;48;2;44;26;34m▖[38;2;47;25;32;48;2;41;17;22m▆[38;2;51;22;30;48;2;52;17;21m▖[38;2;75;21;25;48;2;52;16;20m▝[38;2;50;15;20;48;2;68;19;23m▁[38;2;58;15;19;48;2;76;19;24m▆[38;2;56;15;19;48;2;49;13;17m▌[38;2;58;15;19;48;2;45;13;16m▄[38;2;57;15;18;48;2;78;20;25m▋[38;2;79;21;25;48;2;56;13;16m▍[38;2;66;16;19;48;2;49;11;14m▗[38;2;23;11;15;48;2;22;7;10m▘[38;2;21;5;7;48;2;32;7;10m▊[38;2;26;5;7;48;2;31;6;9m▃[38;2;29;6;8;48;2;23;6;7m▎[38;2;28;7;9;48;2;18;5;6m▎[38;2;22;5;7;48;2;19;5;6m▗[38;2;14;6;8;48;2;19;6;8m▔[38;2;16;3;3;48;2;16;3;5m▁[38;2;20;5;7;48;2;25;7;9m▋[38;2;30;11;15;48;2;22;12;16m▌[38;2;26;20;28;48;2;21;14;20m▖[38;2;46;10;13;48;2;28;13;19m▘[38;2;29;15;22;48;2;20;7;11m▃[38;2;33;11;15;48;2;24;7;10m▁[38;2;28;6;8;48;2;41;8;11m▊[38;2;47;11;14;48;2;40;9;12m▕[38;2;58;13;18;48;2;52;12;15m▕[38;2;56;15;18;48;2;61;15;20m▔[38;2;61;16;20;48;2;60;15;20m▄[38;2;57;16;20;48;2;63;16;21m▗[38;2;83;22;26;48;2;60;14;17m▘[38;2;38;8;12;48;2;27;7;9m▖[38;2;37;8;11;48;2;25;6;8m▖[38;2;21;6;8;48;2;12;4;7m▘[38;2;8;3;6;48;2;6;2;4m▎[38;2;6;2;4;48;2;13;4;7m▊[38;2;21;5;8;48;2;12;4;7m▄[0m
[38;2;10;5;9;48;2;13;6;10m▅[38;2;9;6;9;48;2;11;7;10m▍[38;2;18;8;13;48;2;13;7;11m▗[38;2;28;8;11;48;2;19;7;11m▗[38;2;27;8;10;48;2;47;12;16m▌[38;2;63;14;19;48;2;50;11;15m▗[38;2;71;16;20;48;2;57;14;18m▏[38;2;53;13;17;48;2;49;12;16m▕[38;2;51;12;16;48;2;82;20;26m▎[38;2;95;25;30;48;2;82;19;25m▖[38;2;93;20;25;48;2;63;13;17m▏[38;2;96;21;26;48;2;77;17;22m▕[38;2;55;11;15;48;2;70;14;18m▕[38;2;77;18;21;48;2;52;12;16m▖[38;2;52;19;25;48;2;42;12;17m▕[38;2;68;16;21;48;2;54;15;19m▖[38;2;57;13;17;48;2;55;16;22m▁[38;2;94;21;27;48;2;54;15;21m▁[38;2;55;13;17;48;2;49;14;19m▃[38;2;56;11;15;48;2;44;10;14m▂[38;2;43;9;10;48;2;33;6;8m▅[38;2;49;11;15;48;2;42;10;14m▄[38;2;50;11;14;48;2;35;6;9m▌[38;2;20;3;5;48;2;27;5;7m▘[38;2;53;12;16;48;2;34;8;11m▕[38;2;56;12;16;48;2;33;8;10m▏[38;2;19;5;6;48;2;25;6;8m▕[38;2;22;5;7;48;2;21;7;9m▏[38;2;42;12;15;48;2;32;8;11m▕[38;2;36;8;12;48;2;93;21;27m▅[38;2;50;13;17;48;2;85;20;25m▄[38;2;72;17;21;48;2;49;15;19m▘[38;2;40;16;21;48;2;60;16;20m▄[38;2;35;18;24;48;2;55;19;24m▄[38;2;33;23;30;48;2;48;24;31m▃[38;2;35;26;33;48;2;44;29;37m▃[38;2;24;16;21;48;2;42;34;42m▂[38;2;19;11;16;48;2;42;39;49m▁[38;2;14;13;18;48;2;44;44;55m▁[38;2;45;49;61;48;2;34;31;39m▄[38;2;51;56;70;48;2;34;31;40m▃[38;2;45;48;60;48;2;28;21;28m▃[38;2;38;40;52;48;2;25;18;25m▂[38;2;33;27;36;48;2;29;16;21m▂[38;2;47;20;25;48;2;31;17;22m▔[38;2;29;15;20;48;2;46;19;23m▄[38;2;34;14;19;48;2;47;17;22m▄[38;2;43;15;19;48;2;48;14;18m▊[38;2;44;11;15;48;2;57;15;20m▁[38;2;84;22;26;48;2;63;17;22m▝[38;2;85;21;26;48;2;80;19;24m▏[38;2;100;25;30;48;2;76;17;21m▘[38;2;80;17;20;48;2;61;13;17m▕[38;2;40;7;9;48;2;29;6;8m▏[38;2;28;6;7;48;2;33;6;8m▁[38;2;34;7;9;48;2;29;5;7m▔[38;2;37;7;9;48;2;30;6;8m▂[38;2;36;8;10;48;2;21;5;6m▏[38;2;22;5;6;48;2;21;4;6m▔[38;2;23;5;6m▁[38;2;18;3;3;48;2;17;3;3m▂[38;2;37;8;11;48;2;31;6;9m▝[38;2;35;7;10;48;2;31;7;10m▍[38;2;39;10;15;48;2;32;7;9m▝[38;2;37;14;19;48;2;42;10;13m▏[38;2;61;13;17;48;2;49;12;16m▕[38;2;66;13;17;48;2;47;9;12m▖[38;2;39;8;10;48;2;32;6;8m▏[38;2;58;13;16;48;2;44;9;12m▁[38;2;58;12;16;48;2;46;10;14m▖[38;2;82;22;26;48;2;55;13;17m▕[38;2;135;37;40;48;2;83;21;25m▁[38;2;62;17;21;48;2;40;11;15m▏[38;2;54;11;14;48;2;38;8;11m▕[38;2;62;12;16;48;2;29;7;9m▎[38;2;24;6;8;48;2;31;7;10m▕[38;2;20;5;7;48;2;11;3;5m▌[38;2;11;3;5;48;2;7;2;3m▎[38;2;20;5;8;48;2;7;2;4m▕[38;2;40;8;11;48;2;29;7;9m▝[0m
[38;2;8;6;9;48;2;8;6;8m▕[38;2;11;8;12;48;2;9;6;9m▝[38;2;19;9;13;48;2;13;8;11m▝[38;2;31;8;12;48;2;21;8;11m▝[38;2;67;15;21;48;2;31;11;15m▝[38;2;28;14;19;48;2;42;14;19m▁[38;2;35;15;21;48;2;78;18;23m▆[38;2;27;15;21;48;2;39;15;21m▁[38;2;35;18;24;48;2;79;19;24m▆[38;2;33;17;24;48;2;64;17;23m▅[38;2;58;12;16;48;2;37;15;20m▔[38;2;65;16;20;48;2;43;13;18m▕[38;2;73;18;23;48;2;56;14;19m▕[38;2;75;20;25;48;2;64;15;19m▏[38;2;100;24;28;48;2;55;11;15m▂[38;2;95;22;27;48;2;70;15;19m▂[38;2;118;26;31;48;2;58;11;15m▕[38;2;111;26;30;48;2;90;21;25m▎[38;2;79;17;22;48;2;62;14;18m▂[38;2;80;18;23;48;2;65;14;18m▁[38;2;66;14;18;48;2;54;11;14m▆[38;2;73;18;22;48;2;60;14;18m▃[38;2;73;17;21;48;2;58;13;17m▄[38;2;69;17;20;48;2;49;11;13m▁[38;2;57;12;16;48;2;45;9;13m▖[38;2;33;9;12;48;2;37;10;13m▁[38;2;50;14;20;48;2;34;10;13m▁[38;2;40;10;13;48;2;25;8;11m▁[38;2;24;9;12;48;2;24;11;15m▏[38;2;27;14;20;48;2;22;10;15m▁[38;2;29;11;15;48;2;24;11;16m▘[38;2;29;11;14;48;2;21;12;17m▔[38;2;20;13;18;48;2;25;15;20m▆[38;2;17;14;19;48;2;24;20;26m▆[38;2;22;22;29;48;2;17;14;20m▁[38;2;29;29;36;48;2;17;15;21m▁[38;2;20;19;25;48;2;34;34;41m▆[38;2;34;36;46;48;2;25;26;34m▄[38;2;33;35;45;48;2;30;32;41m▗[38;2;41;46;57;48;2;29;31;40m▁[38;2;45;50;62;48;2;29;30;39m▁[38;2;45;49;60;48;2;30;31;41m▁[38;2;43;44;54;48;2;31;31;40m▂[38;2;38;37;46;48;2;25;19;25m▅[38;2;38;31;41;48;2;30;17;21m▅[38;2;42;26;34;48;2;28;15;20m▆[38;2;46;25;33;48;2;37;15;20m▅[38;2;48;23;29;48;2;45;18;24m▗[38;2;66;18;23;48;2;51;17;23m▔[38;2;46;15;20;48;2;77;20;25m▅[38;2;39;13;17;48;2;72;18;23m▅[38;2;42;13;17;48;2;49;14;18m▏[38;2;76;18;23;48;2;36;12;17m▔[38;2;43;12;16;48;2;37;12;15m▏[38;2;31;16;24;48;2;38;11;14m▁[38;2;32;7;9;48;2;25;7;10m▕[38;2;45;11;15;48;2;25;6;9m▕[38;2;45;10;13;48;2;29;7;8m▏[38;2;30;6;9;48;2;22;5;6m▕[38;2;51;8;12;48;2;30;6;8m▁[38;2;23;4;5;48;2;20;3;4m▖[38;2;35;5;8;48;2;37;7;9m▖[38;2;40;7;10;48;2;33;6;9m▁[38;2;48;9;12;48;2;36;7;10m▏[48;2;39;8;10m▏[38;2;60;11;15;48;2;40;8;11m▔[38;2;55;11;15;48;2;43;8;10m▃[38;2;50;9;12;48;2;40;8;10m▁[38;2;73;18;22;48;2;62;15;18m▝[38;2;98;25;29;48;2;68;16;20m▁[38;2;130;34;40;48;2;62;15;19m▕[38;2;97;28;32;48;2;140;42;46m▝[38;2;129;34;38;48;2;65;14;17m▄[38;2;122;30;35;48;2;64;14;18m▗[38;2;94;22;26;48;2;27;6;8m▎[38;2;28;6;8;48;2;23;5;7m▁[38;2;25;6;8;48;2;19;4;6m▁[38;2;17;4;5;48;2;10;3;4m▄[38;2;18;5;7;48;2;12;4;5m▄[38;2;23;6;8;48;2;17;5;7m▎[0m
[38;2;7;5;8;48;2;7;4;7m▔[38;2;8;5;8;48;2;9;6;9m▆[38;2;9;4;7;48;2;11;7;10m▆[38;2;10;4;7;48;2;15;8;12m▆[38;2;22;12;16;48;2;15;7;11m▔[38;2;16;8;12;48;2;20;12;17m▅[38;2;15;8;12;48;2;23;13;19m▆[38;2;23;14;19;48;2;19;11;16m▝[38;2;18;4;5;48;2;25;15;21m▂[38;2;36;19;26;48;2;31;10;14m▔[38;2;57;11;15;48;2;43;15;20m▃[38;2;49;16;20;48;2;37;8;11m▕[38;2;39;10;12;48;2;40;25;33m▆[38;2;63;14;18;48;2;93;23;27m▋[38;2;112;28;32;48;2;83;19;23m▎[38;2;109;27;31;48;2;79;18;22m▝[38;2;124;30;36;48;2;78;18;22m▕[38;2;123;31;35;48;2;105;25;29m▄[38;2;117;29;33;48;2;94;21;26m▗[38;2;101;23;28;48;2;92;22;26m▏[38;2;111;30;32;48;2;82;18;22m▏[38;2;109;28;33;48;2;82;19;23m▕[38;2;97;22;27;48;2;76;17;21m▎[38;2;80;19;23;48;2;63;14;17m▘[38;2;64;15;19;48;2;57;12;16m▁[38;2;54;11;15;48;2;46;11;15m▍[38;2;49;12;16;48;2;43;9;11m▆[38;2;52;14;18;48;2;41;12;16m▘[38;2;43;16;20;48;2;34;13;18m▘[38;2;37;19;24;48;2;33;15;20m▔[38;2;34;16;21;48;2;25;16;21m▏[38;2;25;18;24;48;2;20;13;18m▄[38;2;23;19;25;48;2;19;15;20m▃[38;2;22;18;24;48;2;19;14;19m▃[38;2;19;15;20;48;2;23;19;26m▅[38;2;34;33;43;48;2;20;17;22m▔[38;2;42;44;55;48;2;21;19;25m▔[38;2;21;21;27;48;2;36;36;45m▅[38;2;24;23;31;48;2;47;52;64m▅[38;2;29;30;39;48;2;44;48;60m▆[38;2;51;57;69;48;2;35;37;47m▔[38;2;47;52;65;48;2;32;34;43m▔[38;2;29;30;39;48;2;42;44;54m▆[38;2;30;31;40;48;2;25;25;33m▔[38;2;31;27;36;48;2;23;20;27m▖[38;2;31;29;37;48;2;23;20;26m▔[38;2;26;19;25;48;2;21;15;20m▘[38;2;22;17;22;48;2;22;14;19m▘[38;2;29;17;23;48;2;20;14;19m▝[38;2;19;13;18;48;2;24;15;21m▄[38;2;26;15;21;48;2;19;11;15m▘[38;2;21;7;10;48;2;23;12;17m▔[38;2;32;12;15;48;2;22;11;16m▔[38;2;21;11;15;48;2;32;22;29m▆[38;2;23;10;15;48;2;20;10;14m▔[38;2;23;12;17;48;2;22;8;11m▄[38;2;25;12;16;48;2;25;9;12m▖[38;2;24;8;10;48;2;31;8;12m▔[38;2;28;8;10;48;2;36;9;11m▏[38;2;28;7;9;48;2;46;9;13m▁[38;2;44;7;9;48;2;29;5;7m▕[38;2;50;10;12;48;2;36;6;8m▝[38;2;57;11;14;48;2;42;8;10m▁[38;2;79;17;21;48;2;54;11;14m▕[38;2;72;16;20;48;2;51;11;14m▃[38;2;79;19;22;48;2;58;13;16m▂[38;2;90;22;26;48;2;69;15;19m▗[38;2;75;18;22;48;2;58;12;16m▁[38;2;66;16;20;48;2;79;19;23m▏[38;2;97;26;29;48;2;77;20;24m▋[38;2;76;20;23;48;2;71;18;22m▗[38;2;147;43;47;48;2;82;21;26m▝[38;2;119;34;39;48;2;101;25;30m▌[38;2;49;11;14;48;2;91;21;26m▌[38;2;109;29;33;48;2;56;13;16m▘[38;2;30;7;9;48;2;39;9;12m▔[38;2;31;8;10;48;2;33;8;11m▄[38;2;26;7;9;48;2;21;6;7m▏[38;2;21;6;8;48;2;15;4;6m▌[38;2;16;4;6;48;2;12;4;6m▍[0m
[38;2;7;4;6;48;2;8;5;8m▆[48;2;9;5;8m [48;2;10;5;8m [38;2;12;4;6;48;2;9;3;5m▂[38;2;9;3;5;48;2;12;4;6m▋[38;2;13;4;5;48;2;13;5;7m▁[38;2;16;10;15;48;2;14;2;3m▔[38;2;23;3;5;48;2;18;3;4m▕[38;2;19;4;5;48;2;21;4;5m▕[38;2;35;6;8;48;2;27;5;7m▝[38;2;41;8;11;48;2;50;10;13m▅[38;2;47;10;13;48;2;39;7;10m▕[38;2;45;9;12;48;2;41;8;11m▔[38;2;105;29;33;48;2;68;15;19m▕[38;2;106;28;32;48;2;90;21;25m▎[38;2;99;24;28;48;2;81;18;22m▝[38;2;105;26;31;48;2;87;21;25m▕[38;2;90;21;25;48;2;112;30;34m▅[38;2;81;18;22;48;2;100;24;28m▄[38;2;61;13;16;48;2;94;22;26m▄[38;2;48;10;13;48;2;71;14;19m▂[38;2;50;10;13;48;2;62;13;16m▄[38;2;42;9;12;48;2;58;13;17m▄[38;2;58;13;17;48;2;47;12;16m▔[38;2;41;12;15;48;2;51;14;17m▃[38;2;56;15;19;48;2;48;14;18m▝[38;2;40;13;17;48;2;55;16;21m▄[38;2;40;15;19;48;2;53;18;23m▄[38;2;47;17;22;48;2;37;17;23m▘[38;2;38;17;24;48;2;35;19;26m▏[38;2;32;19;26;48;2;29;18;25m▍[38;2;19;17;22;48;2;25;19;25m▁[38;2;20;13;18;48;2;24;19;25m▁[38;2;22;18;24;48;2;25;20;26m▄[38;2;37;35;45;48;2;23;18;23m▁[38;2;25;19;25;48;2;27;24;32m▅[38;2;34;32;40;48;2;27;22;29m▂[38;2;25;21;29;48;2;36;36;46m▅[38;2;25;22;29;48;2;35;34;43m▄[38;2;34;35;44;48;2;25;22;29m▃[38;2;34;33;41;48;2;22;17;23m▃[38;2;32;32;40;48;2;23;15;20m▔[38;2;15;10;15;48;2;24;20;28m▅[38;2;17;12;17;48;2;26;25;34m▆[38;2;18;11;16;48;2;25;21;28m▆[38;2;19;13;18;48;2;24;19;26m▆[38;2;23;16;22;48;2;17;13;18m▃[38;2;21;16;21;48;2;18;14;19m▗[38;2;22;18;24;48;2;20;15;20m▗[38;2;23;17;22;48;2;19;15;20m▏[38;2;17;13;18;48;2;24;18;24m▆[48;2;20;13;18m▁[38;2;31;16;21;48;2;18;13;18m▔[38;2;26;15;20;48;2;19;11;16m▔[38;2;16;7;10;48;2;22;10;15m▂[38;2;17;5;8;48;2;26;9;13m▂[38;2;36;13;17;48;2;28;9;12m▔[38;2;25;6;8;48;2;37;11;15m▁[38;2;48;12;15;48;2;36;9;12m▄[38;2;56;13;16;48;2;42;9;12m▃[38;2;66;14;17;48;2;49;10;13m▂[38;2;55;9;13;48;2;51;11;14m▔[38;2;64;15;19;48;2;53;10;13m▁[38;2;56;13;16;48;2;68;14;18m▁[38;2;83;22;25;48;2;71;16;20m▕[38;2;88;22;26;48;2;78;19;23m▏[38;2;95;24;28;48;2;73;18;22m▝[38;2;90;21;25;48;2;79;20;24m▁[38;2;80;20;24;48;2;87;22;26m▏[38;2;58;14;17;48;2;81;20;25m▆[38;2;75;17;22;48;2;55;12;16m▘[38;2;60;14;18;48;2;77;19;24m▆[38;2;73;17;22;48;2;99;24;30m▅[38;2;57;13;17;48;2;66;15;19m▋[38;2;68;15;20;48;2;45;9;12m▘[38;2;19;4;6;48;2;38;8;11m▁[38;2;16;4;5;48;2;25;6;8m▄[38;2;12;3;5;48;2;19;5;6m▄[38;2;10;3;5;48;2;14;4;5m▅[38;2;6;2;3;48;2;9;3;5m▁[0m
[38;2;10;6;8;48;2;8;5;7m▂[38;2;11;6;8;48;2;9;5;7m▂[48;2;11;5;8m [38;2;12;7;10;48;2;12;5;7m▁[38;2;14;8;12;48;2;11;4;6m▁[38;2;16;8;13;48;2;10;3;5m▁[38;2;14;2;3;48;2;11;4;5m▝[38;2;19;4;5;48;2;15;3;5m▕[38;2;23;4;6;48;2;18;3;4m▝[38;2;24;4;5;48;2;21;4;6m▕[38;2;38;7;10;48;2;28;5;7m▘[38;2;37;7;9;48;2;26;5;7m▕[38;2;41;6;10;48;2;32;6;9m▗[38;2;47;9;12;48;2;35;6;9m▝[38;2;44;8;11;48;2;91;19;24m▆[38;2;99;31;33;48;2;59;12;16m▔[38;2;37;7;10;48;2;81;18;23m▄[38;2;41;10;14;48;2;88;21;25m▅[38;2;43;9;13;48;2;73;16;21m▄[38;2;39;10;14;48;2;63;14;18m▂[38;2;55;14;18;48;2;42;9;11m▆[38;2;42;11;15;48;2;45;12;15m▕[38;2;44;13;17;48;2;35;10;13m▅[38;2;41;14;18;48;2;37;12;16m▔[38;2;31;11;16;48;2;36;13;17m▅[38;2;42;13;18;48;2;30;14;18m▔[38;2;37;15;20;48;2;27;14;18m▔[38;2;55;20;21;48;2;35;13;17m▔[38;2;34;14;19;48;2;27;13;19m▏[38;2;25;14;20;48;2;26;16;22m▏[38;2;31;21;27;48;2;20;15;19m▃[38;2;36;25;34;48;2;22;14;20m▃[38;2;31;29;38;48;2;26;17;23m▃[38;2;30;26;34m▃[38;2;27;19;25;48;2;33;31;40m▆[38;2;27;19;26;48;2;40;36;47m▆[38;2;27;18;23;48;2;33;30;40m▅[38;2;24;17;23;48;2;31;29;39m▅[38;2;22;17;24;48;2;32;31;40m▆[38;2;24;19;25;48;2;42;43;54m▆[38;2;24;18;24;48;2;35;34;44m▅[38;2;36;32;41;48;2;25;23;30m▔[38;2;29;26;34;48;2;24;18;23m▅[38;2;15;7;10;48;2;23;20;26m▔[38;2;22;19;24;48;2;19;11;15m▅[38;2;22;15;21;48;2;19;12;16m▗[38;2;20;12;17;48;2;16;10;14m▁[38;2;18;12;16;48;2;15;10;13m▞[38;2;18;10;14;48;2;14;9;13m▁[38;2;14;8;12;48;2;15;11;16m▃[38;2;15;10;13;48;2;19;16;21m▃[38;2;19;13;18;48;2;22;18;23m▃[38;2;16;11;16;48;2;22;16;21m▂[38;2;26;14;19;48;2;22;14;19m▕[38;2;35;13;17;48;2;24;13;17m▔[38;2;27;11;15;48;2;22;11;16m▝[38;2;25;11;15;48;2;28;11;15m▏[38;2;38;10;14;48;2;29;10;13m▝[38;2;39;10;14;48;2;38;10;13m▘[38;2;35;9;13m▏[38;2;67;17;20m▔[38;2;33;9;12;48;2;61;13;18m▅[38;2;35;9;12;48;2;63;16;19m▄[38;2;40;9;13;48;2;61;14;17m▃[38;2;44;11;14;48;2;63;14;18m▄[38;2;90;25;28;48;2;56;12;16m▔[38;2;46;10;13;48;2;53;12;16m▕[38;2;33;6;8;48;2;65;14;18m▆[38;2;42;9;13;48;2;35;6;9m▔[38;2;45;9;13;48;2;35;7;10m▖[38;2;48;10;14;48;2;33;7;10m▁[38;2;43;9;12;48;2;28;5;7m▔[38;2;17;4;5;48;2;38;6;9m▅[38;2;15;3;5;48;2;26;5;7m▅[38;2;14;4;5;48;2;18;3;4m▆[38;2;18;7;10;48;2;12;3;5m▗[38;2;18;9;12;48;2;13;5;8m▁[38;2;10;4;6;48;2;12;6;8m▕[38;2;11;6;9;48;2;7;2;3m▅[48;2;11;5;8m▏[0m
[38;2;12;6;9;48;2;11;6;8m▘[48;2;11;5;8m▔[38;2;12;5;8;48;2;10;5;7m▂[48;2;11;5;7m▂[38;2;11;4;6;48;2;14;7;11m▆[38;2;12;5;7;48;2;16;8;12m▆[38;2;13;7;10;48;2;15;7;10m▊[38;2;15;5;7m▕[38;2;16;6;10;48;2;16;4;5m▖[38;2;16;4;5;48;2;23;5;6m▆[38;2;20;5;6;48;2;18;4;6m▗[38;2;25;4;6;48;2;19;6;8m▔[38;2;16;5;7;48;2;22;5;7m▁[38;2;31;7;9;48;2;26;6;8m▗[38;2;26;6;8;48;2;29;6;8m▏[38;2;32;7;9;48;2;27;5;7m▘[38;2;30;6;9;48;2;21;4;6m▔[38;2;31;5;8;48;2;22;5;7m▔[38;2;30;7;9;48;2;26;5;8m▁[38;2;33;9;13;48;2;23;5;8m▔[38;2;17;5;8;48;2;32;8;12m▆[38;2;14;5;8;48;2;30;9;13m▅[38;2;39;12;15;48;2;18;7;10m▔[38;2;17;7;11;48;2;29;11;15m▆[38;2;27;14;19;48;2;19;9;13m▔[38;2;30;13;18;48;2;19;10;14m▔[38;2;32;15;20;48;2;21;11;16m▔[38;2;26;12;16;48;2;41;13;18m▅[38;2;33;14;19;48;2;21;11;16m▔[38;2;28;15;19m▔[38;2;28;22;30;48;2;20;12;17m▔[38;2;31;22;29;48;2;26;15;20m▝[38;2;22;13;17;48;2;30;23;31m▄[38;2;25;11;15;48;2;27;24;32m▂[38;2;24;14;19;48;2;32;26;34m▂[38;2;17;12;16;48;2;32;28;37m▂[38;2;20;16;22;48;2;32;29;38m▃[38;2;20;17;23;48;2;27;25;34m▃[38;2;19;17;22;48;2;26;25;34m▄[38;2;19;15;20;48;2;23;21;27m▔[38;2;24;24;32;48;2;18;16;22m▁[38;2;21;19;25;48;2;19;16;21m▂[38;2;23;22;28;48;2;18;15;20m▂[38;2;24;21;28;48;2;19;16;22m▗[38;2;26;25;34;48;2;18;14;19m▃[38;2;27;25;32;48;2;19;13;18m▄[38;2;25;24;30;48;2;22;17;22m▁[38;2;26;22;28;48;2;22;16;21m▂[48;2;23;17;23m [38;2;24;20;26;48;2;23;15;20m▁[38;2;28;18;23;48;2;23;14;19m▁[38;2;28;18;25;48;2;19;12;16m▁[38;2;21;13;18;48;2;18;8;12m▘[38;2;12;5;7;48;2;18;12;17m▃[38;2;15;8;11;48;2;20;12;16m▁[38;2;20;11;16;48;2;22;10;14m▋[38;2;24;12;16;48;2;20;10;15m▗[38;2;27;10;14;48;2;22;10;14m▏[38;2;29;10;14;48;2;19;8;11m▗[48;2;20;7;10m▖[38;2;33;10;13;48;2;22;8;11m▗[38;2;41;11;14;48;2;28;7;10m▁[38;2;29;8;11;48;2;32;8;11m▁[38;2;34;8;11;48;2;31;8;11m▖[38;2;30;6;9;48;2;40;9;12m▆[38;2;20;4;6;48;2;38;8;11m▄[38;2;23;6;8;48;2;51;10;14m▆[38;2;28;5;7;48;2;15;5;7m▔[38;2;23;5;7;48;2;14;6;9m▝[38;2;13;3;5;48;2;35;7;10m▅[38;2;15;4;6;48;2;42;8;12m▆[38;2;26;5;8;48;2;13;4;6m▔[38;2;9;3;5m▆[38;2;13;7;10;48;2;11;4;6m▁[38;2;18;9;13;48;2;11;4;7m▂[38;2;20;9;12;48;2;14;6;10m▁[38;2;18;8;12;48;2;12;5;7m▂[38;2;19;9;12;48;2;13;6;8m▃[38;2;18;7;11;48;2;12;5;7m▄[38;2;15;7;10;48;2;13;6;8m▆[0m
[38;2;10;5;7;48;2;8;4;6m▔[38;2;8;3;5;48;2;10;5;7m▅[48;2;11;4;7m▅[38;2;9;3;5;48;2;12;5;8m▅[38;2;10;4;5;48;2;13;6;9m▃[38;2;14;6;8;48;2;12;4;6m▆[38;2;14;5;7m▔[38;2;13;6;9m▔[38;2;13;4;6;48;2;16;7;10m▄[38;2;18;6;9;48;2;16;5;7m▘[38;2;19;7;11;48;2;18;6;9m▁[38;2;19;7;9;48;2;20;6;9m▏[38;2;24;7;10;48;2;19;6;8m▗[38;2;26;7;10;48;2;19;5;7m▄[38;2;25;7;9;48;2;20;5;7m▖[38;2;26;7;10;48;2;16;4;5m▆[38;2;29;7;10;48;2;18;4;6m▅[38;2;24;6;9;48;2;28;7;10m▏[38;2;32;8;10;48;2;22;6;9m▔[38;2;23;6;9;48;2;35;8;11m▆[38;2;26;8;11;48;2;22;8;11m▎[38;2;25;9;13;48;2;20;7;10m▖[38;2;16;10;14;48;2;16;7;11m▁[38;2;14;8;12;48;2;17;8;12m▆[38;2;16;10;15;48;2;15;8;12m▗[38;2;16;11;16;48;2;15;9;13m▅[38;2;18;10;14;48;2;15;10;14m▔[38;2;12;10;14;48;2;14;12;16m▁[38;2;14;11;16;48;2;20;16;22m▆[38;2;16;12;17;48;2;25;20;26m▆[38;2;28;15;19;48;2;20;15;21m▝[38;2;27;14;19;48;2;23;18;24m▔[38;2;24;21;27;48;2;22;16;22m▗[38;2;11;7;10;48;2;28;20;26m▔[38;2;21;20;26;48;2;23;17;22m▁[38;2;20;18;24;48;2;23;18;24m▕[38;2;22;21;28;48;2;19;17;23m▂[38;2;21;21;28;48;2;19;18;24m▕[38;2;24;24;33;48;2;21;21;28m▁[38;2;24;24;32;48;2;22;21;29m▕[38;2;26;26;36;48;2;24;24;31m▂[38;2;30;31;41;48;2;24;23;31m▁[38;2;26;26;34;48;2;22;19;24m▆[38;2;30;29;38;48;2;22;20;26m▅[38;2;17;15;19;48;2;28;27;36m▔[38;2;30;30;40;48;2;24;23;30m▃[38;2;29;28;38;48;2;27;24;32m▖[38;2;29;25;33;48;2;26;23;30m▖[38;2;22;22;30;48;2;25;22;28m▁[38;2;23;20;25;48;2;27;23;29m▆[38;2;25;22;29;48;2;21;18;24m▄[38;2;20;18;24;48;2;22;19;25m▗[38;2;22;18;24;48;2;19;16;21m▖[38;2;19;16;21;48;2;28;15;19m▆[38;2;20;16;21;48;2;17;9;13m▆[38;2;19;16;21;48;2;19;9;13m▃[38;2;21;13;17;48;2;17;11;15m▞[38;2;14;11;15;48;2;18;9;14m▁[38;2;21;12;16;48;2;15;9;13m▔[38;2;14;8;11;48;2;22;9;13m▆[38;2;13;7;10;48;2;26;10;13m▆[38;2;33;8;12;48;2;15;7;10m▔[38;2;10;4;6;48;2;18;6;8m▁[38;2;23;6;8;48;2;16;5;7m▔[38;2;24;5;6;48;2;18;5;7m▔[38;2;30;6;9;48;2;13;5;7m▔[38;2;13;5;7;48;2;10;5;8m▝[38;2;12;6;8;48;2;11;4;7m▘[38;2;7;1;2;48;2;11;6;8m▔[38;2;9;4;6;48;2;10;6;9m▝[38;2;11;6;9;48;2;7;2;3m▄[48;2;10;3;5m▄[38;2;8;2;3;48;2;12;5;8m▘[38;2;12;4;6;48;2;17;9;13m▅[38;2;11;4;5;48;2;18;9;13m▄[38;2;16;6;9;48;2;18;9;14m▄[38;2;19;8;11;48;2;17;7;10m▃[38;2;18;8;12m▆[38;2;18;8;11;48;2;19;8;12m▝[38;2;19;9;12;48;2;17;7;10m▖[0m
[?25h