[?25l[0m[38;2;42;53;72;48;2;40;52;72mg[38;2;49;59;79;48;2;42;53;73my[38;2;47;56;76;48;2;42;53;72my[38;2;54;61;81;48;2;44;54;72my[38;2;63;68;89;48;2;43;53;72m_[38;2;56;61;80;48;2;41;51;68m_[38;2;58;62;81;48;2;41;51;69m_[38;2;55;59;78;48;2;40;49;68m_[38;2;44;51;69;48;2;39;49;68m_[38;2;42;51;68;48;2;39;50;68m_[38;2;39;49;66;48;2;39;49;68my[38;2;41;52;71;48;2;41;51;69m`[38;2;60;67;89;48;2;50;57;77m`[38;2;59;64;85;48;2;55;60;80mM[38;2;62;65;85;48;2;54;59;78mm[38;2;71;72;93;48;2;56;59;79m-[38;2;78;75;97;48;2;60;63;83my[38;2;83;78;99;48;2;57;60;80m_[38;2;57;59;77;48;2;48;55;73my[38;2;44;52;70;48;2;45;53;71m'[38;2;46;55;73;48;2;48;54;74m`[38;2;71;72;96;48;2;59;63;84mf[38;2;76;78;102;48;2;66;70;92mY[38;2;65;68;90;48;2;77;79;102mL[38;2;75;72;91;48;2;81;82;105m_[38;2;79;83;107;48;2;90;88;111m~[38;2;78;82;106;48;2;89;88;111m~[38;2;94;90;113;48;2;84;85;108my[38;2;69;74;96;48;2;85;85;107m"[38;2;66;71;92;48;2;81;82;104m~[38;2;76;79;101;48;2;81;83;105mM[38;2;89;86;107;48;2;79;83;106m_[38;2;88;88;109;48;2;80;84;107m_[38;2;91;89;110;48;2;79;84;107m_[38;2;90;91;111;48;2;79;84;106m_[38;2;87;88;109;48;2;77;83;106m_[38;2;84;85;106;48;2;76;82;105m_[38;2;85;88;108;48;2;76;83;105m_[38;2;85;87;108;48;2;77;84;106m_[38;2;84;87;108;48;2;77;84;107m_[38;2;85;87;107;48;2;77;83;106m_[38;2;84;87;108;48;2;76;83;105m_[38;2;82;86;107;48;2;74;82;103m_[38;2;81;84;105;48;2;74;81;103m_[38;2;79;84;105;48;2;75;82;103my[38;2;82;85;105;48;2;75;81;103m_[38;2;81;83;104;48;2;73;80;101m_[38;2;80;83;103;48;2;73;81;102m_[38;2;79;82;103;48;2;72;79;100m_[38;2;76;82;103;48;2;72;80;101my[38;2;78;82;103m_[38;2;80;84;103;48;2;73;81;102m_[38;2;69;79;101;48;2;75;82;103m~[38;2;78;83;104;48;2;73;81;103my[38;2;82;86;107;48;2;75;83;105m_[38;2;81;86;107;48;2;76;84;106my[38;2;73;82;103;48;2;78;84;105m~[38;2;74;80;101;48;2;72;78;100mg[38;2;66;74;95m-[38;2;62;69;88;48;2;64;72;92my[38;2;65;69;89;48;2;59;68;88m_[38;2;67;73;91;48;2;56;66;86m_[38;2;73;76;96;48;2;58;67;87m_[38;2;78;85;104;48;2;58;68;88m_[38;2;79;85;106;48;2;61;70;91m_[38;2;71;79;101;48;2;63;72;93mv[38;2;76;84;106;48;2;64;72;94ma[38;2;69;77;99;48;2;61;71;92my[38;2;68;77;99;48;2;61;71;93mg[38;2;69;78;101;48;2;59;69;92my[38;2;70;80;103;48;2;61;72;95my[38;2;54;65;87;48;2;65;76;100m~[38;2;56;69;91;48;2;67;78;102m~[38;2;64;76;100;48;2;60;72;95mF[38;2;60;72;96;48;2;52;64;86m^[38;2;49;58;79;48;2;45;58;78m`[38;2;43;56;77;48;2;43;56;76m`[48;2;42;56;75m [38;2;44;57;77;48;2;42;56;76ma[38;2;41;55;75;48;2;43;56;76m~[0m
[38;2;57;64;86;48;2;47;56;76m=[38;2;63;67;89;48;2;50;57;77mw[38;2;66;72;93;48;2;52;59;78m`[38;2;49;56;74;48;2;62;67;87m_[38;2;44;53;71;48;2;64;68;88m_[38;2;53;58;77;48;2;69;71;91m_[38;2;57;60;78;48;2;72;72;92m~[38;2;60;63;82;48;2;75;73;93m^[38;2;58;60;78;48;2;77;73;92m~[38;2;86;76;96;48;2;68;65;84mg[38;2;86;75;96;48;2;66;63;81mg[38;2;99;82;103;48;2;63;60;79m_[38;2;96;77;98;48;2;63;60;78m_[38;2;92;73;93;48;2;67;63;81m_[38;2;67;64;83;48;2;81;72;91m~[38;2;63;62;80;48;2;94;79;101m`[38;2;87;77;99;48;2;104;85;107m~[38;2;82;71;91;48;2;103;86;108m=[38;2;81;71;90;48;2;91;78;98mJ[38;2;88;75;96;48;2;70;64;82m=[38;2;72;63;79;48;2;60;58;75my[38;2;74;61;79;48;2;59;57;74m_[38;2;78;73;92;48;2;62;59;77m`[38;2;101;90;111;48;2;72;65;84m~[38;2;63;59;75;48;2;88;76;96m_[38;2;80;69;89;48;2;96;81;101m*[38;2;75;62;80;48;2;104;87;108m.[38;2;85;70;88;48;2;107;90;111m_[38;2;89;74;92;48;2;108;92;113m_[38;2;117;93;113;48;2;109;93;114my[38;2;117;94;114;48;2;109;94;115my[38;2;98;92;112;48;2;110;94;114m~[38;2;96;92;112;48;2;110;96;115m~[38;2;94;90;110;48;2;107;96;115m~[38;2;112;99;116;48;2;104;96;114mg[38;2;110;99;115;48;2;101;95;113my[38;2;109;98;114;48;2;99;93;111my[38;2;115;102;115m_[38;2;109;98;114my[38;2;108;98;114;48;2;98;94;112my[38;2;115;100;114;48;2;97;93;110m_[38;2;112;98;113;48;2;96;92;110m_[38;2;109;98;113;48;2;95;92;110m_[38;2;107;96;112;48;2;92;90;108m_[38;2;108;98;113;48;2;93;90;108m_[38;2;105;96;110m_[38;2;99;91;108;48;2;91;88;106my[38;2;98;91;108my[38;2;97;91;108;48;2;89;88;106my[48;2;89;87;106my[38;2;98;90;106;48;2;90;87;105my[38;2;83;84;103;48;2;92;87;105m~[38;2;87;79;96;48;2;92;88;106m_[38;2;96;90;108;48;2;91;87;105mw[38;2;85;86;106;48;2;92;88;106m~[38;2;77;72;89;48;2;86;84;102m_[38;2;80;81;101;48;2;77;76;93m~[38;2;82;82;101;48;2;74;73;91m~[38;2;79;80;101;48;2;72;72;90m`[38;2;83;79;95;48;2;71;72;90m_[38;2;93;89;107;48;2;78;77;95m-[38;2;96;94;112;48;2;85;85;103ma[38;2;77;80;99;48;2;90;90;108m~[38;2;86;90;110;48;2;94;95;113m~[38;2;83;88;108;48;2;93;94;113m~[38;2;80;84;106;48;2;92;93;113m~[38;2;61;69;88;48;2;85;86;106m`[38;2;66;68;87;48;2;81;85;106m_[38;2;65;68;87m_[38;2;73;76;96;48;2;79;84;105my[38;2;74;81;103;48;2;64;69;89m~[38;2;61;71;93;48;2;53;62;81m~[38;2;67;77;99;48;2;53;62;82m`[38;2;66;73;96;48;2;50;60;79m~[38;2;46;58;78;48;2;46;57;76m`[38;2;45;57;77;48;2;45;57;75m-[38;2;48;59;78;48;2;45;57;76m_[38;2;48;58;78;48;2;45;56;76m_[48;2;45;57;76m_[38;2;47;59;78;48;2;45;58;77my[0m
[38;2;46;53;70;48;2;44;53;71my[38;2;46;54;72;48;2;45;53;71m-[38;2;61;64;86;48;2;47;54;72m`[38;2;61;65;83;48;2;48;55;72m`[38;2;44;53;70;48;2;47;54;71m~[38;2;46;54;72;48;2;47;54;70m`[38;2;48;54;70;48;2;52;56;73m:[38;2;71;67;86;48;2;54;57;74m~[38;2;86;77;97;48;2;68;65;82m~[38;2;97;81;101;48;2;77;68;86m~[38;2;69;62;78;48;2;96;77;96m,[38;2;92;71;89;48;2;107;81;101m_[38;2;110;79;97;48;2;111;82;102m,[38;2;104;81;102;48;2;113;82;102m"[38;2;89;71;90;48;2;116;83;103m`[38;2;108;81;103;48;2;121;85;105m~[38;2;129;86;106;48;2;122;86;107my[38;2;118;89;111;48;2;127;89;109m`[38;2;121;90;112;48;2;128;90;110m~[38;2;113;83;102m7[38;2;116;80;92;48;2;125;88;106m`[38;2;85;65;81;48;2;122;85;103m`[38;2;72;60;76;48;2;113;78;95m~[38;2;112;76;92;48;2;90;67;83mw[38;2;114;74;90;48;2;79;63;79m_[38;2;107;69;79;48;2;72;60;75m_[38;2;80;61;74;48;2;74;61;76m_[38;2;70;60;76;48;2;75;61;76m'[38;2;102;74;91;48;2;84;66;81mr[38;2;89;67;81;48;2;106;78;94my[38;2;99;70;84;48;2;120;86;103my[38;2;89;67;81;48;2;113;84;99my[38;2;103;73;87;48;2;119;89;104m_[38;2;138;101;114;48;2;129;97;111m:[38;2;123;89;98;48;2;130;102;113m_[38;2;139;106;114;48;2;131;105;116my[38;2;139;108;115;48;2;131;107;117my[38;2;139;109;116;48;2;129;106;116my[38;2;136;108;116;48;2;128;106;116my[38;2;121;103;116;48;2;130;106;115m~[38;2;135;108;116;48;2;128;106;116my[38;2;118;102;115;48;2;129;107;116m~[38;2;132;108;116;48;2;124;104;115my[38;2;114;100;114;48;2;125;104;115m~[38;2;113;99;113;48;2;125;105;115m~[38;2;130;107;115;48;2;121;103;114my[38;2;127;105;113;48;2;118;101;112my[38;2;125;103;113;48;2;117;99;111my[38;2;131;106;114;48;2;116;98;110m_[38;2;129;104;112;48;2;117;98;109m_[38;2;102;86;100;48;2;118;97;107m~[38;2;100;84;98;48;2;114;92;103m~[38;2;123;99;108;48;2;102;85;97mg[38;2;122;100;110;48;2;109;92;104mg[38;2;119;98;108;48;2;105;88;100mg[38;2;122;101;111;48;2;98;84;97my[38;2;123;102;112;48;2;100;85;99my[38;2;78;73;88;48;2;108;92;103m~[38;2;93;84;99;48;2;112;96;108m~[38;2;106;96;110;48;2;116;102;114m`[38;2;95;88;103;48;2;117;103;116m~[38;2;106;100;116;48;2;121;107;120m"[38;2;112;100;113;48;2;117;105;118m-[38;2;105;94;107;48;2;113;102;115mL[38;2;96;87;100;48;2;105;94;107m/[38;2;123;102;113;48;2;89;81;96m_[38;2;78;73;89;48;2;92;84;100ma[38;2;73;72;90;48;2;69;67;85m`[38;2;59;63;81;48;2;63;64;82m`[38;2;67;68;88;48;2;60;63;80m`[38;2;64;63;81;48;2;57;61;80m_[38;2;64;64;81;48;2;56;61;79m_[38;2;64;64;82;48;2;55;60;79m_[38;2;69;67;85;48;2;54;60;78m_[38;2;69;67;86;48;2;54;60;79m_[38;2;73;70;90;48;2;55;61;80m_[38;2;75;73;91;48;2;55;62;81m_[38;2;64;68;88;48;2;58;64;84my[38;2;62;66;87;48;2;57;64;84mw[38;2;59;65;84;48;2;54;62;81my[0m
[38;2;51;55;72;48;2;65;62;79m~[38;2;70;62;79;48;2;57;57;74m_[38;2;62;58;75;48;2;55;56;72mw[38;2;71;62;79;48;2;53;54;71m_[38;2;70;59;76;48;2;57;56;72m_[38;2;79;64;80;48;2;59;57;73m_[38;2;67;59;75;48;2;58;56;72my[38;2;73;61;78;48;2;57;55;71m_[38;2;65;58;74;48;2;56;55;71m_[38;2;57;56;72;48;2;57;55;70m`[38;2;100;74;92;48;2;64;58;74m`[38;2;61;56;72;48;2;65;58;75m.[38;2;105;74;93;48;2;72;61;77m"[38;2;92;68;86;48;2;76;61;78m`[38;2;116;79;96;48;2;81;63;79m~[38;2;87;64;80;48;2;111;74;91mw[38;2;110;72;87;48;2;129;81;98my[38;2;114;72;86;48;2;136;84;100m_[38;2;131;78;91;48;2;141;86;101m_[38;2;148;87;100;48;2;143;88;104my[38;2;146;86;99;48;2;144;88;104my[38;2;152;88;101;48;2;146;89;104my[38;2;152;89;102;48;2;148;91;105my[38;2;158;91;103;48;2;149;90;104m.[38;2;123;78;92;48;2;146;88;100m~[38;2;109;71;81;48;2;142;85;96m~[38;2;92;64;77;48;2;140;84;95m`[38;2;87;63;76;48;2;134;81;91m~[38;2;154;87;95;48;2;118;73;84my[38;2;116;71;80;48;2;135;82;91m=[38;2;106;69;78;48;2;145;88;96m-[38;2;104;69;81;48;2;144;87;94m`[38;2;92;64;77;48;2;144;90;96m~[38;2;101;71;84;48;2;141;90;94m~[38;2;129;79;83;48;2;143;96;100m=[38;2;125;84;90;48;2;145;98;102m-[38;2;137;91;96;48;2;151;105;107m+[38;2;146;111;115;48;2;151;107;108m`[38;2;143;110;114;48;2;151;108;109m`[38;2;158;110;108;48;2;149;109;111my[38;2;142;110;114;48;2;154;112;112m~[38;2;157;111;110;48;2;148;110;112my[38;2;162;113;111;48;2;148;110;111m_[38;2;159;112;109;48;2;147;110;112m_[38;2;139;109;113;48;2;150;111;112m~[38;2;159;110;107;48;2;147;110;112m_[38;2;153;110;109;48;2;144;109;111my[38;2;154;111;110;48;2;145;109;111my[38;2;151;108;108;48;2;143;108;111my[38;2;134;106;111;48;2;147;109;110m~[38;2;131;91;94;48;2;143;107;110m_[38;2;103;73;83;48;2;138;105;109m_[38;2;136;110;117;48;2;143;107;111m`[38;2;123;85;91;48;2;143;108;112m_[38;2;148;108;109;48;2;143;109;113my[38;2;146;107;108;48;2;142;109;112my[38;2;121;83;91;48;2;140;107;111m_[38;2;109;76;87;48;2;138;106;110m_[38;2;123;92;98;48;2;133;102;108mu[38;2;130;93;98;48;2;138;107;112m_[38;2;134;110;118;48;2;142;110;114m~[38;2;145;110;113;48;2;140;110;116my[38;2;128;106;114;48;2;141;110;115m~[38;2;131;103;109;48;2;140;110;115mr[38;2;116;90;98;48;2;128;101;109mi[38;2;86;72;84;48;2;116;92;101m=[38;2;121;92;100;48;2;98;79;91my[38;2;138;106;110;48;2;92;76;89m_[38;2;129;99;105;48;2;90;75;89m_[38;2;126;98;107;48;2;84;72;87m_[38;2;120;93;104;48;2;82;71;87m_[38;2;115;92;105;48;2;86;74;89m_[38;2;70;67;84;48;2;94;81;95m~[38;2;100;83;99;48;2;86;75;92my[38;2;99;84;99;48;2;82;74;91mz[38;2;97;85;101;48;2;83;75;93m*[38;2;88;79;97;48;2;77;72;91m=[38;2;80;75;94;48;2;71;69;87mT[38;2;79;76;95;48;2;65;66;85m^[38;2;56;60;79;48;2;54;60;78mL[0m
[38;2;71;63;79;48;2;80;66;83m_[38;2;97;71;87;48;2;82;67;82m_[38;2;78;62;78;48;2;85;67;83m_[38;2;99;72;87;48;2;77;64;80m=[38;2;91;69;84;48;2;78;63;79m*[38;2;90;67;82;48;2;79;63;79m=[38;2;96;70;85;48;2;78;63;78mF[38;2;99;69;86;48;2;81;63;79m=[38;2;111;71;85;48;2;82;63;78m*[38;2;104;68;81;48;2;86;63;77my[38;2;120;73;85;48;2;91;64;78my[38;2;137;77;88;48;2;85;62;76m_[38;2;133;76;87;48;2;87;63;77m_[38;2;106;69;82;48;2;85;62;76m_[38;2;110;69;82;48;2;100;66;80m^[38;2;90;64;78;48;2;122;73;86m_[38;2;93;63;77;48;2;134;77;90m_[38;2;119;72;84;48;2;144;80;92m_[38;2;122;70;81;48;2;144;79;90m_[38;2;112;68;80;48;2;144;80;90m_[38;2;123;73;83;48;2;151;82;92m_[38;2;145;80;88;48;2;154;83;92m-[38;2;158;88;98;48;2;156;84;92m`[38;2;158;90;99;48;2;157;84;92m`[38;2;157;88;97;48;2;161;86;92m`[38;2;160;88;97;48;2;167;88;94m~[38;2;172;90;93;48;2;167;91;96my[38;2;174;91;93;48;2;168;90;95my[38;2;174;92;92;48;2;169;92;96my[38;2;174;91;92;48;2;169;91;95my[38;2;177;91;91;48;2;170;91;94m_[38;2;183;96;92;48;2;171;93;96m_[38;2;179;98;94;48;2;173;99;98my[38;2;183;102;93;48;2;174;102;99m_[38;2;185;104;94;48;2;174;105;100m_[38;2;186;107;96;48;2;174;106;100m_[38;2;187;108;96;48;2;174;108;102m_[38;2;186;108;97;48;2;173;108;102m_[38;2;165;107;103;48;2;174;108;100m~[38;2;185;108;97;48;2;173;109;102m_[38;2;180;111;101;48;2;173;110;103mg[38;2;180;109;99;48;2;172;109;102my[38;2;161;97;92;48;2;173;110;103m-[38;2;150;89;86;48;2;173;110;102m-[38;2;157;94;90;48;2;170;106;99m=[38;2;136;82;82;48;2;167;103;97m*[38;2;142;83;84;48;2;167;102;96m*[38;2;129;76;78;48;2;161;97;92m*[38;2;191;106;90;48;2;149;90;88m_[38;2;192;99;86;48;2;141;81;82m_[38;2;195;102;87;48;2;139;82;83m_[38;2;151;83;82;48;2;121;74;80my[38;2;130;87;91;48;2;121;74;81m`[38;2;130;86;92;48;2;116;73;81m`[38;2;130;88;92;48;2;118;75;82m~[38;2;155;89;87;48;2;122;78;83m_[38;2;167;96;91;48;2;128;79;84m_[38;2;175;101;94;48;2;127;80;85m_[38;2;156;97;95;48;2;131;86;90my[38;2;127;86;89;48;2;146;98;98mM[38;2;128;90;94;48;2;147;100;99mT[38;2;106;71;80;48;2;138;96;98m_[38;2;103;71;80;48;2;140;98;101m_[38;2;97;66;78;48;2;142;100;103m_[38;2;107;76;85;48;2;129;92;98my[38;2;101;74;84;48;2;123;89;96ma[38;2;91;70;82;48;2;117;87;95ma[38;2;135;101;106;48;2;102;78;89m~[38;2;128;97;104;48;2;97;76;89m~[38;2;83;70;84;48;2;108;83;94m*[38;2;90;71;84;48;2;108;82;94m=[38;2;89;72;87;48;2;109;84;97my[38;2;81;68;84;48;2;102;82;95my[38;2;82;69;85;48;2;98;79;94mg[38;2;95;78;92;48;2;80;69;85mT[38;2;66;65;82;48;2;72;66;83m`[38;2;73;68;88;48;2;67;63;81m`[38;2;71;63;81;48;2;62;61;79m_[38;2;73;63;82;48;2;64;61;80m_[38;2;71;63;81;48;2;62;61;79m_[0m
[38;2;82;66;82;48;2;71;61;77m~[38;2;88;67;83;48;2;78;64;79m?[38;2;88;66;81;48;2;95;69;83mZ[38;2;109;72;85;48;2;89;66;80m=[38;2;114;74;85;48;2;96;67;80ma[38;2;122;76;86;48;2;101;68;81mw[38;2;127;78;87;48;2;100;68;80mg[38;2;131;78;86;48;2;98;67;80my[38;2;143;81;86;48;2;93;65;77m_[38;2;139;76;85;48;2;88;62;75m_[38;2;124;71;81;48;2;91;63;76m_[38;2;118;72;85;48;2;92;63;77m~[38;2;135;77;87;48;2;98;65;78m~[38;2;136;77;88;48;2;103;67;80m~[38;2;125;73;85;48;2;110;69;82mM[38;2;142;79;88;48;2;108;68;81m=[38;2;135;74;83;48;2;110;68;80mw[38;2;149;78;83;48;2;107;68;80m_[38;2;134;77;87;48;2;107;67;80m`[38;2;133;73;79;48;2;102;65;77m_[38;2;134;71;77;48;2;110;67;78m_[38;2;155;82;87;48;2;125;71;79m"[38;2;154;77;79;48;2;126;72;79m_[38;2;125;71;78;48;2;152;80;84mw[38;2;137;75;80;48;2;155;81;83mL[38;2;138;75;79;48;2;163;85;84m_[38;2;155;81;82;48;2;165;85;85mu[38;2;142;76;79;48;2;166;84;84ma[38;2;147;78;79;48;2;170;86;85my[38;2;151;80;80;48;2;167;86;84mz[38;2;143;78;79;48;2;166;86;84mw[38;2;155;78;76;48;2;178;91;86m_[38;2;166;84;79;48;2;185;95;86m_[38;2;178;89;80;48;2;194;100;88m_[38;2;188;101;90m'[38;2;204;105;88;48;2;197;104;90my[38;2;206;106;87;48;2;199;106;90my[38;2;212;107;86;48;2;201;108;91m_[38;2;206;106;87;48;2;197;107;90my[38;2;191;109;94;48;2;199;107;89m~[38;2;190;110;97;48;2;199;108;90m`[38;2;187;109;97;48;2;195;105;89m`[38;2;170;89;82;48;2;190;103;88m-[38;2;165;88;82;48;2;185;100;87m*[38;2;145;77;77;48;2;176;97;86ma[38;2;145;79;78;48;2;183;99;88m*[38;2;170;90;83;48;2;187;103;90mw[38;2;172;91;83;48;2;187;103;91mw[38;2;187;108;96;48;2;187;102;90m'[38;2;153;83;81;48;2;185;101;89m*[38;2;161;86;81;48;2;181;96;85m+[38;2;135;76;79;48;2;182;97;86m~[38;2;126;72;76;48;2;180;97;86m~[38;2;149;80;78;48;2;180;98;87m~[38;2;140;76;79;48;2;179;100;89m~[38;2;141;80;80;48;2;176;101;91m~[38;2;121;75;77;48;2;172;100;92m`[38;2;158;89;84;48;2;170;98;91m,[38;2;149;88;85;48;2;165;97;92mu[38;2;141;84;84;48;2;163;98;93my[38;2;127;78;82;48;2;151;91;90ma[38;2;156;95;92;48;2;134;83;85mF[38;2;166;100;96;48;2;133;82;86m^[38;2;150;91;91;48;2;123;77;83mT[38;2;134;80;86;48;2;118;74;82m^[38;2;138;80;87;48;2;123;75;82m'[38;2;135;76;81;48;2;107;71;82m_[38;2;138;80;85;48;2;102;69;81m_[38;2;152;89;89;48;2;98;69;82m_[38;2;127;79;86;48;2;96;69;82m_[38;2;134;82;88;48;2;94;68;82m_[38;2;116;72;84m,[38;2;104;71;84;48;2;88;67;82mw[38;2;128;78;88;48;2;89;67;82m_[38;2;109;73;87;48;2;89;66;82my[38;2;113;75;87;48;2;92;68;84mw[38;2;116;75;89;48;2;96;70;86mx[38;2;122;80;93;48;2;88;68;84m-[38;2;113;75;87;48;2;87;67;84m_[38;2;115;80;93;48;2;86;68;85m_[0m
[38;2;122;75;85;48;2;89;66;80m_[38;2;112;73;85;48;2;88;65;78m=[38;2;107;71;82;48;2;91;66;79ma[38;2;112;72;82;48;2;92;66;78mw[38;2;113;70;80;48;2;93;65;77mw[38;2;124;73;81;48;2;99;67;78m_[38;2;79;55;60;48;2;90;61;68m?[38;2;83;51;55;48;2;98;63;72mw[38;2;136;79;85;48;2;110;69;80m`[38;2;146;80;87;48;2;113;69;81m~[38;2;148;80;85;48;2;114;70;80m~[38;2;139;78;85m?[38;2;139;78;84;48;2;114;70;81m?[38;2;154;86;88;48;2;111;69;80m=[38;2;159;86;87;48;2;111;69;79m-[38;2;123;71;80;48;2;108;68;80mg[38;2;129;74;82;48;2;118;70;80mC[38;2;161;82;86;48;2;120;71;80m`[38;2;159;83;84;48;2;139;76;81m7[38;2;175;90;86;48;2;138;75;80m^[38;2;123;69;76;48;2;160;82;82m_[38;2;125;68;75;48;2;165;84;81m_[38;2;155;79;80;48;2;181;89;83m_[38;2;145;77;80;48;2;186;93;85m_[38;2;168;84;79;48;2;184;91;83mu[38;2;157;81;79;48;2;184;92;83m_[38;2;136;73;76;48;2;181;89;81m_[38;2;145;76;77;48;2;191;92;81m_[38;2;156;77;77;48;2;197;95;81m`[38;2;163;81;76;48;2;200;96;82m_[38;2;186;88;78;48;2;204;97;81m_[38;2;196;93;80;48;2;212;101;81m~[38;2;205;98;82;48;2;217;103;82m"[38;2;190;92;79;48;2;217;104;82m`[38;2;202;99;83;48;2;218;104;81m"[38;2;191;95;81;48;2;220;106;81m`[38;2;209;103;83;48;2;224;107;81m~[38;2;216;107;84;48;2;227;109;81m~[38;2;237;111;77;48;2;225;109;81m_[38;2;239;115;80;48;2;225;111;82m_[38;2;233;113;81;48;2;223;111;83myy[38;2;211;108;85;48;2;225;111;82m~[38;2;209;107;85;48;2;223;111;83m~[38;2;228;112;82;48;2;219;110;84my[38;2;231;110;80;48;2;218;108;83m_[38;2;226;110;83;48;2;217;109;85my[38;2;209;107;86;48;2;219;109;84m~[38;2;222;109;82;48;2;214;107;84my[38;2;224;108;82;48;2;212;105;83m_[38;2;216;106;83;48;2;209;105;85my[38;2;213;103;82;48;2;205;103;84my[38;2;207;102;82;48;2;202;103;86my[38;2;203;100;82;48;2;199;102;86my[38;2;193;105;90;48;2;195;100;85m`[38;2;168;85;79;48;2;189;100;86m_[38;2;164;85;81;48;2;184;98;85m_[38;2;168;86;81;48;2;180;96;85m_[38;2;177;97;87;48;2;183;98;86m`[38;2;164;90;83;48;2;178;96;86m`[38;2;162;89;84;48;2;177;95;85m~[38;2;148;83;80;48;2;172;93;85m~[38;2;156;84;83;48;2;164;89;84m~[38;2;146;82;82;48;2;163;88;84m+[38;2;128;76;80;48;2;157;86;84m-[38;2;117;72;78;48;2;153;85;83m-[38;2;117;72;80;48;2;153;85;85m=[38;2;112;70;79;48;2;142;82;84m=[38;2;162;87;84;48;2;126;76;82m_[38;2;151;84;85;48;2;127;77;84my[38;2;99;69;81;48;2;137;81;85m~[38;2;95;67;81;48;2;138;81;87m~[38;2;98;69;83;48;2;138;81;88m~[38;2;100;68;82;48;2;137;81;89m~[38;2;85;65;83;48;2;132;80;89m`[38;2;125;75;87;48;2;133;81;90m_[38;2;133;83;93;48;2;121;77;89mT[38;2;110;74;88;48;2;125;80;91ma[38;2;111;74;88mw[38;2;131;85;95;48;2;109;74;88m~[0m
[38;2;109;70;81;48;2;127;75;84m*[38;2;108;71;83;48;2;129;77;85m-[38;2;126;77;85;48;2;117;71;79m'[38;2;76;50;50;48;2;117;70;77m,[38;2;146;79;84;48;2;132;75;82m?[38;2;155;83;86;48;2;138;77;83m?[38;2;148;82;84;48;2;132;72;77m:[38;2;102;59;61;48;2;83;49;47m_[38;2;107;59;60;48;2;131;71;74mL[38;2;169;86;86;48;2;141;77;82m=[38;2;176;86;84;48;2;141;75;81m=[38;2;178;85;83;48;2;149;77;81ma[38;2;182;84;82;48;2;146;75;80ma[38;2;129;72;80;48;2;167;80;80m~[38;2;120;69;78;48;2;168;81;81m~[38;2;137;72;79;48;2;172;81;81m~[38;2;137;72;78;48;2;178;82;80m~[38;2;129;70;78;48;2;174;82;80m~[38;2;191;86;80;48;2;156;78;80my[38;2;211;92;79;48;2;157;77;78m_[38;2;186;84;78;48;2;153;76;77my[38;2;173;80;77;48;2;150;74;76my[38;2;180;82;77;48;2;147;74;77my[38;2;199;86;75;48;2;147;74;76m_[38;2;194;85;78;48;2;155;75;76m_[38;2;207;87;74;48;2;154;75;75m_[38;2;227;93;74;48;2;156;76;76m_[38;2;207;88;74;48;2;152;75;75m_[38;2;200;86;73;48;2;155;75;75m_[38;2;218;92;74;48;2;156;76;75m_[38;2;199;86;73;48;2;171;79;74m_[38;2;215;99;78;48;2;174;80;73m~[38;2;219;101;78;48;2;182;82;73m`[38;2;233;107;79;48;2;200;90;74m~[38;2;192;85;73;48;2;216;97;75my[38;2;199;88;74;48;2;224;102;76my[38;2;202;87;73;48;2;236;107;75m_[38;2;202;85;71;48;2;241;110;75m_[38;2;199;84;71;48;2;242;110;73m_[38;2;242;115;78;48;2;246;116;75m`[38;2;239;107;73;48;2;247;118;76m_[38;2;225;100;73;48;2;246;117;76m_[38;2;200;84;72;48;2;241;113;76m_[38;2;216;94;74;48;2;243;114;77m_[38;2;206;87;72;48;2;241;111;76m_[38;2;202;86;73;48;2;237;108;75m_[38;2;210;92;75;48;2;239;110;76m_[38;2;213;93;73;48;2;236;108;76m_[38;2;205;91;76;48;2;232;106;77m_[38;2;197;87;73;48;2;226;102;76m_[38;2;198;86;73;48;2;222;101;77m_[38;2;228;104;76;48;2;207;94;76m=[38;2;181;87;78;48;2;195;91;74m`[38;2;186;85;74;48;2;200;92;76m_[38;2;180;87;78;48;2;200;93;77m~[38;2;213;100;78;48;2;190;91;78m=[38;2;212;102;80;48;2;187;90;79m=[38;2;206;98;80;48;2;177;87;79m=[38;2;196;93;79;48;2;171;84;79m=[38;2;151;80;80;48;2;172;85;79m~[38;2;106;61;58;48;2;167;84;78m_[38;2;184;95;82;48;2;169;85;79m~[38;2;181;95;84;48;2;167;84;80m~[38;2;156;80;80;48;2;171;86;81ma[38;2;150;77;79;48;2;166;85;81ma[38;2;149;78;79;48;2;162;83;81mm[38;2;154;79;80;48;2;165;83;81ma[38;2;148;77;80;48;2;163;82;81m*[38;2;150;78;81;48;2;158;81;81mK[38;2;147;77;83;48;2;162;82;83m=[38;2;143;78;84;48;2;159;82;84m=[38;2;163;86;88;48;2;151;81;86mT[38;2;130;76;87;48;2;149;80;86m`[38;2;144;79;86;48;2;142;77;84m~[38;2;135;78;88;48;2;141;77;86m~[38;2;130;74;85;48;2;136;77;87m=[38;2;141;79;88;48;2;128;75;87m-[38;2;121;73;86;48;2;128;75;86mf[38;2;66;48;57;48;2;100;66;78my[38;2;41;37;48;48;2;58;46;57m@[0m
[38;2;126;72;78;48;2;145;78;83m_[38;2;122;68;76;48;2;143;76;82m_[38;2;126;74;79;48;2;141;74;78m`[38;2;128;66;68;48;2;86;52;53m+[38;2;100;51;52;48;2;138;70;72m_[38;2;151;77;82;48;2;160;78;81m~[38;2;141;74;81;48;2;161;78;80m`[38;2;111;65;70;48;2;158;76;78m`[38;2;88;51;49;48;2;141;70;70m~[38;2;149;78;83;48;2;164;80;80m'[38;2;137;72;79;48;2;163;78;79m`[38;2;149;74;79;48;2;173;78;79m~[38;2;140;72;79;48;2;175;78;79m~[38;2;143;73;79;48;2;179;79;79m~[38;2;143;72;78;48;2;182;78;79m~[38;2;155;74;77;48;2;183;78;77m~[38;2;169;78;79;48;2;190;81;78mT[38;2;117;56;51;48;2;153;71;67ma[38;2;206;89;79;48;2;191;81;75m`[38;2;216;93;79;48;2;202;84;77m`[38;2;219;93;79;48;2;206;85;76m~[38;2;201;83;77;48;2;216;88;75m=[38;2;219;92;79;48;2;207;85;73m'[38;2;128;57;54;48;2;205;86;73m_[38;2;192;83;78;48;2;218;89;74m`[38;2;183;80;75;48;2;221;89;73m`[38;2;201;87;75;48;2;225;90;74m~[38;2;185;82;75;48;2;225;90;72m~[38;2;191;83;74;48;2;230;91;72m~[38;2;196;84;74;48;2;230;92;72m~[38;2;202;85;71;48;2;235;94;70m7[38;2;210;88;72;48;2;237;95;70mT[38;2;219;91;72;48;2;236;96;70mT[38;2;215;92;74;48;2;236;98;72m^[38;2;206;89;73;48;2;235;99;70m~[38;2;201;85;73;48;2;238;102;70m~[38;2;200;84;71;48;2;239;104;70m~[38;2;203;85;71;48;2;239;107;71m~[38;2;209;88;72;48;2;242;114;72m~[38;2;213;85;70;48;2;243;119;74m~[38;2;224;100;74;48;2;245;123;76m~[38;2;221;95;71;48;2;244;117;73m~[38;2;213;88;71;48;2;243;114;73m~[38;2;216;91;71;48;2;242;109;72m~[38;2;212;89;73;48;2;242;106;71m~[38;2;212;90;74;48;2;242;105;71m~[38;2;176;76;56;48;2;230;100;70m_[38;2;204;87;73;48;2;241;102;71m`[38;2;214;93;76;48;2;240;100;72m`[38;2;204;88;73;48;2;234;97;72m`[38;2;136;62;51;48;2;213;90;69m_[38;2;136;58;49;48;2;212;89;69m_[38;2;132;65;54;48;2;100;48;42m~[38;2;118;54;45;48;2;161;72;59mp[38;2;192;86;74;48;2;219;91;73m`[38;2;115;53;49;48;2;211;90;72m_[38;2;196;88;77;48;2;219;92;75m`[38;2;152;64;60;48;2;206;89;75m_[38;2;196;88;78;48;2;210;89;76m~[38;2;125;55;53;48;2;170;76;67m_[38;2;109;58;56;48;2;79;45;43m+[38;2;84;46;46;48;2;156;73;66m_[38;2;202;89;77;48;2;185;82;74m`[38;2;198;88;78;48;2;188;82;77m`[38;2;200;88;78;48;2;186;82;76m`[38;2;160;70;68;48;2;176;78;75m.[38;2;106;54;55;48;2;162;74;73my[38;2;173;76;75;48;2;165;75;75m:[38;2;78;48;52;48;2;144;71;71m_[38;2;163;74;76;48;2;151;72;74m:[38;2;83;49;53;48;2;122;63;67mt[38;2;106;55;62;48;2;155;74;79m_[38;2;160;80;85;48;2;130;67;72m`[38;2;100;55;63;48;2;128;67;74my[38;2;99;58;71;48;2;147;74;83m_[38;2;83;54;70;48;2;147;75;84m_[38;2;75;54;70;48;2;132;70;81m_[38;2;94;54;67;48;2;122;66;76m,[38;2;99;61;70;48;2;64;45;53m-[38;2;52;39;47;48;2;35;31;39mF[0m
[38;2;89;55;63;48;2;57;45;54m~[38;2;90;56;65;48;2;51;43;52m~[38;2;104;60;67;48;2;49;42;51m~[38;2;73;48;52;48;2;42;37;44m"[38;2;106;55;58;48;2;60;42;47m"[38;2;133;67;75;48;2;74;48;57m~[38;2;120;63;70;48;2;69;46;54m^[38;2;141;66;71;48;2;80;49;59m~[38;2;128;66;70;48;2;72;48;57m~[38;2;170;80;81;48;2;83;51;59m`[38;2;165;76;79;48;2;95;55;64m~[38;2;161;72;77;48;2;87;52;62m~[38;2;138;65;70m~[38;2;75;50;63;48;2;130;63;71my[38;2;168;73;76;48;2;89;52;61m~[38;2;130;63;68;48;2;76;49;57m~[38;2;180;75;76;48;2;107;57;65m~[38;2;131;63;59;48;2;89;51;58m~[38;2;157;67;65;48;2;95;51;54m~[38;2;156;67;69;48;2;97;52;61m~[38;2;187;73;72;48;2;98;52;58m~[38;2;70;46;57;48;2;137;61;66my[38;2;97;48;49;48;2;69;41;46m^[38;2;121;60;60;48;2;63;38;43m`[38;2;179;69;63;48;2;88;46;50m~[38;2;182;75;70;48;2;109;54;59m~[38;2;208;79;73;48;2;120;58;62m~[38;2;201;73;67;48;2;103;51;55m~[38;2;72;42;47;48;2;151;62;61my[38;2;186;71;63;48;2;108;51;53m~[38;2;215;77;64;48;2;116;53;52m~[38;2;209;77;65;48;2;132;58;58m~[38;2;233;88;71;48;2;136;61;59m~[38;2;75;43;49;48;2;179;71;64m_[38;2;88;45;47;48;2;175;70;60my[38;2;114;52;53;48;2;187;73;62my[38;2;98;49;54;48;2;190;73;63m_[38;2;133;55;56;48;2;203;81;63my[38;2;115;48;45;48;2;185;78;58my[38;2;126;53;53;48;2;210;88;66m_[38;2;133;54;55;48;2;221;95;70m_[38;2;147;58;55;48;2;209;85;64my[38;2;136;55;53;48;2;196;78;61my[38;2;120;50;50;48;2;186;73;59my[38;2;239;91;65;48;2;144;57;52m~[38;2;239;89;65;48;2;142;58;53m~[38;2;152;61;51;48;2;92;42;40m~[38;2;210;76;59;48;2;117;50;48m~[38;2;224;83;66;48;2;124;55;54m~[38;2;208;78;66;48;2;101;47;47m~[38;2;90;46;42;48;2;64;38;37m`[38;2;168;67;56;48;2;67;39;39m~[38;2;75;39;37;48;2;48;32;34m`[38;2;41;29;28;48;2;56;35;37m`[38;2;191;73;68;48;2;80;42;45m"[38;2;84;44;44;48;2;60;37;41m`[38;2;177;69;65;48;2;88;47;52m~[38;2;127;56;57;48;2;70;42;48m~[38;2;171;71;67;48;2;81;45;50m~[38;2;121;55;54;48;2;56;39;43m~[38;2;60;35;37;48;2;41;32;38m"[38;2;76;43;47;48;2;41;35;41m7[38;2;134;64;65;48;2;58;41;49m`[38;2;179;75;72;48;2;63;43;51m`[38;2;173;73;73;48;2;63;44;54m`[38;2;89;52;56;48;2;48;39;47m~[38;2;42;38;42;48;2;37;33;41m`[38;2;137;61;66;48;2;47;38;46m`[38;2;58;39;45;48;2;38;35;42m~[38;2;90;51;59;48;2;39;36;45m~[38;2;70;45;52;48;2;32;33;41m`[38;2;105;55;65;48;2;38;38;49m`[38;2;84;50;61;48;2;40;38;50m~[38;2;58;42;53;48;2;37;37;48m~[38;2;95;56;72;48;2;40;40;53m`[38;2;67;52;68;48;2;39;40;53m"[38;2;63;49;66;48;2;40;41;55m~[38;2;28;35;48;48;2;39;40;53m:[38;2;42;35;44;48;2;30;34;44m`[38;2;26;32;44;48;2;24;31;41mj[0m
[38;2;39;44;55;48;2;41;43;53m`[38;2;45;48;58;48;2;40;36;39m_[38;2;40;35;37;48;2;43;41;48mw[38;2;50;45;55;48;2;42;43;53mr[38;2;53;45;53;48;2;46;44;53m:[38;2;40;36;42;48;2;42;40;48mw[38;2;36;35;41;48;2;44;41;49m`[38;2;42;43;55;48;2;47;41;45m`[38;2;52;43;52;48;2;43;39;46m=[38;2;41;36;43;48;2;44;40;49m[[38;2;55;43;52;48;2;45;42;52m:[38;2;52;42;45;48;2;42;39;48m_[38;2;49;43;50;48;2;44;40;48mu[38;2;45;40;49;48;2;42;39;49ma[38;2;50;42;51m-[38;2;40;39;49;48;2;44;40;49m'[38;2;48;44;56;48;2;49;41;50m`[38;2;63;51;60;48;2;55;43;50m`[38;2;50;38;39;48;2;51;41;48m'[38;2;43;40;49;48;2;46;39;48m'[38;2;45;41;51;48;2;44;38;47m'[38;2;53;41;49;48;2;42;37;45m:[38;2;49;41;49;48;2;45;38;46m;[38;2;46;38;45;48;2;44;36;45mL[38;2;52;41;49;48;2;48;38;47m_[38;2;101;55;53;48;2;61;42;47m![38;2;52;42;53;48;2;51;39;46m`[38;2;51;41;46;48;2;46;36;43m_[38;2;49;38;44;48;2;46;36;42mj[38;2;51;39;46;48;2;49;37;44m\[38;2;55;40;49;48;2;53;38;43m~[38;2;61;43;51;48;2;56;38;45m`[38;2;83;50;58;48;2;58;39;44m`[38;2;66;41;48;48;2;57;38;43m'[38;2;62;39;43;48;2;60;37;41mE[38;2;84;46;47;48;2;73;41;43m:[38;2;104;48;47;48;2;77;41;45m-[38;2;91;44;47;48;2;78;41;43m`[38;2;73;37;38;48;2;79;39;41mF[38;2;111;49;51;48;2;100;46;47m"[38;2;120;52;54;48;2;108;48;49m~[38;2;88;40;41;48;2;98;45;46ma[38;2;94;45;44;48;2;81;40;42m:[38;2;78;39;41;48;2;70;38;40m'[38;2;65;37;40;48;2;62;35;37m~[38;2;62;37;40;48;2;58;35;37m}[38;2;53;33;35;48;2;56;35;38m=[38;2;54;33;36;48;2;55;35;39m-[38;2;57;37;44;48;2;59;38;41m'[38;2;79;46;44;48;2;55;37;40m:[38;2;39;27;28;48;2;50;34;37m'[38;2;55;39;45;48;2;63;40;42m'[38;2;53;37;41;48;2;46;33;37mL[38;2;46;37;42;48;2;57;38;42m`[38;2;59;38;38;48;2;48;35;40m:[38;2;41;32;37;48;2;37;30;36mu[38;2;38;36;41;48;2;37;31;36m~[38;2;38;34;42;48;2;36;31;37m'[38;2;37;32;37;48;2;34;30;36mz[38;2;36;31;35;48;2;33;29;34mL[38;2;41;38;46;48;2;34;31;37m"[38;2;39;34;41;48;2;35;33;38m=[38;2;29;29;32;48;2;42;35;39m.[38;2;37;38;49;48;2;40;34;39m`[38;2;70;48;47m^[38;2;39;38;43;48;2;34;32;39m.[38;2;28;28;34;48;2;31;30;37m_[38;2;28;28;35;48;2;30;30;37mE[38;2;39;39;49;48;2;31;31;38m`[38;2;29;34;44m`[38;2;31;35;46;48;2;29;31;38m"[38;2;36;35;41;48;2;30;31;39mt[38;2;25;28;37;48;2;28;30;37m`[38;2;31;32;42;48;2;28;30;38m~[38;2;30;31;39;48;2;32;34;42mE[38;2;24;29;36;48;2;30;32;40m_[38;2;39;36;43;48;2;31;33;42mr[38;2;43;37;41;48;2;32;32;39mr[38;2;37;40;50;48;2;34;33;40m`[38;2;27;35;46;48;2;25;29;37m`[0m
[38;2;74;58;71;48;2;55;51;64m_[38;2;48;48;58;48;2;61;53;64m~[38;2;62;50;58;48;2;48;40;44mw[38;2;47;39;43;48;2;52;45;52mj[38;2;66;54;66;48;2;56;47;56m{[38;2;62;49;57;48;2;55;46;53mw[38;2;73;54;63;48;2;56;47;56my[38;2;99;60;69;48;2;65;50;61m_[38;2;89;56;65;48;2;59;46;52m_[38;2;30;26;28;48;2;60;47;55m`[38;2;85;53;58;48;2;63;50;58m_[38;2;77;53;62;48;2;62;46;51my[38;2;86;56;61;48;2;64;49;57m,[38;2;97;60;70;48;2;68;51;61m_[38;2;95;56;67;48;2;66;50;60m_[38;2;89;55;66;48;2;64;50;60m_[38;2;92;54;59;48;2;71;49;57my[38;2;91;56;66;48;2;68;48;56m_[38;2;80;50;56;48;2;66;47;54mu[38;2;48;40;49;48;2;68;49;58m`[38;2;86;51;60;48;2;63;46;55m_[38;2;124;63;69;48;2;66;47;56m_[38;2;73;47;55;48;2;60;45;54m,[38;2;78;50;57;48;2;61;45;55m_[38;2;90;51;56;48;2;68;46;55m_[38;2;110;59;63;48;2;88;51;57m1[38;2;120;61;64;48;2;78;49;56m_[38;2;104;55;59;48;2;64;44;52m_[38;2;104;58;63;48;2;66;45;51m_[38;2;95;53;56;48;2;75;46;53m_[38;2;107;54;57;48;2;77;46;52m_[38;2;91;49;52;48;2;76;45;49mL[38;2;99;51;53;48;2;75;44;48my[38;2;114;52;51;48;2;82;46;48my[38;2;102;50;50;48;2;84;46;47mw[38;2;119;51;50;48;2;94;46;48my[38;2;202;75;62;48;2;127;53;51m_[38;2;204;68;56;48;2;115;49;48m_[38;2;164;56;49;48;2;124;50;48m_[38;2;132;53;51;48;2;195;68;55m~[38;2;114;47;46;48;2;220;83;62m`[38;2;110;47;46;48;2;171;62;53m~[38;2;190;70;59;48;2;127;53;50m_[38;2;174;67;56;48;2;111;51;49m_[38;2;163;65;58;48;2;92;45;46m_[38;2;123;53;50;48;2;86;44;46my[38;2;120;56;55;48;2;81;43;44m.[38;2;104;49;49;48;2;80;43;45my[38;2;163;65;58;48;2;96;48;49m_[38;2;137;57;53;48;2;83;45;47m_[38;2;78;45;48;48;2;67;42;46my[38;2;103;49;49;48;2;76;43;47mi[38;2;52;38;41;48;2;63;42;47m`[38;2;47;35;39;48;2;71;44;48m`[38;2;94;50;52;48;2;68;43;48m_[38;2;63;44;48;48;2;56;41;47my[38;2;87;48;50;48;2;54;40;46m_[38;2;96;55;57;48;2;53;40;46m_[38;2;103;58;58;48;2;54;40;46m_[38;2;84;52;54;48;2;53;41;47m_[38;2;37;35;41;48;2;48;40;47m~[38;2;28;27;32;48;2;49;41;48m`[38;2;75;47;53;48;2;52;41;48m_[38;2;67;48;55;48;2;51;41;48my[38;2;62;46;54;48;2;49;40;48mg[38;2;31;31;38;48;2;49;41;50m~[38;2;32;32;40;48;2;45;40;49m~[38;2;29;30;38;48;2;44;40;48m~[38;2;28;30;37;48;2;43;40;49m~[38;2;26;29;36;48;2;44;42;51m~[38;2;26;30;37;48;2;42;41;50m~[38;2;28;32;40;48;2;43;41;51m~[48;2;44;41;51m~[38;2;27;31;40;48;2;42;41;51m~[38;2;27;31;39;48;2;42;41;52m~[38;2;27;31;40;48;2;43;41;52m~[38;2;25;29;37;48;2;42;41;52m~[38;2;25;30;37;48;2;42;41;53m~[38;2;26;29;38;48;2;39;40;51m~[38;2;23;26;33;48;2;36;39;49m~[0m
[38;2;77;54;66;48;2;64;47;55md[38;2;54;40;42;48;2;72;51;58mu[38;2;46;35;36;48;2;69;48;55m_[38;2;67;48;53;48;2;48;35;37m\[38;2;67;47;50;48;2;59;41;44m1[38;2;101;61;73;48;2;68;44;48m|[38;2;67;43;42;48;2;82;51;57m([38;2;56;38;37;48;2;84;53;57mj[38;2;73;48;51;48;2;93;57;63m_[38;2;95;58;61;48;2;70;44;48m+[38;2;57;40;40;48;2;79;49;54mF[38;2;70;44;44;48;2;94;55;60mY[38;2;77;46;48;48;2;98;58;64mj[38;2;87;52;60;48;2;109;62;69m7[38;2;127;67;74;48;2;108;61;69m+[38;2;85;54;65;48;2;124;64;72m`[38;2;75;46;47;48;2;113;59;62m'[38;2;76;48;54;48;2;104;58;63mf[38;2;98;54;59;48;2;115;62;66mR[38;2;81;46;45;48;2;112;59;62mI[38;2;146;70;74;48;2;119;61;67mL[38;2;126;62;67;48;2;135;65;69mM[38;2;115;59;62;48;2;91;52;57m_[38;2;121;61;63;48;2;99;56;60m_[38;2;156;70;70;48;2;122;62;65mz[38;2;117;58;61;48;2;147;68;68m~[38;2;127;61;63;48;2;151;68;67m7[38;2;104;54;57;48;2;141;66;66m~[38;2;153;70;68;48;2;125;61;61my[38;2;117;59;59;48;2;144;65;63m~[38;2;189;77;71;48;2;149;65;62m_[38;2;167;72;66;48;2;138;62;60my[38;2;141;64;60;48;2;166;70;64m?[38;2;155;64;60;48;2;193;75;66mT[38;2;139;60;56;48;2;181;73;63mT[38;2;163;64;57;48;2;198;75;62mF[38;2;206;71;59;48;2;223;81;64m~[38;2;197;67;55;48;2;218;78;60m"[38;2;190;68;55;48;2;221;79;60m^[38;2;235;87;63;48;2;242;93;65mT[38;2;245;92;66;48;2;245;103;70m"[38;2;229;81;61;48;2;239;87;64m?[38;2;190;72;60;48;2;221;79;61m"[38;2;122;48;44;48;2;209;78;60m`[38;2;205;76;61;48;2;187;71;59mw[38;2;178;75;67;48;2;206;78;63m~[38;2;206;84;67;48;2;153;64;56m_[38;2;162;66;57;48;2;181;74;62mF[38;2;139;59;54;48;2;190;75;63m`[38;2;128;56;53;48;2;163;67;59m~[38;2;81;45;47;48;2;117;56;53m'[38;2;176;71;60;48;2;119;55;52mL[38;2;107;55;52;48;2;75;43;44mL[38;2;114;58;56;48;2;87;48;48mz[38;2;151;69;64;48;2;120;58;56m1[38;2;126;63;60;48;2;98;53;53my[38;2;126;65;62;48;2;107;57;56my[38;2;127;65;62;48;2;100;55;56m_[38;2;126;65;63;48;2;107;57;58my[38;2;113;61;61;48;2;82;48;51m_[38;2;80;52;55;48;2;59;42;46m_[38;2;90;54;58;48;2;77;48;52m`[38;2;138;72;70;48;2;92;54;57m_[38;2;83;52;57;48;2;104;59;62m*[38;2;107;61;64;48;2;91;54;58m_[38;2;116;65;68;48;2;82;52;58m_[38;2;51;41;49;48;2;66;47;55m=[38;2;54;42;50;48;2;68;48;55mP[38;2;87;57;63;48;2;57;44;53m_[38;2;63;47;56;48;2;55;44;52mF[38;2;62;48;57;48;2;52;43;52mL[38;2;87;58;67;48;2;64;48;58m_[38;2;71;50;60;48;2;63;47;56mz[38;2;67;51;63;48;2;59;46;56m+[38;2;76;54;66;48;2;63;49;60m*[38;2;57;46;58;48;2;71;52;65mT[38;2;57;42;47;48;2;63;48;55mh[38;2;49;38;44;48;2;59;46;54m.[38;2;60;50;61;48;2;46;42;53m-[38;2;36;37;46;48;2;34;36;46m\[0m
[38;2;68;50;58;48;2;31;27;28m`[38;2;66;51;59;48;2;36;30;32m"[38;2;81;55;65;48;2;35;30;31m`[38;2;43;34;31;48;2;31;28;26m~[38;2;50;39;40;48;2;37;31;31m![38;2;77;52;62;48;2;47;35;36m'[38;2;70;48;56;48;2;51;37;40m*[38;2;72;51;57;48;2;57;42;44mH[38;2;102;67;70;48;2;56;40;42m'[38;2;82;55;62;48;2;54;39;41m][38;2;125;73;89;48;2;57;41;42m`[38;2;83;52;59;48;2;63;42;45mF[38;2;103;62;68;48;2;74;48;50m?[38;2;49;35;34;48;2;92;55;59m/[38;2;127;67;75;48;2;110;63;69m'[38;2;99;59;66;48;2;117;65;72my[38;2;106;60;65;48;2;116;63;69mh[38;2;67;43;45;48;2;103;59;63mi[38;2;95;56;59;48;2;112;62;67mj[38;2;95;58;65;48;2;116;63;66m=[38;2;102;60;68;48;2;125;64;69m=[38;2;112;63;69;48;2;132;68;71mc[38;2;103;59;63;48;2;126;66;69mz[38;2;121;66;69;48;2;136;70;71mp[38;2;157;73;72;48;2;141;70;72m~[38;2;156;74;71;48;2;146;69;71m_[38;2;161;71;70;48;2;150;70;70m~[38;2;138;65;67;48;2;147;70;69m7[38;2;129;60;61;48;2;145;69;68mT[38;2;142;68;68;48;2;156;72;69mL[38;2;173;76;70;48;2;159;73;69m7[38;2;176;77;70;48;2;156;71;66mF[38;2;189;79;69;48;2;167;73;67mT[38;2;175;77;68;48;2;190;79;68mw[38;2;181;77;67;48;2;193;78;66my[38;2;188;76;64;48;2;204;81;66mL[38;2;206;83;67;48;2;222;87;68mL[38;2;216;87;66;48;2;226;88;65mL[38;2;226;87;65;48;2;233;90;65m$[38;2;228;84;63;48;2;242;99;69m_[38;2;227;92;68;48;2;245;105;71m_[38;2;218;88;67;48;2;238;96;67m_[38;2;217;90;68;48;2;228;89;66my[38;2;224;87;66;48;2;215;85;65mF[38;2;204;80;63;48;2;212;83;64m*[38;2;195;83;66;48;2;209;84;67m_[38;2;164;67;57;48;2;190;80;65m`[38;2;203;87;70;48;2;195;83;68mZ[38;2;201;87;72;48;2;191;83;71mE[38;2;172;75;65;48;2;183;79;67m=[38;2;170;76;66;48;2;160;72;63mJ[38;2;191;81;68;48;2;164;74;65m'[38;2;137;67;60;48;2;113;58;54mP[38;2;103;56;55;48;2;136;67;61mz[38;2;143;71;65;48;2;153;75;68mr[38;2;151;76;69;48;2;141;72;66m$[38;2;129;66;63;48;2;135;71;67m~[38;2;99;56;56;48;2;129;69;67m`[38;2;131;71;69;48;2;137;72;70m$[38;2;100;58;60;48;2;118;64;64m-[38;2;68;45;48;48;2;85;52;54m7[38;2;98;56;57;48;2;114;64;63m'[38;2;129;69;68;48;2;119;65;66m@[38;2;126;68;68;48;2;115;65;66mT[38;2;104;61;64;48;2;115;65;67m`[38;2;115;64;67;48;2;101;60;64mF[38;2;76;50;57;48;2;93;58;63m~[38;2;103;64;68;48;2;90;58;63md[38;2;58;42;51;48;2;89;58;65m`[38;2;70;49;51;48;2;77;52;56m}[38;2;55;39;41;48;2;68;49;57m_[38;2;81;55;64;48;2;89;59;68m~[38;2;61;46;55;48;2;76;52;60m`[38;2;57;40;42;48;2;68;49;55mv[38;2;65;48;56;48;2;79;56;66m~[38;2;56;46;56;48;2;80;56;68m`[38;2;48;36;39;48;2;67;49;57mJ[38;2;48;36;42;48;2;67;50;61mY[38;2;37;33;39;48;2;46;40;49mY[38;2;30;34;41;48;2;35;37;47mL[0m
[38;2;28;28;30;48;2;19;20;20m~[38;2;13;15;14;48;2;20;21;20m:[38;2;29;28;30;48;2;23;23;23m~[38;2;33;32;34;48;2;25;23;22m\[38;2;45;39;39m"[38;2;36;33;34;48;2;28;25;24m/[38;2;55;46;54;48;2;34;29;27m`[38;2;23;20;18;48;2;31;28;28m'[38;2;68;49;56;48;2;39;31;32m'[38;2;45;38;42;48;2;35;29;29m\[38;2;108;78;89;48;2;38;30;30m'[38;2;71;64;75;48;2;42;33;34m.[38;2;59;44;47;48;2;46;36;36mn[38;2;93;60;62;48;2;60;43;44m~[38;2;57;40;39;48;2;81;55;58m![38;2;63;42;45;48;2;79;52;57mz[38;2;69;47;49;48;2;88;56;60my[38;2;60;41;44;48;2;79;51;54mi[38;2;47;39;38;48;2;79;53;56m;[38;2;110;68;69;48;2;84;55;58m/[38;2;82;57;61;48;2;100;62;65mr[38;2;88;58;63;48;2;110;66;68m=[38;2;85;53;55;48;2;101;61;64mI[38;2;99;62;67;48;2;117;66;68m-[38;2;135;70;71;48;2;125;69;70m^[38;2;148;74;73;48;2;126;68;69m^[38;2;119;65;66;48;2;133;69;69my[38;2;152;71;69;48;2;127;67;67m`[38;2;123;67;67;48;2;135;70;68mg[38;2;122;65;64;48;2;136;69;67mg[38;2;124;67;65;48;2;144;72;69mg[38;2;133;69;67;48;2;149;73;68mg[38;2;129;70;68;48;2;154;73;68m_[38;2;170;77;69;48;2;156;74;68m4[38;2;139;67;63;48;2;170;76;66m_[38;2;145;71;66;48;2;181;78;65m_[38;2;153;71;65;48;2;192;81;66m_[38;2;212;91;72;48;2;192;80;65m-[38;2;182;81;69;48;2;205;84;66m_[38;2;238;109;73;48;2;217;91;67m`[38;2;212;90;68;48;2;231;103;71m=[38;2;224;102;76;48;2;213;91;69m_[38;2;198;86;69;48;2;207;89;69ms[38;2;176;78;66;48;2;200;87;69m=[38;2;202;87;70;48;2;189;82;68m~[38;2;176;79;66;48;2;187;82;68my[38;2;169;77;66;48;2;181;81;67mz[38;2;162;78;68;48;2;178;82;70mg[38;2;155;76;69;48;2;174;82;70mz[38;2;153;76;68;48;2;168;79;69my[38;2;178;83;71;48;2;150;75;68m`[38;2;154;77;70;48;2;141;72;66mF[38;2;115;60;56;48;2;128;68;64m~[38;2;122;66;63;48;2;134;72;67m5[38;2;131;71;67;48;2;137;72;68m_[38;2;141;74;69;48;2;130;71;68mE[38;2;130;72;69;48;2;120;68;67mE[38;2;123;69;68;48;2;112;66;66m~[38;2;112;67;67;48;2;117;69;68mg[38;2;116;69;68;48;2;106;66;66mF[38;2;97;62;62;48;2;93;59;60mW[38;2;118;69;69;48;2;106;65;67mr[38;2;121;69;69;48;2;107;65;67m~[38;2;114;67;67;48;2;100;64;68m~[38;2;105;66;69;48;2;94;62;67mT[38;2;101;65;69;48;2;91;61;67mF[38;2;66;49;58;48;2;87;60;67m-[38;2;63;48;57;48;2;82;58;65m-[38;2;71;54;63;48;2;80;57;64m9[38;2;93;63;72;48;2;76;55;64m`[38;2;36;28;26;48;2;65;48;54m`[38;2;50;42;47;48;2;66;52;62my[38;2;72;55;66;48;2;63;50;58m`[38;2;54;40;43;48;2;61;49;57m^[38;2;63;49;56;48;2;55;44;48m@[38;2;60;47;55;48;2;45;38;44mF[38;2;54;46;53;48;2;61;50;59m_[38;2;42;38;45;48;2;62;52;64mj[38;2;36;34;42;48;2;46;42;51mJ[38;2;27;29;33;48;2;36;36;43mL[0m
[38;2;21;25;26;48;2;12;15;14m`[38;2;16;19;17;48;2;14;16;15m'[38;2;20;20;19;48;2;15;17;16m)[38;2;25;25;24;48;2;20;20;19m>[38;2;20;20;18;48;2;16;17;16ms[38;2;30;27;26;48;2;20;20;19m"[38;2;25;23;21;48;2;19;18;17mK[38;2;28;25;24;48;2;22;20;18m~[38;2;18;18;16mj[38;2;29;27;24;48;2;23;21;18m/[38;2;12;12;12;48;2;22;20;18m.[38;2;34;30;26;48;2;21;19;17mr[38;2;38;30;27;48;2;29;24;22m+[38;2;44;34;29;48;2;26;23;22m_[38;2;48;36;35;48;2;24;22;19m~[38;2;24;21;19;48;2;31;26;25m:[38;2;60;44;47;48;2;31;27;25m~[38;2;73;54;57;48;2;28;24;22m`[38;2;57;44;43m~[38;2;90;63;65;48;2;35;28;26m"[38;2;27;24;21;48;2;56;42;42my[38;2;80;54;56;48;2;41;32;32m~[38;2;77;53;54;48;2;30;25;25m~[38;2;87;58;62;48;2;40;30;32m~[38;2;22;16;16;48;2;84;53;54m_[38;2;57;40;32;48;2;97;61;62m_[38;2;75;52;53;48;2;102;61;62m_[38;2;51;36;38;48;2;99;60;61m_[38;2;23;22;24;48;2;89;54;55m_[38;2;48;35;34;48;2;106;61;61m_[38;2;134;73;70;48;2;112;66;65m~[38;2;107;63;63;48;2;123;68;66mg[38;2;108;64;63;48;2;130;71;67mz[38;2;116;66;64;48;2;134;70;65ms[38;2;120;64;61;48;2;137;70;64m=[38;2;114;63;57;48;2;148;73;65m_[38;2;137;69;61;48;2;153;72;63my[38;2;132;64;56;48;2;156;74;63my[38;2;136;69;62;48;2;167;76;64m_[38;2;163;75;63;48;2;188;83;66mL[38;2;172;78;64;48;2;193;87;66mq[38;2;135;67;59;48;2;181;81;65m_[38;2;159;76;66;48;2;174;80;66ma[38;2;171;83;69;48;2;155;76;67mr[38;2;165;79;67;48;2;154;76;67m^[38;2;167;80;68;48;2;146;73;66mr[38;2;153;78;68;48;2;142;73;66m_[38;2;147;76;68;48;2;141;74;67mg[38;2;166;80;68;48;2;138;74;67m`[38;2;182;88;73;48;2;128;70;65m`[38;2;100;63;63;48;2;123;69;65m=[38;2;90;59;58;48;2;114;67;65m_[38;2;119;71;68;48;2;104;64;63mb[38;2;73;52;55;48;2;114;66;64m_[38;2;93;60;60;48;2;116;67;65m_[38;2;84;58;61;48;2;110;66;65m_[38;2;68;51;56;48;2;107;65;65m_[38;2;69;55;61;48;2;100;63;65m_[38;2;76;56;62;48;2;99;64;66m_[38;2;80;58;61;48;2;98;63;64m_[38;2;79;53;57;48;2;84;59;62m"[38;2;72;60;67;48;2;90;62;66m_[38;2;79;60;64;48;2;89;61;65m_[38;2;74;57;63;48;2;83;59;64my[38;2;84;61;66;48;2;73;57;64mT[38;2;79;59;66;48;2;68;55;63mF[38;2;55;45;52;48;2;63;52;60m-[38;2;50;45;52;48;2;57;50;59m-[38;2;48;44;50;48;2;57;50;58m-[38;2;48;45;53;48;2;58;51;60m`[38;2;46;41;44;48;2;55;49;57m*[38;2;23;21;18;48;2;47;42;48m`[38;2;26;26;30;48;2;44;40;43m_[38;2;35;33;35;48;2;46;43;49mj[38;2;58;54;67;48;2;33;32;37m`[38;2;44;42;50;48;2;35;33;38mO[38;2;37;35;43;48;2;46;43;51mJ[38;2;31;32;38;48;2;44;45;56mj[38;2;44;46;59;48;2;30;32;39m\[38;2;20;23;25;48;2;32;36;44mj[0m
[38;2;8;12;13;48;2;11;15;15m=[38;2;15;17;17;48;2;12;15;14mK[38;2;8;11;12;48;2;15;16;15m_[38;2;17;18;16;48;2;12;15;14m_[38;2;19;20;18;48;2;13;15;14m\[38;2;20;21;18;48;2;13;14;13m![38;2;15;16;14;48;2;18;19;17m1[38;2;12;14;13;48;2;18;18;16m\[38;2;15;15;14;48;2;19;19;17mg[38;2;14;14;14;48;2;18;18;16m'[38;2;33;28;24;48;2;24;20;17ma[38;2;28;25;21;48;2;17;16;14mw[38;2;20;20;17;48;2;15;16;14m^[38;2;66;46;40;48;2;23;21;18m`[38;2;33;27;23;48;2;22;21;17mv[38;2;28;26;23;48;2;19;19;16m`[38;2;23;23;19;48;2;17;17;15m~[38;2;27;25;21;48;2;20;20;17m'[38;2;17;18;16;48;2;23;22;19my[38;2;20;18;13;48;2;23;22;18m.[38;2;33;32;25;48;2;22;22;18mr[38;2;31;31;23;48;2;22;22;17m<[38;2;31;30;23;48;2;23;22;17mm[38;2;18;16;13;48;2;28;26;19m~[38;2;25;22;17;48;2;28;25;18mF[38;2;33;30;23;48;2;28;23;19mu[38;2;32;26;23;48;2;27;22;19mJ[38;2;9;9;9;48;2;27;23;20m`[38;2;19;16;14;48;2;26;22;20m5[38;2;45;34;29;48;2;25;19;17m_[38;2;102;62;62;48;2;45;32;28m"[38;2;95;55;54;48;2;48;32;28m~[38;2;106;63;61;48;2;51;35;30m~[38;2;108;65;62;48;2;57;36;31m~[38;2;43;29;22;48;2;83;49;44ma[38;2;124;68;63;48;2;66;39;34m~[38;2;113;60;53;48;2;54;32;27m~[38;2;107;53;46;48;2;44;27;21m"[38;2;107;57;51;48;2;54;31;26m~[38;2;42;25;19;48;2;101;51;43my[38;2;62;33;26;48;2;124;60;48my[38;2;56;31;25;48;2;103;52;44my[38;2;135;68;61;48;2;63;34;30m~[38;2;60;34;29;48;2;95;52;47my[38;2;53;33;28;48;2;92;51;47my[38;2;23;16;12;48;2;86;50;46m_[38;2;48;31;25;48;2;88;51;47my[38;2;51;34;26;48;2;85;51;45my[38;2;44;30;24;48;2;87;53;47my[38;2;19;16;12;48;2;82;51;46m_[38;2;38;25;22;48;2;88;56;53m_[38;2;69;47;47;48;2;97;61;58mg[38;2;20;16;15;48;2;88;55;52m_[38;2;36;29;29;48;2;72;48;47my[38;2;22;20;22;48;2;61;44;46my[38;2;33;26;26;48;2;77;55;57m_[38;2;62;51;54;48;2;83;59;60m,[38;2;86;60;62;48;2;72;55;59mE[38;2;52;42;38;48;2;73;55;57m_[38;2;27;23;19;48;2;64;49;49m_[38;2;18;16;14;48;2;60;49;51m_[38;2;26;25;24;48;2;59;48;50m_[38;2;22;21;20;48;2;53;45;47m_[38;2;24;23;20;48;2;49;43;46m_[38;2;22;22;22;48;2;53;48;54m_[38;2;41;41;46;48;2;52;50;57mL[38;2;34;34;38;48;2;49;49;57m_[38;2;31;31;33;48;2;46;44;52m_[38;2;37;37;43;48;2;46;46;54m4[38;2;17;19;21;48;2;42;42;49m_[38;2;28;30;33;48;2;40;40;46mg[38;2;38;39;47;48;2;30;30;35mT[38;2;43;46;55;48;2;24;26;29m'[38;2;37;38;45;48;2;23;25;28m/[38;2;35;34;36;48;2;25;26;28m~[38;2;42;46;59;48;2;24;26;28m'[38;2;41;43;54;48;2;27;29;34mT[38;2;37;40;49;48;2;23;26;29m`[38;2;48;51;66;48;2;19;22;24m`[38;2;25;30;34;48;2;18;22;25m~[0m
[38;2;10;13;14;48;2;8;12;13mU[38;2;8;12;13;48;2;11;14;13mJ[38;2;15;17;15;48;2;10;12;12mT[38;2;16;18;16;48;2;11;14;13m~[38;2;14;16;14;48;2;9;12;12mv[38;2;17;18;16;48;2;10;12;12m`[38;2;21;22;21;48;2;11;13;13m`[38;2;18;18;15;48;2;10;12;12m`[38;2;9;11;11;48;2;13;14;13mn[38;2;19;19;17;48;2;12;13;13m"[38;2;33;29;26;48;2;20;19;17m"[38;2;29;24;21mL[38;2;27;25;22;48;2;18;18;16m}[38;2;21;22;22;48;2;15;17;16mv[38;2;9;11;11;48;2;18;19;19m`[38;2;26;27;30;48;2;17;18;19mn[38;2;30;30;35;48;2;17;18;21m-[38;2;34;30;32;48;2;20;19;20my[38;2;46;35;35;48;2;19;19;18m_[38;2;11;12;10m`[38;2;24;23;24;48;2;16;17;16my[38;2;23;22;20;48;2;15;15;14my[38;2;31;26;24;48;2;19;18;15m_[38;2;28;25;22;48;2;22;20;18mz[38;2;37;29;25;48;2;25;23;20m_[38;2;35;30;28;48;2;30;25;23mC[38;2;42;36;31;48;2;31;26;23m`[38;2;23;19;17;48;2;36;30;27mL[38;2;41;32;30;48;2;35;28;26mS[38;2;18;17;15;48;2;39;31;27m_[38;2;11;10;9;48;2;45;33;29m_[38;2;59;39;34;48;2;45;31;27mW[38;2;50;36;31;48;2;45;32;26m=[38;2;60;42;33;48;2;49;34;28m_[38;2;60;41;35;48;2;46;32;27m][38;2;56;39;34;48;2;47;32;27m_[38;2;63;40;33;48;2;48;32;26mg[38;2;87;55;45;48;2;59;38;31m,[38;2;72;46;38;48;2;60;38;31m*[38;2;94;54;43;48;2;75;45;36ma[38;2;65;37;30;48;2;90;52;41m~[38;2;58;34;29;48;2;91;53;42m~[38;2;105;62;49;48;2;80;49;39mg[38;2;48;32;26;48;2;83;51;41m~[38;2;80;51;41;48;2;64;41;33mw[38;2;81;53;44;48;2;60;40;33m_[38;2;67;46;39;48;2;49;34;28mg[38;2;60;41;35;48;2;46;32;27my[38;2;58;42;34;48;2;39;30;24m_[38;2;46;34;28;48;2;36;27;22m2[38;2;45;36;30;48;2;34;26;21mr[38;2;55;40;28;48;2;37;28;23m^[38;2;36;31;25;48;2;28;23;18m>[38;2;32;26;21;48;2;23;20;17m>[38;2;32;28;22;48;2;19;18;16m=[38;2;16;12;11;48;2;24;22;18m`[38;2;28;27;26;48;2;21;18;16m=[38;2;45;35;32;48;2;24;22;18m~[38;2;30;30;23;48;2;20;19;15m_[38;2;25;25;20;48;2;19;19;15my[38;2;25;26;21;48;2;17;18;15m_[38;2;11;12;10;48;2;18;19;16m?[38;2;21;22;20;48;2;16;17;14m-[38;2;21;23;20;48;2;14;16;14mw[38;2;26;26;23;48;2;16;17;15m_[38;2;8;11;10;48;2;17;19;18m'[38;2;24;25;21;48;2;18;18;17m_[38;2;21;23;24;48;2;18;19;18m~[38;2;37;39;36;48;2;20;21;20m`[38;2;19;23;30;48;2;18;19;18m`[38;2;13;15;13;48;2;18;20;19m'[38;2;29;26;23;48;2;20;20;18mi[38;2;17;17;15;48;2;16;17;15m`[38;2;22;22;20;48;2;14;17;16m![38;2;13;14;14;48;2;15;17;16m'[38;2;20;22;23;48;2;15;18;17m`[38;2;27;28;29;48;2;13;16;16m`[38;2;12;15;14;48;2;13;15;14m\[38;2;9;13;12;48;2;13;16;16m:[38;2;15;18;18;48;2;13;15;15m'[0m
[38;2;6;11;11;48;2;5;9;10m?[38;2;8;12;13m[[38;2;13;16;15;48;2;7;11;11m\[38;2;2;5;7;48;2;6;10;11m'[38;2;12;14;13;48;2;7;9;10m=[38;2;15;17;16;48;2;7;10;10m'[38;2;10;12;12;48;2;7;9;10mJ[38;2;11;13;13;48;2;8;10;11my[38;2;13;14;13m"[38;2;13;14;14;48;2;8;11;11mJ[38;2;21;20;18;48;2;10;11;11m'[38;2;25;24;20;48;2;15;15;14mv[38;2;21;21;19;48;2;11;12;12m^[38;2;19;20;18;48;2;9;10;11m=[38;2;15;15;16m-[38;2;16;21;30;48;2;7;10;13m`[38;2;36;37;42;48;2;8;10;13m`[38;2;28;26;31;48;2;11;12;15m~[38;2;37;29;30;48;2;15;15;17m~[38;2;35;28;30;48;2;16;15;17m~[38;2;25;21;24;48;2;18;16;17m![38;2;44;35;34;48;2;23;20;19m`[38;2;37;31;29;48;2;25;21;19m`[38;2;25;23;23;48;2;20;18;17mT[38;2;49;42;37;48;2;29;24;22m.[38;2;35;28;24;48;2;28;23;20m8[38;2;24;21;18;48;2;33;26;23mF[38;2;46;35;32;48;2;35;28;24m`[38;2;40;32;28;48;2;31;25;22my[38;2;42;34;30;48;2;32;26;22mg[38;2;45;35;30;48;2;34;27;23mg[38;2;18;13;12;48;2;40;31;27m~[38;2;24;18;15;48;2;46;34;29m~[38;2;29;22;17;48;2;52;37;31m~[38;2;65;47;38;48;2;57;40;33m=[38;2;73;48;40;48;2;59;42;34m~[38;2;83;55;45;48;2;63;43;35m`[38;2;90;56;45;48;2;68;45;37m"[38;2;89;57;46;48;2;68;46;37m~[38;2;67;45;36;48;2;74;49;39ma[38;2;88;56;45;48;2;76;50;40m~[38;2;87;55;44;48;2;75;49;39m~[38;2;88;58;46;48;2;74;49;40m-[38;2;91;59;47;48;2;71;48;39m~[38;2;51;37;30;48;2;72;48;39m_[38;2;46;33;27;48;2;73;50;40m_[38;2;55;39;32;48;2;72;48;39m_[38;2;50;37;30;48;2;68;47;38m_[38;2;43;33;27;48;2;63;45;37m_[38;2;42;31;25;48;2;59;43;36m_[38;2;43;34;29;48;2;56;41;35m_[38;2;26;23;20;48;2;52;40;35m_[38;2;57;44;40;48;2;44;35;31m=[38;2;54;43;39;48;2;37;32;28m=[38;2;50;41;38;48;2;34;29;25m=[38;2;42;36;31;48;2;33;29;24m+[38;2;26;23;19;48;2;32;29;24mE[38;2;34;31;25;48;2;26;25;19mr[38;2;29;28;23;48;2;25;24;20m}[38;2;29;26;22;48;2;22;21;18mz[38;2;24;23;19;48;2;28;27;23mr[38;2;19;19;16;48;2;25;25;21m_[38;2;18;19;16;48;2;26;26;22m.[38;2;29;30;25;48;2;25;25;21mn[38;2;20;21;18my[38;2;27;27;25;48;2;22;22;20m4[38;2;28;27;23;48;2;21;21;19m~[38;2;15;18;16;48;2;20;22;20mJ[38;2;11;15;14;48;2;20;21;19m.[38;2;22;23;22;48;2;19;21;19mY[38;2;23;24;21;48;2;16;18;17mu[38;2;20;21;19m?[38;2;33;28;24;48;2;22;21;18m~[38;2;30;27;23;48;2;21;21;18mk[38;2;23;23;20;48;2;15;17;16m,[38;2;18;21;20;48;2;11;15;14m`[38;2;12;15;15;48;2;11;14;14mW[38;2;7;11;11;48;2;13;16;15m'[38;2;12;17;16;48;2;10;14;14m:[38;2;11;15;14;48;2;9;13;12m$[0m
[38;2;5;9;10;48;2;3;7;9m=[48;2;7;11;12mw[38;2;7;12;15;48;2;6;10;12m1[38;2;10;14;19;48;2;6;10;13m*[38;2;7;10;11;48;2;9;12;16m`[38;2;13;18;24;48;2;12;16;20m=[38;2;21;27;35;48;2;14;18;23m`[38;2;22;26;33;48;2;16;20;26m"[38;2;21;25;32;48;2;15;18;23m4[38;2;26;26;30;48;2;15;16;19mb[38;2;18;15;16;48;2;9;11;11m.[38;2;18;18;16;48;2;13;14;13mT[38;2;20;19;19;48;2;14;14;14m4[38;2;9;9;9;48;2;16;17;17m.[38;2;19;21;23;48;2;14;15;16m^[38;2;17;18;21;48;2;15;16;17m![38;2;28;24;23;48;2;15;15;17m-[38;2;25;26;32;48;2;16;16;18m.[38;2;26;24;22;48;2;14;13;13me[38;2;24;22;22;48;2;17;15;14mo[38;2;29;24;23;48;2;19;16;14mr[38;2;31;26;23;48;2;22;19;17mv[38;2;7;7;6;48;2;27;22;19m`[38;2;34;27;23;48;2;26;21;18mm[38;2;37;33;31;48;2;28;23;20m:[38;2;40;31;27;48;2;31;25;21m=[38;2;36;29;25;48;2;32;25;21md[38;2;39;32;27;48;2;32;26;22mr[38;2;31;24;20;48;2;37;29;25ma[38;2;31;24;21;48;2;42;32;28my[38;2;25;20;17;48;2;41;31;27m_[38;2;21;17;14;48;2;43;33;27m_[38;2;32;23;20;48;2;45;34;28m:[38;2;20;16;14;48;2;46;34;29m_[38;2;33;24;19;48;2;46;34;28mw[38;2;33;25;20;48;2;46;33;27mg[38;2;34;26;21;48;2;48;35;29my[38;2;32;24;19;48;2;47;34;27m_[38;2;60;43;34;48;2;49;36;29m~[38;2;45;33;26;48;2;53;38;31m:[38;2;62;44;36;48;2;56;40;32m~[38;2;54;38;31;48;2;61;42;34m=[38;2;62;44;36;48;2;58;41;33m}[38;2;55;39;32;48;2;59;42;35mP[38;2;59;43;35;48;2;54;39;32m7[38;2;57;42;35;48;2;52;38;32mC[38;2;58;43;37;48;2;51;37;31m_[38;2;56;40;34;48;2;47;36;30mL[38;2;44;33;28;48;2;49;37;32mT[38;2;38;30;26;48;2;47;37;32m`[38;2;29;25;22;48;2;47;37;33m~[38;2;30;25;21;48;2;44;36;33m~[38;2;28;25;23;48;2;40;35;32m~[38;2;25;21;18;48;2;39;34;32m_[38;2;39;35;33;48;2;31;28;26m$[38;2;36;32;29;48;2;30;27;24mR[38;2;40;36;31;48;2;29;26;24m*[38;2;21;18;15;48;2;32;28;25m_[38;2;34;30;25;48;2;24;23;19m~[38;2;27;25;21;48;2;24;22;18m<[38;2;29;26;22;48;2;22;22;19m`[38;2;26;25;21;48;2;21;20;17mX[38;2;26;25;20;48;2;20;20;16m7[38;2;26;25;21;48;2;17;17;15m`[38;2;24;22;18;48;2;18;19;16m:[38;2;25;25;20;48;2;15;16;14m`[38;2;20;21;19;48;2;14;16;14mj[38;2;22;22;20;48;2;15;17;15mY[38;2;20;20;18;48;2;15;16;15m>[38;2;18;19;18;48;2;14;16;14m~[38;2;21;21;19;48;2;15;17;15m'[38;2;19;20;17;48;2;14;16;15mm[38;2;17;19;16;48;2;14;15;14m+[38;2;17;18;16;48;2;13;15;14my[38;2;16;16;14;48;2;25;23;21my[38;2;28;26;23;48;2;19;20;18mK[38;2;14;16;14;48;2;10;13;12m}[38;2;14;17;15;48;2;8;12;11mr[38;2;13;16;15;48;2;9;13;12m:[38;2;15;19;16;48;2;9;13;13m'[0m
[38;2;5;9;13;48;2;3;7;9mH[38;2;7;11;15;48;2;4;7;10m^[38;2;4;8;12;48;2;3;6;9m([38;2;8;12;17;48;2;4;8;11m=[38;2;10;14;20;48;2;4;7;10m=[38;2;9;13;18;48;2;4;7;11mf[38;2;13;19;26;48;2;6;9;13m"[38;2;15;19;23;48;2;6;9;12m`[38;2;14;17;22;48;2;7;9;12m`[38;2;7;8;10;48;2;8;10;12m~[38;2;15;16;18;48;2;5;6;8m`[38;2;14;15;12;48;2;10;10;9m=[38;2;28;23;20;48;2;13;12;11m`[38;2;15;15;13m*[38;2;19;18;14;48;2;14;14;12m%[38;2;21;20;17;48;2;16;15;13mz[38;2;19;18;16;48;2;17;15;13m([38;2;15;14;12;48;2;19;17;14mT[38;2;15;13;12;48;2;23;20;17m~[38;2;22;19;17;48;2;18;17;14mh[38;2;27;23;20;48;2;21;18;15mg[38;2;35;31;28;48;2;24;20;17m_[38;2;32;27;23;48;2;22;19;16m+[38;2;25;21;17;48;2;32;26;22mM[38;2;33;29;24;48;2;26;22;19m~[38;2;23;19;16;48;2;31;25;21mI[38;2;23;18;15;48;2;35;27;24m_[38;2;27;22;19;48;2;36;28;24m_[38;2;30;23;19;48;2;37;28;25mT[38;2;40;31;28;48;2;34;27;23m=[38;2;42;33;29;48;2;33;26;23m=[38;2;43;34;30;48;2;32;25;22mm[38;2;29;24;21;48;2;38;30;26m_[38;2;27;22;19;48;2;40;32;27m_[38;2;46;36;30;48;2;41;32;27mb[38;2;34;26;23;48;2;43;33;28mz[38;2;57;40;34;48;2;42;32;27m^[38;2;38;28;24;48;2;49;36;30mw[38;2;54;41;36;48;2;47;34;28m_[38;2;63;45;38;48;2;53;38;32m][38;2;59;41;34;48;2;50;37;30m"[38;2;61;42;33;48;2;49;36;30m/[38;2;49;37;31;48;2;56;40;32mq[38;2;32;24;19;48;2;52;38;32m_[38;2;24;20;16;48;2;46;35;29m_[38;2;37;27;22;48;2;45;34;29mg[38;2;54;40;34;48;2;39;30;25m~[38;2;31;25;22;48;2;41;32;27m$[38;2;33;26;22;48;2;39;31;26m$[38;2;24;19;16;48;2;37;30;25m_[38;2;38;32;28;48;2;33;28;24mZ[38;2;36;32;28m/[38;2;38;32;28;48;2;31;26;23mP[38;2;39;34;30;48;2;34;29;26m{[38;2;38;32;28;48;2;32;27;24mF[38;2;26;22;18;48;2;29;26;23m`[38;2;25;21;17;48;2;34;30;26m_[38;2;40;33;33;48;2;31;27;24m_[38;2;59;44;42;48;2;33;28;27m_[38;2;33;30;31;48;2;28;25;25m/[38;2;37;35;41;48;2;22;21;22m=[38;2;19;20;20;48;2;13;14;14mn[38;2;29;32;37;48;2;21;22;22mw[38;2;35;34;38;48;2;23;22;23m-[38;2;29;31;36;48;2;20;21;22mz[38;2;32;32;35;48;2;19;21;22m-[38;2;21;22;23;48;2;16;17;18mw[38;2;22;25;36;48;2;15;16;15m.[38;2;9;11;11m:[38;2;12;13;12;48;2;16;16;14m:[38;2;6;8;7;48;2;16;17;15m|[38;2;19;21;20m/[38;2;14;14;13;48;2;18;19;17m[[38;2;24;23;21;48;2;14;15;14m![38;2;7;10;10;48;2;12;14;13mF[38;2;11;13;12;48;2;19;19;17ms[38;2;12;14;11;48;2;22;21;18m`[38;2;17;18;17;48;2;11;13;12m'[38;2;13;15;14;48;2;9;12;11mF[38;2;7;11;10;48;2;11;13;12m.[0m
[38;2;2;4;7;48;2;2;4;5m`[38;2;6;9;10;48;2;3;4;6m.[38;2;5;6;7;48;2;3;5;6m,[38;2;9;10;11;48;2;5;6;7m\[38;2;4;6;7;48;2;3;5;6mC[38;2;1;3;5;48;2;5;6;7m`[38;2;1;3;6;48;2;4;6;7m'[38;2;1;3;5;48;2;5;7;8m'[38;2;16;16;14;48;2;8;8;9m_[38;2;12;13;11;48;2;8;9;9m_[38;2;17;15;12;48;2;9;9;9m-[38;2;13;13;12;48;2;11;11;10mf[38;2;14;14;12;48;2;10;11;10mc[38;2;28;26;21;48;2;14;13;12m'[38;2;30;22;18;48;2;14;13;11m'[38;2;28;21;17;48;2;16;15;12m`[38;2;18;17;14;48;2;15;14;12mt[38;2;33;23;17;48;2;17;16;13m.[38;2;10;10;9;48;2;18;17;15m_[38;2;23;22;19;48;2;19;17;15m^[38;2;30;26;24;48;2;23;20;17m~[38;2;19;17;15;48;2;25;22;19mg[38;2;34;30;27;48;2;27;23;20m"[38;2;29;24;21;48;2;26;22;19m~[38;2;29;25;21mz[38;2;23;19;16;48;2;29;24;21m_[38;2;30;25;21;48;2;28;22;19m%[38;2;33;26;22;48;2;26;22;18mP[38;2;30;25;21;48;2;24;20;17mr[38;2;16;14;12;48;2;26;22;19m`[38;2;34;26;22;48;2;25;21;18m_[38;2;29;25;22m_[38;2;32;26;23;48;2;28;23;20m,[38;2;23;18;15;48;2;29;24;21m~[38;2;37;31;27;48;2;30;24;21m_[38;2;39;31;28;48;2;33;26;23m=[38;2;23;19;16;48;2;37;29;25m~[38;2;27;21;18;48;2;39;30;26mT[38;2;52;39;34;48;2;39;31;26m-[38;2;34;27;23;48;2;40;31;27mP[38;2;37;30;26;48;2;34;27;23m*[38;2;43;34;29;48;2;33;26;22m~[38;2;54;38;30;48;2;34;27;24m`[38;2;30;25;21;48;2;36;28;24mg[38;2;37;30;26;48;2;28;23;20mF[38;2;36;30;26;48;2;31;25;22mV[38;2;39;36;34;48;2;31;26;23m`[38;2;19;16;14;48;2;33;29;26m-[38;2;40;32;28;48;2;30;25;24mE[38;2;24;21;18;48;2;33;29;27m-[38;2;19;17;16;48;2;30;26;24m-[38;2;36;30;27;48;2;28;25;22mI[38;2;42;32;28;48;2;30;25;22m:[38;2;28;23;19;48;2;23;20;16mM[38;2;35;30;26;48;2;21;19;15m"[38;2;44;41;37;48;2;17;16;14m`[38;2;71;46;36;48;2;13;12;13m`[38;2;47;35;29;48;2;11;12;14m`[38;2;45;34;32;48;2;9;10;12m`[38;2;35;36;37;48;2;6;8;11m`[38;2;8;11;14;48;2;4;6;7m~[38;2;12;14;18;48;2;7;9;12m>[38;2;18;21;26;48;2;9;11;14m=[38;2;19;23;29;48;2;13;15;20m^[38;2;21;25;32;48;2;14;17;21m1[38;2;16;19;24;48;2;11;13;16m=[38;2;10;11;12;48;2;12;15;18my[38;2;16;18;20;48;2;9;11;13m~[38;2;14;17;21;48;2;10;12;13m~[38;2;11;13;12;48;2;13;14;14m_[38;2;10;10;10m_[38;2;7;10;10;48;2;11;13;12my[38;2;17;18;15mv[38;2;14;15;13;48;2;7;9;9m/[38;2;16;17;15;48;2;9;11;11m"[38;2;10;12;11;48;2;12;13;12m>[38;2;7;9;9ms[38;2;15;16;13;48;2;14;15;13m"[38;2;11;13;12;48;2;7;10;10mF[38;2;10;12;11;48;2;6;9;9m7[0m
[38;2;6;7;8;48;2;4;6;7m"[38;2;8;9;9;48;2;6;7;8mH[38;2;5;6;8;48;2;9;9;10mz[38;2;8;10;9;48;2;7;8;8m[[38;2;9;11;11;48;2;6;8;8mW[38;2;5;7;7;48;2;9;11;10mb[38;2;4;6;7;48;2;10;11;10m`[38;2;12;13;12;48;2;8;9;9m=[38;2;4;6;6;48;2;11;11;10m`[38;2;10;10;9;48;2;12;12;11mw[38;2;14;14;13;48;2;11;11;10m}[38;2;11;11;10;48;2;14;14;12m`[38;2;18;17;15;48;2;14;13;12m([38;2;16;16;13;48;2;14;14;12mz[38;2;12;13;10;48;2;15;14;12m`[38;2;13;13;11;48;2;16;15;13m`[38;2;20;18;15;48;2;15;14;12m*[38;2;22;19;17;48;2;18;16;13mz[38;2;21;19;17;48;2;17;16;14m&[38;2;22;19;17;48;2;19;17;14mK[38;2;23;20;18;48;2;20;17;15m3[38;2;25;21;19;48;2;21;19;17m^[38;2;22;19;17;48;2;20;18;15mW[38;2;19;17;15;48;2;22;19;16mm[38;2;21;18;15;48;2;19;16;14mY[38;2;29;24;21;48;2;18;16;14m~[38;2;14;13;11;48;2;23;20;17mg[38;2;16;14;12;48;2;22;19;16ms[38;2;17;16;13;48;2;24;21;19ma[38;2;35;29;24;48;2;21;18;16m"[38;2;18;16;14;48;2;23;19;17m:[38;2;14;13;10;48;2;25;21;18m.[38;2;28;24;21;48;2;24;20;18mV[38;2;29;25;22;48;2;24;21;18mn[38;2;16;15;12m_[38;2;36;29;26;48;2;23;20;17m`[38;2;31;26;23m~[38;2;32;26;23;48;2;21;19;16m`[38;2;30;24;21;48;2;21;18;15m~[38;2;28;22;18;48;2;23;20;17m_[38;2;37;32;28;48;2;21;18;15m`[38;2;38;32;28;48;2;20;18;16m`[38;2;26;22;19;48;2;20;17;15mW[38;2;14;13;11;48;2;23;20;17mr[38;2;27;25;24;48;2;20;17;15mT[38;2;27;22;18;48;2;18;16;13mr[38;2;28;22;18;48;2;19;16;14m,[38;2;35;33;35;48;2;17;15;15m~[38;2;23;24;29;48;2;14;14;15m`[38;2;22;19;16;48;2;11;11;11m,[38;2;25;26;26;48;2;16;15;15m_[38;2;28;25;24;48;2;19;17;15mJ[38;2;34;28;24;48;2;21;18;16m`[38;2;24;21;18;48;2;17;15;13m"[38;2;10;10;9;48;2;16;15;13m.[38;2;4;4;5;48;2;15;14;13m'[38;2;18;19;22;48;2;11;11;10m_[38;2;4;4;6;48;2;14;14;13m~[38;2;18;17;18;48;2;10;10;10m-[38;2;2;3;4;48;2;12;12;12m'[38;2;17;17;16;48;2;13;13;13m^[38;2;8;10;12;48;2;12;13;14mH[38;2;12;14;16;48;2;7;8;9m~[38;2;9;10;10;48;2;7;8;8mX[38;2;11;12;12;48;2;8;9;10m>[38;2;13;13;12;48;2;7;8;9mk[38;2;9;10;10mN[38;2;13;13;12;48;2;9;10;10mb[38;2;10;11;10;48;2;7;8;8m_[38;2;21;22;19;48;2;10;11;10m`[38;2;6;8;8mV[38;2;15;15;13;48;2;7;9;9m\[38;2;18;17;14;48;2;10;11;10m`[38;2;6;7;8;48;2;9;11;10m7[38;2;6;8;8;48;2;10;11;10m+[38;2;12;13;12;48;2;8;10;9mg[38;2;11;13;12;48;2;6;8;8m^[38;2;6;8;8;48;2;10;11;10m\[38;2;7;9;8;48;2;10;12;10m_[38;2;9;12;10;48;2;6;8;8mr[0m
[?25h