[?25l[0m[38;2;35;31;20;48;2;17;15;10m▔[38;2;23;21;15;48;2;39;34;26m▄[38;2;34;29;19;48;2;31;27;17m▘[38;2;32;29;26;48;2;21;19;15m▌[38;2;24;20;17;48;2;19;16;12m▕[38;2;32;28;23;48;2;25;21;17m▖[38;2;51;43;36;48;2;71;63;57m▊[38;2;98;81;66;48;2;46;39;30m▘[38;2;53;46;21;48;2;34;30;18m▝[38;2;31;27;20;48;2;52;46;23m▃[38;2;34;30;19;48;2;46;41;20m▞[38;2;51;45;26;48;2;38;33;21m▅[38;2;28;25;21;48;2;49;44;27m▃[38;2;43;38;20;48;2;35;31;19m▗[38;2;46;40;23;48;2;35;30;19m▃[38;2;37;30;18;48;2;43;36;23m▔[38;2;38;29;25;48;2;40;32;24m▆[38;2;53;41;26;48;2;45;35;30m▕[38;2;56;45;32;48;2;80;66;36m▃[38;2;38;34;25;48;2;61;52;29m▄[38;2;73;66;39;48;2;59;52;31m▁[38;2;52;45;26;48;2;63;56;36m▘[38;2;69;62;47;48;2;57;49;34m▏[38;2;70;59;35;48;2;46;39;29m▆[38;2;76;64;37;48;2;48;41;29m▖[38;2;53;44;30;48;2;51;43;29m▏[38;2;46;37;26;48;2;54;45;30m▂[38;2;54;45;28;48;2;45;37;25m▍[38;2;70;56;44;48;2;55;44;33m▕[38;2;74;58;43;48;2;59;45;29m▎[38;2;67;47;31;48;2;59;45;30m▁[38;2;64;52;36;48;2;66;50;31m▔[38;2;66;49;25;48;2;62;48;30m▝[38;2;83;55;25;48;2;64;49;26m▔[38;2;84;58;24;48;2;69;50;25m▔[38;2;65;49;25;48;2;81;56;25m▆[38;2;79;66;51;48;2;70;56;40m▗[38;2;86;67;48;48;2;101;73;44m▃[38;2;93;68;40;48;2;112;82;47m▏[38;2;111;82;47;48;2;120;84;47m▖[38;2;125;93;62;48;2;105;78;55m▔[38;2;119;92;72;48;2;107;82;57m▁[38;2;112;102;88;48;2;94;81;64m▔[38;2;116;107;94;48;2;95;82;66m▝[38;2;106;98;87;48;2;125;119;110m▊[38;2;156;151;146;48;2;113;105;95m▝[38;2;116;103;85;48;2;173;173;174m▅[38;2;118;105;89;48;2;172;171;171m▃[38;2;133;121;109;48;2;159;155;151m▞[38;2;189;190;197;48;2;131;117;96m▂[38;2;129;110;82;48;2;177;172;169m▎[38;2;209;213;223;48;2;164;156;150m▅[38;2;199;197;200;48;2;161;147;133m▂[38;2;169;154;142;48;2;192;187;187m▍[38;2;204;204;209;48;2;176;164;150m▆[38;2;211;213;220;48;2;180;164;147m▄[38;2;212;214;220;48;2;217;220;228m▏[38;2;200;200;206;48;2;216;219;227m▔[38;2;199;199;202;48;2;152;137;122m▆[38;2;144;125;108;48;2;193;192;198m▅[38;2;196;192;193;48;2;146;126;108m▆[38;2;171;158;152;48;2;207;205;208m▘[38;2;223;223;228;48;2;219;220;228m▃[38;2;223;223;227;48;2;219;221;227m▃[38;2;225;224;228;48;2;222;222;227m▃[38;2;226;225;227;48;2;220;221;227m▄[38;2;227;226;227;48;2;222;223;228m▄[38;2;227;225;227;48;2;222;223;227m▅[38;2;231;227;224;48;2;227;225;226m▂[38;2;233;228;223;48;2;227;225;227m▃[38;2;231;227;224;48;2;225;224;226m▅[38;2;232;227;224;48;2;227;225;224m▆[38;2;230;227;224;48;2;233;228;223m▔[38;2;235;228;222;48;2;232;227;223m▂[38;2;238;229;221m▂[38;2;240;231;221;48;2;234;228;223m▃[38;2;241;231;220;48;2;233;228;223m▄[38;2;242;232;220;48;2;233;228;222m▄[38;2;242;231;220m▆[38;2;236;229;221;48;2;242;231;219m▔[0m
[38;2;27;23;12;48;2;15;13;9m▅[38;2;20;18;10;48;2;27;23;12m▘[38;2;29;28;23;48;2;30;26;15m▕[38;2;27;26;22;48;2;20;18;14m▌[38;2;18;14;11;48;2;24;19;16m▍[38;2;30;25;22;48;2;49;44;42m▊[38;2;64;54;46;48;2;48;41;36m▝[38;2;66;56;48;48;2;41;36;32m▖[38;2;33;30;28;48;2;27;25;20m▏[38;2;28;25;22;48;2;25;23;20m▕[38;2;39;34;20;48;2;26;24;20m▔[38;2;45;41;25;48;2;26;24;22m▘[38;2;28;27;23;48;2;20;18;14m▘[38;2;35;31;21;48;2;23;20;15m▝[38;2;31;26;16;48;2;49;44;22m▅[38;2;41;35;22;48;2;34;27;20m▏[38;2;26;20;16;48;2;40;30;23m▂[38;2;42;32;22;48;2;48;37;27m▁[38;2;52;39;30;48;2;39;32;26m▎[38;2;50;45;26;48;2;42;35;23m▔[38;2;55;49;32;48;2;38;31;22m▝[38;2;77;65;38;48;2;36;30;22m▝[38;2;55;47;37;48;2;50;41;31m▔[38;2;50;43;27;48;2;42;36;29m▔[38;2;50;47;40;48;2;47;39;25m▂[38;2;46;38;27;48;2;52;43;30m▌[38;2;56;47;32;48;2;48;41;29m▞[38;2;54;44;30;48;2;48;39;27m▏[38;2;57;46;32;48;2;72;57;41m▊[38;2;76;57;38;48;2;67;52;32m▁[38;2;72;51;31;48;2;65;49;30m▔[38;2;91;64;42;48;2;72;50;28m▁[38;2;92;62;36;48;2;75;55;33m▃[38;2;75;58;39;48;2;62;53;42m▍[38;2;73;59;43;48;2;64;49;28m▖[38;2;62;49;34;48;2;58;46;27m▕[38;2;56;37;19;48;2;75;56;34m▁[38;2;92;63;35;48;2;78;61;40m▖[38;2;107;81;56;48;2;70;59;39m▔[38;2;75;65;43;48;2;94;76;50m▖[38;2;102;81;53;48;2;113;91;62m▞[38;2;91;75;50;48;2;106;87;60m▝[38;2;79;67;39;48;2;96;79;56m▄[38;2;116;106;90;48;2;81;67;39m▁[38;2;106;94;75;48;2;149;145;142m▌[38;2;153;151;148;48;2;103;94;76m▊[38;2;195;196;201;48;2;114;103;85m▁[38;2;181;181;185;48;2;124;111;96m▅[38;2;147;140;135;48;2;135;125;113m▘[38;2;146;132;118;48;2;203;205;212m▅[38;2;157;143;129;48;2;203;204;208m▂[38;2;164;145;124;48;2;215;217;224m▂[38;2;210;208;209;48;2;219;222;228m▁[38;2;209;212;218;48;2;220;222;228m▔[38;2;214;214;217;48;2;179;165;153m▆[38;2;208;206;205;48;2;219;220;225m▏[38;2;224;225;228;48;2;220;222;227m▂[38;2;225;225;227m▂[38;2;217;220;226;48;2;223;224;227m▔[38;2;201;199;201;48;2;224;224;226m▔[38;2;227;226;227;48;2;223;223;227m▅[38;2;216;214;217;48;2;227;226;227m▔[38;2;229;226;225;48;2;225;225;228m▄[38;2;230;228;226;48;2;227;226;227m▃[38;2;233;229;225;48;2;229;227;226m▂[38;2;236;230;224;48;2;229;226;225m▂[38;2;235;229;222;48;2;230;227;224m▃[38;2;237;230;223;48;2;232;227;224m▄[38;2;237;230;222;48;2;233;228;224m▄[38;2;239;231;222m▅[38;2;232;228;224;48;2;239;231;222m▔[38;2;238;230;222;48;2;240;231;220m▄[48;2;239;230;222m▕[38;2;243;233;219;48;2;238;230;221m▁[38;2;246;234;217;48;2;241;231;220m▁[38;2;245;235;218;48;2;243;232;221m▃[38;2;246;236;219;48;2;241;231;220m▃[38;2;246;237;220;48;2;240;231;220m▃[38;2;246;236;220;48;2;239;230;220m▄[38;2;246;237;221m▅[0m
[38;2;29;25;14;48;2;28;24;12m▁[38;2;28;24;14m▁[38;2;33;29;19;48;2;31;31;32m▊[38;2;28;27;25;48;2;18;15;11m▍[38;2;21;17;14;48;2;31;27;23m▊[38;2;42;36;32;48;2;33;27;25m▕[38;2;74;62;52;48;2;51;42;37m▕[38;2;69;57;46;48;2;31;29;21m▍[38;2;33;32;27;48;2;28;26;18m▕[38;2;37;35;30;48;2;30;27;23m▗[38;2;29;27;24;48;2;28;25;22m▕[38;2;32;29;23;48;2;23;21;19m▁[38;2;22;21;19;48;2;19;18;13m▍[38;2;25;23;13;48;2;21;18;13m▅[38;2;35;25;18;48;2;27;21;15m▕[38;2;41;26;16;48;2;27;20;15m▗[38;2;59;36;17;48;2;29;22;18m▄[38;2;71;52;35;48;2;51;38;27m▗[38;2;45;34;21;48;2;32;27;22m▁[38;2;35;28;20;48;2;41;34;19m▅[38;2;39;31;22;48;2;46;35;25m▊[38;2;34;30;25;48;2;46;37;23m▂[38;2;37;30;25;48;2;42;37;32m▝[38;2;78;59;29;48;2;51;43;32m▗[38;2;83;61;27;48;2;56;50;44m▅[38;2;54;46;30;48;2;49;44;34m▔[38;2;49;43;32;48;2;44;39;31m▌[38;2;46;43;43;48;2;43;37;29m▗[38;2;71;60;43;48;2;57;49;38m▝[38;2;82;66;41;48;2;69;58;42m▗[38;2;66;53;35;48;2;56;48;36m▕[38;2;79;63;39;48;2;103;72;43m▊[38;2;94;67;43;48;2;81;63;41m▘[38;2;87;72;50;48;2;78;62;42m▃[38;2;87;71;51;48;2;82;64;43m▖[38;2;95;68;48;48;2;68;54;43m▃[38;2;85;58;42;48;2;61;45;29m▃[38;2;70;52;39;48;2;106;77;50m▎[38;2;138;91;46;48;2;103;79;57m▍[38;2;101;83;60;48;2;88;77;63m▞[38;2;101;89;76;48;2;101;86;66m▁[38;2;86;71;44;48;2;99;85;66m▝[38;2;95;82;67;48;2;75;62;34m▂[38;2;103;89;67;48;2;93;79;59m▕[38;2;149;141;136;48;2;102;88;55m▄[38;2;135;130;122;48;2;177;174;173m▂[38;2;143;138;130;48;2;184;183;184m▗[38;2;132;122;108;48;2;195;195;199m▆[38;2;136;119;94;48;2;183;176;172m▝[38;2;150;142;137;48;2;199;195;196m▔[38;2;210;208;211;48;2;145;129;116m▖[38;2;158;136;115;48;2;188;179;178m▔[38;2;189;179;175;48;2;213;209;213m▁[38;2;219;215;219;48;2;223;222;225m▄[38;2;217;213;217;48;2;223;223;225m▅[38;2;214;209;216;48;2;224;223;225m▄[38;2;213;208;216;48;2;225;224;225m▅[38;2;220;213;216;48;2;227;225;225m▅[38;2;221;213;214;48;2;228;225;223m▄[38;2;221;212;212;48;2;230;224;219m▁[38;2;222;212;211;48;2;231;227;222m▁[38;2;233;220;211;48;2;233;228;222m▁[38;2;238;228;216;48;2;234;229;223m▂[38;2;238;230;220;48;2;234;230;223m▄[38;2;239;230;220;48;2;236;230;224m▅[38;2;240;231;219;48;2;237;230;222m▄[48;2;238;230;222m▅[38;2;243;233;218;48;2;239;231;221m▃[38;2;245;234;218;48;2;240;232;221m▃[38;2;246;235;218;48;2;240;231;221m▅[38;2;247;236;218;48;2;240;231;222m▆[38;2;239;231;222;48;2;247;236;218m▔[38;2;243;233;220;48;2;247;236;217m▔[38;2;247;236;217;48;2;247;237;218m▊[38;2;247;238;219;48;2;247;237;217m▆[38;2;248;241;220;48;2;246;237;218m▃[38;2;247;242;222;48;2;246;237;220m▃[38;2;247;241;223;48;2;244;235;221m▅[38;2;248;241;222;48;2;243;235;221m▆[38;2;248;242;223;48;2;245;236;221m▆[0m
[38;2;34;31;19;48;2;27;25;15m▔[38;2;35;30;26;48;2;30;27;18m▕[38;2;32;28;21;48;2;22;20;15m▘[38;2;15;14;9;48;2;20;17;10m▖[38;2;26;22;17;48;2;19;15;11m▗[38;2;48;41;38;48;2;37;32;29m▁[38;2;94;80;71;48;2;75;60;46m▝[38;2;95;80;67;48;2;35;33;21m▎[38;2;57;58;50;48;2;37;36;27m▁[38;2;40;39;30;48;2;33;31;22m▖[38;2;27;23;18;48;2;42;39;29m▆[38;2;35;31;23;48;2;28;24;19m▔[38;2;27;25;19;48;2;23;20;16m▕[38;2;41;38;26;48;2;27;22;16m▅[38;2;40;34;20;48;2;32;25;19m▖[38;2;38;28;21;48;2;34;25;20m▕[38;2;75;57;43;48;2;51;38;27m▗[38;2;75;55;39;48;2;29;26;21m▋[38;2;38;33;27;48;2;31;27;24m▖[38;2;40;34;27;48;2;34;29;26m▖[38;2;58;50;46;48;2;40;34;31m▁[38;2;52;42;34;48;2;69;48;30m▌[38;2;93;59;29;48;2;60;43;29m▖[38;2;69;45;28;48;2;51;39;29m▘[38;2;77;50;31;48;2;43;39;36m▃[38;2;51;49;46;48;2;42;40;35m▕[38;2;49;46;40;48;2;37;34;32m▘[38;2;92;79;71;48;2;57;50;48m▁[38;2;82;68;57;48;2;56;49;37m▎[38;2;92;74;45;48;2;80;66;41m▖[38;2;88;71;45;48;2;73;58;38m▄[38;2;62;53;42;48;2;77;61;38m▄[38;2;85;65;37;48;2;70;56;37m▕[38;2;59;52;42;48;2;81;64;38m▝[38;2;90;74;48;48;2;75;62;42m▔[38;2;60;53;47;48;2;81;68;48m▂[38;2;75;66;56;48;2;95;67;50m▄[38;2;93;64;47;48;2;83;71;59m▘[38;2;77;69;58;48;2;87;76;61m▆[38;2;89;79;68;48;2;80;74;66m▘[38;2;100;86;69;48;2;80;70;57m▝[38;2;72;66;55;48;2;97;86;75m▂[38;2;85;77;65;48;2;111;97;82m▃[38;2;96;80;60;48;2;105;92;77m▔[38;2;84;74;55;48;2;102;89;74m▘[38;2;119;111;103;48;2;104;92;80m▔[38;2;141;134;126;48;2;112;101;91m▔[38;2;106;95;87;48;2;167;158;153m▅[38;2;124;112;103;48;2;194;187;177m▅[38;2;136;128;127;48;2;196;188;182m▃[38;2;165;158;162;48;2;218;212;213m▃[38;2;183;167;162;48;2;212;204;204m▕[38;2;218;208;209;48;2;184;167;156m▆[38;2;214;203;201;48;2;223;214;212m▏[38;2;223;211;210;48;2;231;224;218m▅[38;2;222;210;209;48;2;231;223;215m▄[38;2;222;209;207;48;2;232;221;212m▃[38;2;228;213;206;48;2;233;223;213m▃[38;2;235;221;209;48;2;224;215;213m▆[38;2;235;222;210;48;2;218;208;209m▆[38;2;225;211;207;48;2;234;222;210m▂[38;2;224;210;208;48;2;236;223;209m▂[38;2;238;224;207;48;2;229;216;209m▆[38;2;234;214;202;48;2;243;228;207m▁[38;2;239;220;201;48;2;243;229;209m▁[38;2;246;228;204;48;2;242;229;211m▃[38;2;245;229;206;48;2;242;229;213m▆[38;2;245;229;204;48;2;245;232;213m▅[38;2;246;230;205;48;2;246;234;215m▅[38;2;247;231;206;48;2;247;234;215m▅[38;2;247;231;203;48;2;248;234;212m▂[38;2;247;232;204;48;2;248;235;213m▃[38;2;247;232;203;48;2;248;235;212m▃[38;2;248;234;206;48;2;248;237;215m▃[38;2;248;238;213;48;2;248;238;215m▏[38;2;247;243;220;48;2;248;240;217m▁[38;2;248;241;220;48;2;247;242;221m▏[38;2;248;244;222;48;2;248;243;223m▂[38;2;247;241;218;48;2;248;244;222m▁[38;2;248;243;219;48;2;248;243;222m▃[0m
[38;2;35;35;24;48;2;22;20;13m▃[38;2;40;36;27;48;2;29;27;17m▝[38;2;31;30;21;48;2;25;23;18m▘[38;2;20;16;13;48;2;24;20;16m▍[38;2;26;22;18;48;2;33;29;26m▌[38;2;46;38;33;48;2;76;60;49m▊[38;2;80;61;48;48;2;107;83;65m▍[38;2;92;75;57;48;2;31;29;22m▏[38;2;50;51;49;48;2;27;25;20m▝[38;2;32;29;22;48;2;40;39;34m▆[38;2;37;36;31;48;2;36;35;29m▎[38;2;35;36;34;48;2;20;20;16m▔[38;2;16;14;11;48;2;23;21;14m▊[38;2;25;21;14;48;2;24;21;14m▁[38;2;39;29;19;48;2;32;24;17m▁[38;2;36;27;19;48;2;40;30;20m▔[38;2;53;41;31;48;2;63;47;31m▔[38;2;64;50;32;48;2;46;39;27m▏[38;2;50;41;29;48;2;39;33;25m▖[38;2;48;42;36;48;2;37;32;25m▁[38;2;61;52;45;48;2;58;49;38m▔[38;2;59;53;44;48;2;43;36;31m▅[38;2;75;60;48;48;2;52;43;35m▏[38;2;70;56;44;48;2;45;39;32m▏[38;2;75;51;36;48;2;47;40;33m▔[38;2;58;47;36;48;2;37;33;29m▏[38;2;51;44;36;48;2;37;33;31m▕[38;2;58;50;46;48;2;78;65;54m▏[38;2;70;58;38;48;2;57;48;39m▔[38;2;61;52;39;48;2;53;46;37m▕[38;2;88;73;47;48;2;67;56;40m▝[38;2;77;63;45;48;2;62;54;43m▘[38;2;68;56;41;48;2;54;48;41m▔[38;2;53;45;37;48;2;88;66;40m▅[38;2;64;54;43;48;2;53;48;44m▔[38;2;65;59;56;48;2;57;51;48m▕[38;2;65;60;56;48;2;73;69;68m▖[38;2;62;58;56;48;2;85;82;83m▅[38;2;79;76;77;48;2;64;59;56m▘[38;2;70;65;60;48;2;65;59;51m▘[38;2;93;83;71;48;2;75;67;56m▗[38;2;93;87;82;48;2;80;72;58m▄[38;2;92;87;84;48;2;80;71;56m▄[38;2;97;91;88;48;2;82;73;57m▄[38;2;108;99;87;48;2;90;80;66m▄[38;2;111;104;101;48;2;107;95;80m▃[38;2;122;117;117;48;2;110;103;96m▅[38;2;105;98;91;48;2;117;113;113m▔[38;2;104;94;87;48;2;119;114;110m▔[38;2;116;111;108;48;2;132;126;128m▂[38;2;135;126;116;48;2;134;130;136m▖[38;2;153;146;147;48;2;127;125;135m▔[38;2;205;193;188;48;2;126;126;137m▔[38;2;221;206;200;48;2;127;128;143m▔[38;2;127;125;138;48;2;174;171;189m▅[38;2;138;133;143;48;2;161;160;182m▂[38;2;154;147;162;48;2;163;162;185m▁[38;2;207;196;198m▔[38;2;168;166;189;48;2;219;204;201m▆[38;2;175;172;192;48;2;231;211;199m▅[38;2;181;175;192;48;2;237;214;199m▄[38;2;170;169;191;48;2;235;213;199m▂[38;2;178;174;190;48;2;239;216;199m▂[38;2;183;179;196;48;2;239;216;200m▂[38;2;192;188;202;48;2;242;218;198m▃[38;2;200;192;202;48;2;243;219;197m▃[38;2;200;191;202;48;2;244;220;196m▃[38;2;201;192;202;48;2;244;220;194m▃[38;2;197;192;205;48;2;243;219;193m▃[38;2;204;195;204;48;2;247;224;195m▄[38;2;207;198;204;48;2;247;226;196m▄[38;2;210;200;204;48;2;246;225;194m▃[38;2;215;202;202;48;2;247;224;192m▂[38;2;222;205;197;48;2;248;227;194m▂[38;2;241;216;188;48;2;248;239;210m▅[38;2;199;181;172;48;2;245;230;201m▁[38;2;187;169;156;48;2;237;223;197m▁[38;2;200;178;158;48;2;228;213;189m▗[38;2;199;184;172;48;2;243;231;205m▂[38;2;211;196;186;48;2;236;222;198m▗[0m
[38;2;31;28;18;48;2;36;34;23m▂[38;2;27;24;16;48;2;34;32;20m▔[38;2;29;26;21;48;2;22;19;15m▍[38;2;25;21;16;48;2;18;15;10m▘[38;2;24;20;16;48;2;34;27;23m▍[38;2;46;40;39;48;2;67;57;55m▌[38;2;51;46;32;48;2;102;84;72m▕[38;2;43;45;34;48;2;24;21;14m▃[38;2;38;37;27;48;2;34;33;26m▏[38;2;39;39;31;48;2;35;34;26m▖[38;2;27;24;19;48;2;21;20;14m▘[38;2;22;20;12;48;2;17;15;10m▄[38;2;29;25;15;48;2;21;18;13m▗[38;2;43;32;18;48;2;28;23;15m▁[38;2;35;25;20;48;2;45;33;24m▊[38;2;55;39;25;48;2;38;27;19m▍[38;2;53;46;38;48;2;43;34;25m▁[38;2;49;44;35;48;2;44;39;31m▂[38;2;58;51;38;48;2;41;36;27m▞[38;2;38;32;28;48;2;58;50;39m▋[38;2;52;47;36;48;2;49;44;33m▕[38;2;51;48;45;48;2;53;48;39m▔[38;2;71;62;52;48;2;48;42;36m▝[38;2;63;56;45;48;2;57;50;41m▝[38;2;58;50;41;48;2;45;39;31m▖[38;2;43;38;28;48;2;32;28;24m▄[38;2;63;53;43;48;2;55;49;38m▕[38;2;62;51;41;48;2;71;59;45m▂[38;2;70;60;44;48;2;58;49;39m▅[38;2;68;60;46;48;2;54;47;38m▃[38;2;61;55;42;48;2;48;44;37m▂[38;2;59;53;43;48;2;48;44;38m▂[38;2;49;45;41;48;2;47;44;38m▖[38;2;51;47;39;48;2;47;42;35m▅[38;2;57;50;41;48;2;52;47;41m▂[38;2;70;65;64;48;2;57;51;46m▝[38;2;64;58;56;48;2;63;57;52m▔[38;2;81;75;71;48;2;64;59;52m▗[38;2;81;74;65;48;2;70;65;61m▁[38;2;88;82;77;48;2;76;70;62m▄[38;2;84;74;55;48;2;76;68;53m▕[38;2;99;89;74;48;2;84;76;63m▃[38;2;93;84;73;48;2;103;96;86m▘[38;2;99;91;80;48;2;94;84;68m▎[38;2;98;89;73;48;2;110;104;98m▆[38;2;99;87;66;48;2;114;103;88m▄[38;2;102;91;73;48;2;113;109;112m▄[38;2;100;92;82;48;2;113;111;115m▄[38;2;99;95;95;48;2;105;104;109m▖[38;2;115;111;107;48;2;107;105;105m▕[38;2;107;105;106;48;2;123;120;122m▂[38;2;119;117;122;48;2;130;128;137m▖[38;2;119;120;133;48;2;123;123;136m▕[38;2;129;129;146;48;2;117;118;135m▁[38;2;126;127;144;48;2;116;117;134m▂[38;2;144;143;159;48;2;126;124;138m▂[38;2;149;147;162;48;2;136;131;144m▁[38;2;135;130;143;48;2;154;153;175m▆[38;2;140;133;145;48;2;157;154;174m▃[38;2;153;150;166;48;2;165;163;184m▅[38;2;158;155;174;48;2;170;168;188m▅[38;2;161;158;175;48;2;170;169;190m▄[38;2;164;161;177;48;2;174;174;195m▃[38;2;183;182;198;48;2;173;173;194m▗[38;2;196;195;209;48;2;175;174;194m▃[38;2;194;193;208;48;2;173;171;192m▄[38;2;203;202;215;48;2;182;180;198m▂[38;2;208;206;215;48;2;187;183;198m▂[38;2;200;197;209;48;2;189;185;200m▃[38;2;196;190;197;48;2;196;191;204m▁[38;2;199;193;203;48;2;201;196;207m▅[38;2;194;189;200;48;2;203;196;205m▄[38;2;201;195;203;48;2;205;198;206m▖[38;2;216;207;209;48;2;203;196;204m▁[38;2;218;207;206;48;2;205;197;204m▁[38;2;225;214;210;48;2;205;197;203m▁[38;2;209;201;205;48;2;184;168;159m▆[38;2;204;195;198;48;2;184;171;165m▄[38;2;163;148;136;48;2;185;174;170m▁[38;2;151;139;128;48;2;190;179;176m▂[0m
[38;2;24;21;14;48;2;38;35;25m▄[38;2;23;21;15;48;2;36;33;26m▃[38;2;23;20;16;48;2;20;17;10m▎[38;2;24;22;11;48;2;16;13;8m▗[38;2;26;23;11;48;2;41;36;29m▌[38;2;40;33;30;48;2;71;61;58m▌[38;2;83;71;63;48;2;42;42;30m▋[38;2;53;59;55;48;2;33;35;25m▝[38;2;27;28;21;48;2;47;52;47m▆[38;2;39;42;35;48;2;32;33;24m▗[38;2;45;46;32;48;2;32;34;25m▝[38;2;40;37;28;48;2;49;49;35m▖[38;2;41;40;25;48;2;33;28;18m▘[38;2;45;41;29;48;2;38;31;18m▂[38;2;52;41;29;48;2;44;35;25m▎[38;2;63;60;51;48;2;38;31;25m▖[38;2;63;56;45;48;2;45;39;33m▃[38;2;29;25;20;48;2;46;43;36m▗[38;2;54;47;34;48;2;35;31;22m▕[38;2;46;41;36;48;2;49;45;35m▔[38;2;53;49;42;48;2;49;45;39m▕[38;2;44;42;41;48;2;58;55;48m▂[38;2;60;57;52;48;2;58;53;44m▁[38;2;55;50;40;48;2;49;44;36m▁[38;2;56;50;36;48;2;43;38;29m▄[38;2;56;53;41;48;2;51;46;35m▗[38;2;66;60;42;48;2;52;46;35m▂[38;2;64;56;40;48;2;63;55;41m▁[38;2;53;46;39;48;2;68;58;44m▁[38;2;62;57;54;48;2;72;60;44m▁[38;2;89;72;44;48;2;75;64;43m▃[38;2;83;72;54;48;2;69;60;42m▗[38;2;88;76;56;48;2;65;57;44m▁[38;2;68;60;50;48;2;52;46;38m▂[38;2;60;53;43;48;2;53;48;41m▗[38;2;65;59;48;48;2;56;49;42m▂[38;2;73;63;48;48;2;60;53;44m▕[38;2;74;65;56;48;2;69;59;48m▔[38;2;77;65;49;48;2;84;74;60m▃[38;2;78;69;56;48;2;101;88;70m▞[38;2;105;93;76;48;2;85;75;62m▗[38;2;107;94;76;48;2;97;85;66m▃[38;2;102;89;68;48;2;108;97;81m▎[38;2;117;106;81;48;2;123;115;109m▔[38;2;124;116;109;48;2;104;99;93m▆[38;2;124;119;116;48;2;104;102;102m▆[38;2;123;118;114;48;2;98;95;90m▆[38;2;105;104;109;48;2;98;95;97m▋[38;2;110;106;108;48;2;102;101;107m▏[38;2;114;111;112;48;2;107;105;108m▞[38;2;105;104;105;48;2;121;119;123m▃[38;2;107;106;109;48;2;123;122;132m▖[38;2;128;129;141;48;2;138;140;155m▍[38;2;151;152;170;48;2;136;137;153m▆[38;2;163;164;182;48;2;144;145;162m▄[38;2;159;158;174;48;2;172;171;187m▘[38;2;171;169;185;48;2;146;144;160m▄[38;2;169;168;184;48;2;132;132;148m▃[38;2;173;171;186;48;2;140;137;151m▄[38;2;190;185;194;48;2;152;146;157m▃[38;2;188;184;195;48;2;160;155;167m▂[38;2;186;180;191;48;2;169;165;180m▃[38;2;198;193;202;48;2;172;170;186m▄[38;2;203;198;205;48;2;178;175;191m▄[38;2;198;193;203;48;2;176;173;188m▄[38;2;149;148;163;48;2;187;184;198m▗[38;2;169;167;179;48;2;200;197;208m▃[38;2;145;144;158;48;2;205;202;210m▄[38;2;146;145;160;48;2;192;188;194m▆[38;2;165;159;166;48;2;146;143;157m▔[38;2;144;136;141;48;2;178;170;173m▅[38;2;137;127;123;48;2;207;198;197m▄[38;2;155;143;134;48;2;215;206;207m▃[38;2;174;166;167;48;2;214;207;207m▁[38;2;174;164;159;48;2;219;211;211m▂[38;2;171;160;155;48;2;204;194;191m▁[38;2;156;142;132;48;2;205;194;192m▄[38;2;180;171;173;48;2;175;163;153m▅[38;2;150;137;123;48;2;184;176;178m▘[38;2;149;137;126;48;2;167;159;158m▘[0m
[38;2;23;21;15;48;2;32;28;21m▋[38;2;27;25;15;48;2;20;19;12m▔[38;2;16;14;7;48;2;23;21;9m▄[38;2;26;23;11;48;2;19;17;8m▘[38;2;28;23;16;48;2;42;35;27m▊[38;2;65;53;42;48;2;52;43;38m▔[38;2;54;48;39;48;2;23;22;16m▘[38;2;23;22;17;48;2;20;19;12m▝[38;2;40;40;40;48;2;24;23;19m▖[38;2;36;36;33;48;2;21;19;15m▍[38;2;26;27;23;48;2;24;19;12m▔[38;2;33;25;15;48;2;45;46;42m▆[38;2;64;57;48;48;2;56;47;36m▕[38;2;67;56;42;48;2;44;38;26m▎[38;2;42;36;24;48;2;32;27;19m▎[38;2;51;44;35;48;2;34;27;18m▝[38;2;46;40;27;48;2;34;30;19m▎[38;2;50;43;29;48;2;34;30;18m▗[38;2;64;53;29;48;2;48;41;28m▁[38;2;55;48;35;48;2;42;39;31m▌[38;2;33;30;24;48;2;41;38;31m▃[38;2;37;35;27;48;2;51;48;37m▆[38;2;49;44;32;48;2;64;59;50m▌[38;2;80;76;70;48;2;61;55;42m▔[38;2;45;42;29;48;2;54;48;34m▕[38;2;47;43;28;48;2;54;48;33m▆[38;2;62;54;40;48;2;56;49;35m▁[38;2;70;61;44;48;2;61;52;37m▔[38;2;67;57;41;48;2;59;50;40m▘[38;2;62;54;46;48;2;75;66;52m▞[38;2;99;84;64;48;2;71;60;47m▃[38;2;72;62;47;48;2;84;70;49m▞[38;2;71;60;43;48;2;75;64;48m▘[38;2;71;61;53;48;2;76;65;53m▞[38;2;80;68;60;48;2;67;58;51m▗[38;2;75;67;59;48;2;58;52;46m▃[38;2;66;59;53;48;2;63;55;44m▖[38;2;68;59;46;48;2;59;52;43m▎[38;2;81;69;50;48;2;66;59;46m▝[38;2;71;62;46;48;2;81;70;49m▍[38;2;99;87;71;48;2;79;69;49m▝[38;2;75;65;48;48;2;92;80;59m▆[38;2;89;77;55;48;2;104;91;70m▆[38;2;93;80;58;48;2;116;104;85m▅[38;2;106;91;70;48;2;121;108;90m▖[38;2;121;110;94;48;2;136;125;112m▆[38;2;116;110;101;48;2;108;99;88m▔[38;2;100;97;97;48;2;93;89;87m▗[38;2;117;111;104;48;2;105;102;102m▗[38;2;134;130;130;48;2;126;119;112m▝[38;2;100;99;104;48;2;126;123;127m▝[38;2;134;135;148;48;2;108;108;114m▃[38;2;138;140;159;48;2;113;111;112m▆[38;2;129;129;139;48;2;151;153;174m▘[38;2;148;146;164;48;2;156;158;178m▁[38;2;158;160;181;48;2;170;171;190m▖[38;2;164;164;184;48;2;180;181;198m▃[38;2;176;176;195;48;2;185;184;201m▁[38;2;141;140;153;48;2;181;181;196m▗[38;2;163;162;176;48;2;191;189;204m▖[38;2;192;192;207;48;2;204;200;209m▄[38;2;193;193;209;48;2;203;200;210m▃[38;2;167;163;176;48;2;198;196;207m▁[38;2;158;158;176;48;2;197;194;206m▂[38;2;147;148;167;48;2;188;184;194m▅[38;2;157;157;176;48;2;135;136;154m▂[38;2;157;158;176;48;2;136;138;155m▃[38;2;147;149;167;48;2;135;136;153m▄[38;2;131;128;136;48;2;142;141;157m▗[38;2;130;123;120;48;2;150;146;159m▃[38;2;137;131;132;48;2;154;150;162m▂[38;2;137;130;128;48;2;153;148;159m▁[38;2;118;107;92;48;2;147;141;148m▂[38;2;135;128;130;48;2;143;135;135m▕[38;2;134;122;110;48;2;139;130;130m▘[38;2;133;121;110;48;2;164;155;158m▂[38;2;137;121;107;48;2;173;165;168m▃[38;2;151;143;144;48;2;167;158;157m▗[38;2;132;122;114;48;2;181;172;174m▆[38;2;131;121;110;48;2;153;146;148m▅[0m
[38;2;31;28;19;48;2;16;14;10m▖[38;2;21;18;12;48;2;17;14;9m▎[38;2;11;9;6;48;2;15;13;8m▏[38;2;28;24;16;48;2;20;17;10m▗[38;2;36;29;26;48;2;43;35;33m▖[38;2;53;45;42;48;2;44;38;32m▎[38;2;43;42;42;48;2;29;26;23m▘[38;2;33;30;23;48;2;22;19;16m▃[38;2;14;11;7;48;2;35;30;24m▅[38;2;24;19;12;48;2;35;27;20m▆[38;2;35;32;25;48;2;28;21;13m▗[38;2;44;40;35;48;2;32;26;17m▁[38;2;31;31;29;48;2;26;22;16m▄[38;2;32;30;25;48;2;25;22;16m▃[38;2;24;21;15;48;2;43;40;36m▄[38;2;40;36;31;48;2;46;43;35m▊[38;2;35;32;19;48;2;22;18;10m▘[38;2;48;42;33;48;2;35;30;17m▔[38;2;66;56;38;48;2;52;46;36m▔[38;2;65;59;48;48;2;58;47;33m▄[38;2;77;67;51;48;2;56;45;30m▃[38;2;39;35;27;48;2;59;49;30m▝[38;2;67;57;39;48;2;53;44;28m▕[38;2;49;42;28;48;2;64;55;41m▅[38;2;81;69;39;48;2;56;50;33m▔[38;2;38;34;22;48;2;74;64;42m▔[38;2;77;68;43;48;2;61;54;37m▖[38;2;90;77;51;48;2;70;60;40m▕[38;2;87;75;48;48;2;61;53;38m▆[38;2;96;83;54;48;2;68;57;39m▖[38;2;82;69;47;48;2;104;87;66m▆[38;2;89;76;52;48;2;96;81;53m▞[38;2;84;72;51;48;2;95;81;58m▏[38;2;111;94;66;48;2;91;78;64m▄[38;2;107;91;67;48;2;85;72;55m▄[38;2;107;91;68;48;2;82;71;59m▃[38;2;92;78;57;48;2;78;68;56m▖[38;2;84;73;59;48;2;70;63;51m▖[38;2;77;70;52;48;2;66;61;50m▂[38;2;74;66;50;48;2;66;60;48m▁[38;2;75;67;47;48;2;65;57;44m▕[38;2;59;52;41;48;2;72;63;47m▘[38;2;85;73;55;48;2;74;64;49m▔[38;2;105;90;63;48;2;82;70;55m▝[38;2;98;84;64;48;2;129;111;83m▂[38;2;103;99;96;48;2;131;115;91m▝[38;2;124;113;97;48;2;103;98;95m▖[38;2;101;92;83;48;2;110;106;109m▍[38;2;110;111;120;48;2;103;102;105m▖[38;2;103;101;104;48;2;115;109;105m▅[38;2;134;128;119;48;2;115;111;107m▝[38;2;117;111;107;48;2;139;135;135m▆[38;2;121;114;109;48;2;141;140;151m▆[38;2;130;125;133;48;2;147;149;170m▄[38;2;128;119;125;48;2;139;135;150m▃[38;2;146;141;157;48;2;153;154;177m▖[38;2;160;160;182;48;2;156;156;176m▅[38;2;137;138;157;48;2;159;160;180m▗[38;2;134;135;151;48;2;112;111;122m▘[38;2;160;160;178;48;2;133;131;142m▝[38;2;162;164;185;48;2;174;175;194m▁[38;2;163;164;184;48;2;181;182;200m▅[38;2;144;140;153;48;2;154;155;175m▕[38;2;144;140;152;48;2;136;125;127m▅[38;2;141;135;145;48;2;148;143;153m▎[38;2;139;133;139;48;2;167;165;181m▁[38;2;151;143;149;48;2;165;165;182m▗[38;2;140;127;123;48;2;153;152;165m▃[38;2;150;140;144;48;2;153;152;167m▖[38;2;135;133;139;48;2;161;159;173m▝[38;2;162;160;172;48;2;119;116;117m▅[38;2;162;160;173;48;2;124;119;118m▄[38;2;160;158;171;48;2;123;119;120m▃[38;2;136;132;139;48;2;116;108;102m▆[38;2;107;98;89;48;2;117;109;102m▄[38;2;96;86;70;48;2;126;116;112m▄[38;2;96;86;71;48;2;135;125;120m▃[38;2;99;90;83;48;2;129;117;106m▅[38;2;97;86;68;48;2;121;112;108m▅[38;2;101;91;79;48;2;123;113;105m▂[0m
[38;2;18;16;13;48;2;44;40;27m▄[38;2;38;36;23;48;2;26;23;15m▁[38;2;57;57;47;48;2;27;23;15m▁[38;2;33;28;25;48;2;27;22;18m▃[38;2;47;40;36;48;2;42;35;30m▂[38;2;44;39;32;48;2;26;22;13m▋[38;2;46;46;48;48;2;22;18;14m▔[38;2;33;31;27;48;2;21;18;13m▝[38;2;28;24;16;48;2;15;14;10m▆[38;2;32;29;22;48;2;25;20;13m▗[38;2;36;31;26;48;2;24;19;12m▁[38;2;30;24;20;48;2;47;47;44m▆[38;2;39;37;34;48;2;20;18;15m▖[38;2;39;38;32;48;2;17;15;11m▝[38;2;41;40;36;48;2;33;28;22m▎[38;2;45;37;32;48;2;39;33;23m▗[38;2;47;42;30;48;2;35;29;20m▘[38;2;51;44;32;48;2;25;21;14m▂[38;2;28;24;15;48;2;36;31;18m▋[38;2;31;27;18;48;2;42;38;28m▆[38;2;65;60;60;48;2;50;46;43m▝[38;2;66;60;57;48;2;91;80;68m▊[38;2;93;82;74;48;2;66;55;32m▅[38;2;109;96;85;48;2;55;46;31m▃[38;2;58;50;37;48;2;36;31;20m▂[38;2;50;45;33;48;2;34;29;21m▕[38;2;51;46;33;48;2;63;58;38m▆[38;2;54;47;33;48;2;67;60;39m▄[38;2;61;56;38;48;2;78;69;48m▅[38;2;77;67;45;48;2;67;58;40m▔[38;2;75;64;41;48;2;65;57;38m▝[38;2;83;72;49;48;2;59;51;35m▝[38;2;64;54;37;48;2;78;68;45m▅[38;2;61;50;33;48;2;91;77;49m▂[38;2;88;75;50;48;2;123;103;66m▄[38;2;116;98;68;48;2;106;89;59m▘[38;2;97;82;50;48;2;107;89;62m▁[38;2;114;95;72;48;2;98;83;63m▗[38;2;113;95;78;48;2;85;73;61m▄[38;2;118;98;84;48;2;85;73;57m▂[38;2;113;95;77;48;2;81;72;55m▂[38;2;65;59;49;48;2;86;76;58m▔[38;2;97;84;63;48;2;88;77;57m▝[38;2;93;81;61;48;2;85;73;55m▘[38;2;74;65;50;48;2;85;73;57m▁[38;2;116;102;82;48;2;97;84;64m▕[38;2;133;115;90;48;2;118;102;80m▘[38;2;119;104;85;48;2;115;105;95m▏[38;2;119;106;86;48;2;104;102;107m▄[38;2;120;108;91;48;2;109;105;106m▂[38;2;116;105;90;48;2;109;104;102m▖[38;2;113;103;93;48;2;103;94;88m▊[38;2;97;90;85;48;2;111;100;94m▏[38;2;104;92;83;48;2;113;108;111m▆[38;2;112;98;88;48;2;123;116;124m▆[38;2;146;141;152;48;2;118;109;107m▔[38;2;116;112;113;48;2;143;141;155m▅[38;2;127;127;139;48;2;103;102;112m▘[38;2;118;113;116;48;2;94;94;101m▕[38;2;145;143;154;48;2;116;111;115m▔[38;2;131;129;140;48;2;150;151;169m▃[38;2;147;142;148;48;2;157;157;173m▝[38;2;145;140;147;48;2;161;160;174m▘[38;2;168;168;184;48;2;160;158;170m▕[38;2;150;145;148;48;2;155;153;163m▖[38;2;139;135;142;48;2;126;115;110m▋[38;2;135;127;126;48;2;145;136;136m▎[38;2;167;164;174;48;2;139;131;135m▆[38;2;182;181;195;48;2;144;130;123m▆[38;2;180;175;186;48;2;189;187;201m▔[38;2;180;178;187;48;2;189;187;199m▕[38;2;178;176;185;48;2;163;160;165m▏[38;2;143;139;137;48;2;150;146;147m▝[38;2;164;162;169;48;2;121;117;110m▄[38;2;140;137;139;48;2;94;90;77m▆[38;2;130;128;131;48;2;96;89;80m▖[38;2;100;96;97;48;2;89;83;74m▂[38;2;124;118;123;48;2;81;73;62m▅[38;2;117;112;114;48;2;106;99;95m▂[38;2;113;106;105;48;2;104;97;93m▎[0m
[38;2;42;46;40;48;2;29;28;20m▖[38;2;40;41;36;48;2;32;28;17m▖[38;2;34;30;24;48;2;66;67;56m▆[38;2;56;53;38;48;2;36;30;26m▘[38;2;46;41;39;48;2;44;39;32m▍[38;2;25;23;15;48;2;38;34;27m▄[38;2;32;28;18;48;2;41;37;28m▔[38;2;42;37;28;48;2;18;14;9m▅[38;2;52;46;37;48;2;27;20;13m▂[38;2;26;18;11;48;2;37;30;25m▊[38;2;30;24;20;48;2;64;60;61m▆[38;2;42;36;31;48;2;21;16;13m▕[38;2;35;28;23;48;2;29;22;16m▂[38;2;44;38;25;48;2;23;17;10m▂[38;2;58;60;50;48;2;37;32;22m▁[38;2;75;76;64;48;2;41;36;27m▂[38;2;39;34;23;48;2;47;43;35m▆[38;2;31;25;16;48;2;48;40;29m▆[38;2;40;35;20;48;2;30;25;16m▗[38;2;36;31;17;48;2;48;42;26m▋[38;2;62;55;43;48;2;48;44;44m▄[38;2;53;48;43;48;2;43;39;34m▞[38;2;103;96;94;48;2;53;48;47m▝[38;2;59;52;48;48;2;110;96;87m▅[38;2;60;54;49;48;2;97;84;72m▖[38;2;82;72;61;48;2;44;39;27m▖[38;2;48;42;28;48;2;38;32;24m▆[38;2;64;57;43;48;2;52;44;29m▔[38;2;41;35;22;48;2;54;47;30m▃[38;2;52;44;30;48;2;61;55;38m▅[38;2;72;62;46;48;2;70;59;42m▎[38;2;82;69;47;48;2;62;54;38m▃[38;2;85;70;45;48;2;59;50;32m▁[38;2;45;38;32;48;2;60;52;44m▅[38;2;70;60;48;48;2;62;56;50m▔[38;2;100;88;68;48;2;70;61;50m▕[38;2;55;48;39;48;2;81;67;45m▃[38;2;116;101;70;48;2;84;71;53m▔[38;2;102;88;65;48;2;90;78;57m▝[38;2;71;61;44;48;2;104;87;68m▄[38;2;77;67;45;48;2;102;88;69m▅[38;2;91;79;57;48;2;113;96;72m▖[38;2;78;65;55;48;2;114;95;80m▔[38;2;119;99;87;48;2;90;76;59m▅[38;2;134;113;98;48;2;95;81;68m▂[38;2;131;109;96;48;2;84;73;57m▃[38;2;132;109;95;48;2;89;77;61m▂[38;2;112;93;79;48;2;90;79;63m▂[38;2;113;101;84;48;2;91;79;63m▔[38;2;111;97;80;48;2;91;82;66m▔[38;2;128;112;92;48;2;85;74;57m▝[38;2;82;73;57;48;2;121;106;86m▃[38;2;82;73;58;48;2;117;102;80m▁[38;2;121;106;82;48;2;109;95;80m▗[38;2;131;114;89;48;2;114;100;85m▃[38;2;138;121;97;48;2;113;101;89m▂[38;2;117;106;98;48;2;108;100;97m▌[38;2;112;99;87;48;2;105;97;94m▁[38;2;98;93;95;48;2;92;88;93m▎[38;2;98;94;99;48;2;105;102;103m▆[38;2;111;107;105;48;2;104;100;99m▘[38;2;105;98;93;48;2;139;133;135m▆[38;2;114;106;96;48;2;136;129;127m▅[38;2;140;135;139;48;2;167;167;182m▅[38;2;141;138;145;48;2;166;166;181m▄[38;2;134;132;145;48;2;154;155;170m▖[38;2;144;140;145;48;2;160;160;177m▔[38;2;144;135;133;48;2;156;155;169m▝[38;2;145;138;139;48;2;159;156;165m▏[38;2;135;134;143;48;2;171;169;182m▁[38;2;119;117;117;48;2;183;183;199m▂[38;2;131;131;130;48;2;177;178;195m▁[38;2;127;125;126;48;2;164;164;176m▗[38;2;125;122;121;48;2;172;172;185m▄[38;2;134;131;131;48;2;154;153;162m▞[38;2;137;136;142;48;2;74;70;72m▋[38;2;93;88;90;48;2;129;125;133m▘[38;2;136;132;139;48;2;118;113;116m▘[38;2;92;87;88;48;2;117;111;111m▗[38;2;97;93;102;48;2;101;94;88m▂[0m
[38;2;23;22;13;48;2;15;12;7m▆[38;2;21;20;13;48;2;35;34;21m▌[38;2;47;44;27;48;2;36;33;20m▕[38;2;60;56;39;48;2;41;36;22m▝[38;2;46;41;31;48;2;33;29;20m▎[38;2;32;29;18;48;2;23;21;14m▖[38;2;47;43;34;48;2;34;31;20m▝[38;2;42;37;29;48;2;53;49;41m▂[38;2;29;25;17;48;2;51;46;37m▆[38;2;26;21;14;48;2;45;38;23m▖[38;2;52;46;29;48;2;43;33;20m▖[38;2;43;33;18;48;2;31;23;14m▍[38;2;37;31;21;48;2;46;44;38m▊[38;2;43;42;34;48;2;51;51;45m▏[38;2;66;70;66;48;2;58;59;50m▗[38;2;46;44;39;48;2;71;71;58m▃[38;2;30;26;20;48;2;20;16;12m▏[38;2;17;15;8;48;2;12;9;6m▕[38;2;26;22;12;48;2;52;46;25m▆[38;2;58;50;29;48;2;40;34;18m▗[38;2;62;53;32;48;2;45;38;22m▝[38;2;50;43;34;48;2;65;58;50m▄[38;2;43;39;38;48;2;52;47;45m▏[38;2;57;50;43;48;2;54;48;45m▕[38;2;51;45;42;48;2;73;64;61m▊[38;2;55;48;44;48;2;100;88;79m▅[38;2;30;26;20;48;2;41;36;27m▂[38;2;62;54;45;48;2;43;38;31m▝[38;2;62;56;52;48;2;80;71;63m▌[38;2;85;75;65;48;2;55;47;32m▅[38;2;77;65;47;48;2;48;40;27m▖[38;2;78;64;44;48;2;58;46;32m▝[38;2;58;46;31;48;2;79;64;45m▂[38;2;65;56;44;48;2;55;46;36m▅[38;2;60;54;40;48;2;40;34;29m▅[38;2;66;61;47;48;2;55;50;35m▃[38;2;60;54;41;48;2;69;60;43m▅[38;2;59;51;39;48;2;68;60;46m▊[38;2;72;63;50;48;2;68;59;45m▕[38;2;67;58;44;48;2;75;64;48m▖[38;2;65;56;44;48;2;68;57;43m▘[38;2;63;54;45;48;2;90;77;52m▅[38;2;64;55;45;48;2;93;79;57m▃[38;2;87;74;54;48;2;110;91;69m▆[38;2;83;68;50;48;2;111;90;75m▅[38;2;85;68;54;48;2;109;88;71m▃[38;2;95;76;64;48;2;113;91;78m▄[38;2;98;78;66;48;2;112;91;79m▂[38;2;101;81;69;48;2;109;90;80m▁[38;2;84;71;61;48;2;108;89;79m▔[38;2;118;97;85;48;2;93;77;62m▄[38;2;111;90;76;48;2;85;73;59m▄[38;2;132;109;91;48;2;95;81;65m▂[38;2;115;99;71;48;2;105;91;71m▁[38;2;83;75;64;48;2;114;100;77m▂[38;2;77;69;58;48;2;125;109;84m▃[38;2;84;75;63;48;2;136;118;91m▄[38;2;93;84;75;48;2;119;106;90m▃[38;2;128;110;81;48;2;109;98;90m▂[38;2;133;116;92;48;2;108;99;94m▁[38;2;114;103;94;48;2;108;98;92m▔[38;2;113;102;94;48;2;102;94;88m▕[38;2;111;104;103;48;2;109;99;92m▝[38;2;102;95;91;48;2;117;107;98m▁[38;2;101;94;90;48;2;110;103;102m▃[38;2;115;109;111;48;2;144;139;149m▆[38;2;114;112;120;48;2;151;149;162m▃[38;2;117;118;131;48;2;147;147;163m▄[38;2;119;117;127;48;2;150;150;168m▆[38;2;108;104;111;48;2;146;146;163m▃[38;2;108;106;111;48;2;144;145;160m▂[38;2;96;93;95;48;2;116;117;124m▁[38;2;75;72;65;48;2;121;120;124m▅[38;2;94;87;77;48;2;129;128;136m▄[38;2;94;89;84;48;2;109;104;98m▅[38;2;109;104;101;48;2;68;63;53m▘[38;2;81;74;59;48;2;108;104;113m▆[38;2;75;69;60;48;2;96;94;102m▆[38;2;84;78;71;48;2;97;97;109m▅[38;2;87;81;74;48;2;104;102;111m▄[0m
[38;2;53;60;59;48;2;26;27;18m▗[38;2;44;49;43;48;2;22;21;13m▖[38;2;22;19;10;48;2;38;36;23m▆[38;2;45;42;33;48;2;27;25;15m▔[38;2;24;22;15;48;2;31;27;17m▅[38;2;49;49;52;48;2;38;34;23m▗[38;2;47;42;34;48;2;33;29;21m▆[38;2;72;67;62;48;2;50;45;32m▃[38;2;33;29;22;48;2;51;46;34m▝[38;2;41;37;28;48;2;28;23;17m▄[38;2;54;49;32;48;2;36;34;23m▝[38;2;49;45;33;48;2;40;36;24m▎[38;2;48;47;39;48;2;39;38;27m▕[38;2;55;55;49;48;2;45;43;34m▕[38;2;49;45;37;48;2;58;59;55m▅[38;2;46;44;34;48;2;33;30;25m▁[38;2;55;54;42;48;2;30;27;23m▗[38;2;68;67;53;48;2;20;17;14m▄[38;2;68;64;49;48;2;21;17;13m▄[38;2;58;52;39;48;2;34;29;18m▂[38;2;71;62;35;48;2;50;42;26m▔[38;2;66;56;37;48;2;47;40;32m▘[38;2;44;38;35;48;2;59;54;54m▊[38;2;63;57;56;48;2;49;45;39m▍[38;2;57;51;49;48;2;42;35;26m▘[38;2;35;30;20;48;2;49;43;25m▊[38;2;51;44;24;48;2;40;33;23m▖[38;2;55;46;30;48;2;35;29;23m▃[38;2;65;58;54;48;2;42;36;28m▝[38;2;76;68;65;48;2;62;55;45m▘[38;2;66;58;44;48;2;108;96;87m▆[38;2;61;52;42;48;2;70;62;47m▋[38;2;49;41;31;48;2;64;57;43m▝[38;2;71;65;48;48;2;48;42;32m▃[38;2;64;57;42;48;2;44;40;30m▄[38;2;63;56;39;48;2;52;47;38m▁[38;2;58;52;41;48;2;76;68;54m▆[38;2;79;72;52;48;2;69;60;44m▁[38;2;76;66;45;48;2;68;60;44m▗[38;2;76;65;47;48;2;69;59;42m▃[38;2;76;62;49;48;2;66;56;48m▃[38;2;68;56;45;48;2;73;63;57m▅[38;2;79;66;55;48;2;72;61;48m▕[38;2;92;74;61;48;2;75;61;50m▁[38;2;81;65;55;48;2;91;73;62m▋[38;2;119;96;81;48;2;92;74;62m▂[38;2;114;92;80;48;2;90;73;61m▃[38;2;95;78;66;48;2;112;90;78m▘[38;2;119;96;81;48;2;111;91;79m▃[38;2;126;102;87;48;2;98;81;72m▆[38;2;146;120;103;48;2;122;100;88m▅[38;2;141;117;102;48;2;124;103;89m▅[38;2;123;102;88;48;2;103;86;74m▅[38;2;86;75;60;48;2;96;81;67m▕[38;2;91;79;63;48;2;74;67;58m▆[38;2;81;72;59;48;2;88;79;66m▍[38;2;87;78;61;48;2;77;70;55m▝[38;2;94;84;64;48;2;88;79;62m▕[38;2;81;75;64;48;2;109;95;66m▅[38;2;89;80;66;48;2;135;119;89m▆[38;2;135;115;83;48;2;113;99;80m▗[38;2;119;103;74;48;2;108;94;76m▁[38;2;107;96;87;48;2;104;93;81m▁[38;2;93;85;79;48;2;97;89;85m▖[38;2;96;93;99;48;2;108;99;92m▖[38;2;98;91;91;48;2;102;99;104m▃[38;2;94;88;94;48;2;101;100;109m▂[38;2;98;92;92;48;2;98;100;114m▂[38;2;84;82;82;48;2;102;102;114m▂[38;2;73;70;65;48;2;94;93;102m▁[38;2;73;71;67;48;2;85;81;83m▃[38;2;73;71;69;48;2;89;87;90m▆[38;2;79;77;78;48;2;84;83;90m▊[38;2;84;82;90;48;2;79;73;63m▅[38;2;83;82;91;48;2;74;69;61m▖[38;2;74;70;70;48;2;64;59;54m▗[38;2;79;72;60;48;2;75;71;69m▗[38;2;82;77;73;48;2;91;89;96m▍[38;2;93;91;103;48;2;74;70;64m▆[38;2;72;70;73;48;2;88;85;89m▝[0m
[38;2;27;19;11;48;2;8;5;3m▃[38;2;26;19;12;48;2;16;13;9m▁[38;2;20;17;12;48;2;15;12;7m▖[38;2;23;22;18;48;2;35;33;30m▃[38;2;38;37;40;48;2;30;28;25m▄[38;2;40;39;41;48;2;34;32;30m▆[38;2;56;54;57;48;2;43;42;45m▕[38;2;59;57;60;48;2;36;34;34m▔[38;2;44;41;39;48;2;70;64;54m▃[38;2;68;60;45;48;2;48;43;33m▆[38;2;65;57;39;48;2;38;35;28m▄[38;2;43;40;26;48;2;61;59;51m▆[38;2;47;44;35;48;2;42;40;28m▔[38;2;57;55;42;48;2;46;44;32m▝[38;2;37;34;23;48;2;46;44;35m▂[38;2;31;28;19;48;2;57;56;45m▁[38;2;68;68;56;48;2;46;39;30m▘[38;2;48;47;36;48;2;31;25;19m▔[38;2;50;43;24;48;2;26;21;15m▖[38;2;45;36;30;48;2;32;26;19m▝[38;2;45;41;21;48;2;31;26;19m▕[38;2;46;41;25;48;2;34;29;24m▏[38;2;32;28;20;48;2;43;37;30m▂[38;2;34;29;25;48;2;43;38;29m▅[38;2;33;31;26;48;2;45;39;30m▁[38;2;62;57;44;48;2;48;42;26m▗[38;2;65;57;38;48;2;46;40;23m▅[38;2;75;68;54;48;2;64;56;39m▗[38;2;77;69;57;48;2;57;49;39m▂[38;2;78;68;53;48;2;54;46;36m▂[38;2;69;61;43;48;2;52;45;30m▂[38;2;64;58;43;48;2;50;44;29m▁[38;2;73;64;44;48;2;64;56;41m▁[38;2;85;73;50;48;2;63;56;43m▁[38;2;68;60;46;48;2;61;54;41m▖[38;2;83;72;48;48;2;62;54;38m▔[38;2;64;51;39;48;2;74;66;47m▃[38;2;73;65;48;48;2;68;57;42m▘[38;2;83;65;53;48;2;65;55;41m▁[38;2;78;61;50;48;2;69;56;44m▃[38;2;57;44;35;48;2;79;63;52m▁[38;2;96;77;64;48;2;73;58;49m▅[38;2;114;90;74;48;2;98;78;67m▁[38;2;106;86;73;48;2;95;76;61m▆[38;2;104;83;71;48;2;113;93;80m▃[38;2;129;105;91;48;2;115;94;83m▗[38;2;133;108;93;48;2;117;96;85m▖[38;2;96;77;65;48;2;112;91;79m▔[38;2;94;76;66;48;2;113;92;79m▄[38;2;111;91;79;48;2;127;103;89m▅[38;2;97;80;70;48;2;124;102;89m▅[38;2;84;71;61;48;2;118;97;84m▅[38;2;79;69;59;48;2;103;86;72m▅[38;2;72;63;54;48;2;91;79;62m▅[38;2;70;61;50;48;2;87;80;69m▆[38;2;78;72;60;48;2;68;61;49m▘[38;2;77;70;58;48;2;72;64;51m▕[38;2;88;79;62;48;2;80;72;59m▝[38;2;103;92;75;48;2;93;84;70m▕[38;2;110;99;82;48;2;89;80;64m▖[38;2;110;98;80;48;2;93;82;65m▆[38;2;108;96;75;48;2;132;116;89m▂[38;2;130;112;83;48;2;99;88;78m▄[38;2;117;105;88;48;2;97;91;88m▁[38;2;85;81;82;48;2;102;92;83m▅[38;2;90;83;82;48;2;92;82;75m▃[38;2;96;90;91;48;2;92;84;81m▁[38;2;89;88;97;48;2;95;87;88m▕[38;2;78;75;68;48;2;84;84;92m▁[38;2;90;89;94;48;2;77;76;76m▋[38;2;83;83;94;48;2;78;78;81m▂[38;2;74;74;81;48;2;64;61;58m▄[38;2;69;68;67;48;2;75;75;80m▎[38;2;92;88;94;48;2;72;69;65m▔[38;2;68;66;69;48;2;54;51;50m▎[38;2;65;61;55;48;2;69;65;62m▏[38;2;71;66;56;48;2;77;73;70m▖[38;2;103;96;96;48;2;84;78;71m▔[38;2;82;80;78;48;2;94;94;107m▅[38;2;88;88;96;48;2;93;94;110m▏[0m
[38;2;27;22;11;48;2;15;12;7m▝[38;2;39;30;14;48;2;26;23;15m▘[38;2;21;19;17;48;2;25;23;21m▅[38;2;30;28;29;48;2;23;22;19m▝[38;2;35;33;32;48;2;24;22;21m▘[38;2;18;17;14;48;2;22;21;19m▆[38;2;25;23;20;48;2;32;30;29m▊[38;2;56;57;64;48;2;39;36;37m▝[38;2;44;42;44;48;2;31;29;29m▌[38;2;60;53;38;48;2;35;32;29m▝[38;2;56;50;31;48;2;72;61;33m▃[38;2;67;55;31;48;2;72;61;37m▂[38;2;95;81;55;48;2;58;50;31m▗[38;2;65;63;52;48;2;46;42;27m▔[38;2;62;61;47;48;2;52;49;38m▃[38;2;56;56;45;48;2;51;49;38m▘[38;2;50;48;37;48;2;63;61;50m▋[38;2;67;60;45;48;2;46;44;34m▘[38;2;47;47;36;48;2;54;51;40m▃[38;2;74;76;67;48;2;48;46;37m▁[38;2;49;49;39;48;2;28;26;20m▖[38;2;44;44;37;48;2;22;19;14m▄[38;2;39;41;34;48;2;26;23;18m▁[38;2;41;39;30;48;2;32;29;23m▞[38;2;30;28;23;48;2;42;39;30m▂[38;2;57;53;44;48;2;47;44;34m▗[38;2;76;71;66;48;2;57;54;46m▗[38;2;53;51;35;48;2;60;57;44m▗[38;2;43;39;26;48;2;71;67;53m▅[38;2;48;43;27;48;2;79;73;57m▅[38;2;74;67;49;48;2;95;88;67m▆[38;2;65;51;35;48;2;88;79;59m▃[38;2;79;72;56;48;2;74;60;43m▔[38;2;78;60;46;48;2;58;48;34m▄[38;2;99;75;57;48;2;76;61;44m▂[38;2;83;66;52;48;2;77;60;47m▕[38;2;66;51;39;48;2;84;65;52m▃[38;2;99;76;59;48;2;71;55;41m▗[38;2;118;92;73;48;2;86;66;51m▖[38;2;114;89;70;48;2;84;65;51m▃[38;2;111;87;71;48;2;76;59;47m▅[38;2;110;88;74;48;2;66;52;43m▆[38;2;117;96;85;48;2;105;84;71m▃[38;2;125;101;84;48;2;108;87;75m▔[38;2;119;98;85;48;2;110;88;75m▘[38;2;94;76;66;48;2;113;90;77m▂[48;2;103;84;72m▄[38;2;123;105;97;48;2;100;81;71m▁[38;2;118;97;85;48;2;97;80;71m▔[38;2;119;97;85;48;2;85;71;63m▔[38;2;108;88;73;48;2;70;60;52m▔[38;2;77;64;49;48;2;67;59;51m▔[38;2;87;78;57;48;2;69;64;60m▔[38;2;91;83;75;48;2;78;71;57m▖[38;2;88;79;64;48;2;68;62;54m▃[38;2;71;63;54;48;2;58;52;46m▁[38;2;68;60;51;48;2;47;42;36m▁[38;2;46;40;34;48;2;66;60;45m▆[38;2;88;80;67;48;2;69;63;56m▔[38;2;54;48;40;48;2;79;73;62m▆[38;2;89;81;70;48;2;69;62;51m▝[38;2;88;78;65;48;2;118;106;86m▆[38;2;110;93;63;48;2;84;74;61m▝[38;2;121;104;77;48;2;104;90;66m▔[38;2;104;94;81;48;2;90;82;77m▎[38;2;99;90;89;48;2;89;82;79m▖[38;2;100;90;86;48;2;90;84;84m▂[38;2;97;94;95;48;2;91;86;85m▕[38;2;84;79;68;48;2;93;92;97m▂[38;2;82;79;75;48;2;90;90;92m▖[38;2;95;93;97;48;2;94;95;107m▃[38;2;66;66;72;48;2;84;85;95m▝[38;2;61;58;54;48;2;77;78;88m▕[38;2;67;62;62;48;2;57;55;57m▁[38;2;61;59;58;48;2;68;65;67m▏[38;2;59;56;50;48;2;67;67;66m▔[38;2;60;58;52;48;2;73;68;58m▅[38;2;79;71;57;48;2;67;62;48m▘[38;2;99;89;79;48;2;75;69;59m▝[38;2;78;71;59;48;2;97;90;89m▅[0m
[38;2;34;32;20;48;2;17;15;10m▄[38;2;34;29;19;48;2;24;22;14m▖[38;2;26;23;17;48;2;36;33;24m▁[38;2;37;33;24;48;2;22;20;16m▃[38;2;26;24;20;48;2;18;16;13m▁[38;2;29;27;28;48;2;19;17;14m▗[38;2;35;34;35;48;2;25;23;22m▝[38;2;28;26;28;48;2;33;31;33m▂[38;2;33;30;32;48;2;27;24;24m▝[38;2;31;27;29;48;2;31;29;29m▁[38;2;60;57;58;48;2;32;29;26m▔[38;2;56;49;37;48;2;72;62;47m▋[38;2;100;82;58;48;2;73;61;43m▕[38;2;66;55;35;48;2;101;84;61m▝[38;2;53;46;31;48;2;37;36;25m▖[38;2;38;35;24;48;2;60;60;48m▅[38;2;60;59;47;48;2;41;40;31m▘[38;2;49;48;39;48;2;37;36;29m▘[38;2;40;40;33;48;2;43;43;36m▊[38;2;53;52;46;48;2;41;41;34m▔[38;2;38;37;28;48;2;46;46;37m▁[38;2;51;51;40;48;2;33;31;23m▄[38;2;45;45;36;48;2;36;36;30m▄[38;2;49;48;39;48;2;37;37;28m▁[38;2;49;50;41;48;2;39;36;29m▘[38;2;37;33;34;48;2;42;39;35m▔[38;2;39;35;29;48;2;57;53;49m▆[38;2;46;41;22;48;2;38;33;23m▔[38;2;56;51;36;48;2;47;38;26m▂[38;2;64;53;40;48;2;54;43;32m▕[38;2;69;57;46;48;2;61;49;39m▕[38;2;78;63;54;48;2;62;50;38m▃[38;2;88;69;55;48;2;76;61;49m▝[38;2;71;55;44;48;2;108;84;63m▅[38;2;46;36;27;48;2;99;76;59m▃[38;2;48;36;25;48;2;102;77;59m▄[38;2;49;37;27;48;2;101;76;58m▃[38;2;79;59;44;48;2;121;94;74m▖[38;2;108;84;67;48;2;128;102;83m▃[38;2;118;93;76;48;2;130;104;87m▃[38;2;104;82;68;48;2;120;95;80m▃[38;2;89;70;58;48;2;106;83;70m▖[38;2;99;78;66;48;2;110;88;75m▏[38;2;117;93;78;48;2;107;86;74m▝[38;2;92;75;66;48;2;100;81;70m▃[38;2;87;70;61;48;2;109;89;78m▄[38;2;74;61;54;48;2;96;78;70m▄[38;2;63;52;44;48;2;77;62;54m▄[38;2;68;59;46;48;2;62;54;43m▔[38;2;66;59;46;48;2;76;69;57m▊[38;2;82;74;63;48;2;75;68;58m▕[38;2;62;57;50;48;2;80;72;57m▔[38;2;91;83;67;48;2;68;60;47m▃[38;2;94;85;63;48;2;77;70;50m▗[38;2;92;84;63;48;2;75;68;50m▖[38;2;92;85;67;48;2;81;74;55m▁[38;2;93;83;62;48;2;63;58;49m▄[38;2;82;78;66;48;2;71;64;52m▁[38;2;86;78;62;48;2;71;65;55m▕[38;2;81;75;63;48;2;52;46;40m▖[38;2;75;73;62;48;2;61;53;47m▄[38;2;63;55;47;48;2;90;81;69m▂[38;2;95;86;73;48;2;71;62;54m▔[38;2;100;84;71;48;2;89;77;63m▕[38;2;113;97;80;48;2;83;74;64m▘[38;2;116;102;89;48;2;91;85;84m▁[38;2;86;84;84;48;2;98;93;97m▃[38;2;86;84;88;48;2;96;94;103m▂[38;2;76;76;82;48;2;86;85;90m▞[38;2;77;77;80;48;2;87;84;86m▗[38;2;56;54;57;48;2;78;79;87m▕[38;2;67;67;71;48;2;88;89;101m▅[38;2;62;63;73;48;2;42;41;43m▘[38;2;80;78;79;48;2;57;55;58m▞[38;2;61;59;65;48;2;76;72;73m▘[38;2;60;57;52;48;2;73;72;74m▔[38;2;62;58;49;48;2;72;70;71m▝[38;2;78;76;77;48;2;64;60;54m▃[38;2;83;76;68;48;2;78;71;62m▕[38;2;92;78;57;48;2;93;81;69m▁[0m
[38;2;22;19;13;48;2;28;26;16m▞[38;2;44;41;29;48;2;31;28;19m▝[38;2;37;34;21;48;2;29;26;18m▝[38;2;41;37;25;48;2;38;35;26m▕[38;2;44;39;28;48;2;34;31;23m▏[38;2;23;21;15;48;2;20;18;16m▏[38;2;23;20;21;48;2;21;18;17m▔[38;2;18;15;15;48;2;24;23;23m▅[38;2;20;17;17;48;2;27;25;26m▖[38;2;35;32;34;48;2;26;23;24m▔[38;2;29;26;26;48;2;47;42;41m▊[38;2;65;56;53;48;2;47;41;34m▔[38;2;77;64;55;48;2;53;45;41m▕[38;2;79;65;53;48;2;61;51;42m▞[38;2;77;64;47;48;2;44;36;22m▘[38;2;58;51;33;48;2;48;40;29m▏[38;2;51;44;32;48;2;41;34;26m▏[38;2;42;38;31;48;2;35;30;25m▞[38;2;36;31;23;48;2;42;40;34m▆[38;2;47;48;41;48;2;39;35;28m▘[38;2;47;41;31;48;2;38;35;27m▗[38;2;50;44;33;48;2;36;35;26m▃[38;2;42;39;29;48;2;52;50;39m▆[38;2;42;36;25;48;2;55;53;43m▅[38;2;36;30;20;48;2;41;38;31m▁[38;2;36;30;25;48;2;44;43;40m▆[38;2;34;29;21;48;2;47;40;34m▂[38;2;60;47;33;48;2;48;38;31m▗[38;2;65;50;38;48;2;46;36;29m▄[38;2;80;61;47;48;2;58;46;37m▃[38;2;82;62;49;48;2;73;58;47m▂[38;2;75;59;47;48;2;60;47;36m▍[38;2;49;38;28;48;2;53;42;33m▏[38;2;97;78;65;48;2;67;52;41m▖[38;2;83;63;47;48;2;67;51;39m▃[38;2;88;69;56;48;2;72;54;39m▂[38;2;83;65;52;48;2;66;49;37m▄[38;2;85;67;54;48;2;99;78;64m▎[38;2;106;84;70;48;2;95;75;64m▝[38;2;98;78;67;48;2;124;99;83m▆[38;2;79;64;55;48;2;109;87;74m▄[38;2;73;59;51;48;2;98;79;69m▖[38;2;119;99;90;48;2;95;77;69m▔[38;2;90;72;62;48;2;97;79;69m▕[38;2;79;64;55;48;2;106;85;73m▆[38;2;61;49;42;48;2;81;65;57m▆[38;2;73;63;50;48;2;54;46;37m▔[38;2;66;60;50;48;2;57;49;41m▗[38;2;85;78;58;48;2;61;54;44m▁[38;2;89;83;70;48;2;65;59;46m▁[38;2;89;85;75;48;2;75;68;53m▗[38;2;64;56;43;48;2;71;65;53m▔[38;2;83;78;66;48;2;66;60;48m▁[38;2;74;68;49;48;2;60;55;43m▔[38;2;75;70;56;48;2;58;51;42m▝[38;2;56;51;42;48;2;82;76;57m▆[38;2;98;93;79;48;2;62;56;41m▔[38;2;88;81;67;48;2;69;63;48m▏[38;2;97;92;75;48;2;64;59;47m▘[38;2;79;77;60;48;2;65;61;44m▔[38;2;55;52;39;48;2;68;64;47m▂[38;2;97;89;76;48;2;68;62;51m▔[38;2;89;81;66;48;2;66;58;48m▃[38;2;68;60;50;48;2;87;74;60m▅[38;2;83;72;63;48;2;74;65;54m▝[38;2;114;101;91;48;2;89;78;67m▝[38;2;93;81;71;48;2;96;88;82m▁[38;2;71;67;66;48;2;80;78;77m▗[38;2;82;80;87;48;2;73;70;75m▞[38;2;80;79;83;48;2;82;83;93m▊[38;2;51;52;59;48;2;79;82;96m▕[38;2;41;40;43;48;2;53;54;62m▆[38;2;37;34;35;48;2;66;67;77m▘[38;2;77;78;92;48;2;55;53;55m▗[38;2;80;78;85;48;2;71;69;68m▞[38;2;71;67;66;48;2;74;74;80m▕[38;2;68;68;71;48;2;71;71;76m▏[38;2;71;70;72;48;2;77;78;87m▆[38;2;76;73;71;48;2;72;67;61m▏[38;2;73;72;75;48;2;79;73;66m▗[0m
[38;2;45;41;29;48;2;24;21;15m▅[38;2;58;52;35;48;2;36;32;21m▂[38;2;23;20;12;48;2;31;27;17m▄[38;2;12;10;6;48;2;43;39;25m▄[38;2;21;17;13;48;2;26;22;17m▁[38;2;44;36;25;48;2;27;23;17m▂[38;2;36;31;23;48;2;28;25;19m▎[38;2;38;34;28;48;2;22;18;16m▁[38;2;42;37;30;48;2;26;22;19m▗[38;2;48;44;33;48;2;22;20;19m▃[38;2;44;38;28;48;2;30;25;18m▝[38;2;55;47;30;48;2;39;32;25m▗[38;2;37;30;19;48;2;44;36;25m▃[38;2;35;28;17;48;2;47;39;24m▞[38;2;55;44;29;48;2;67;59;41m▋[38;2;61;53;38;48;2;46;38;29m▃[38;2;72;64;43;48;2;54;44;34m▁[38;2;59;51;38;48;2;50;41;30m▁[38;2;51;43;28;48;2;47;37;25m▗[38;2;54;42;29;48;2;42;34;23m▝[38;2;58;43;32;48;2;46;35;24m▄[38;2;55;43;36;48;2;44;34;25m▖[38;2;43;36;28;48;2;64;48;38m▞[38;2;60;45;35;48;2;42;35;27m▖[38;2;44;34;28;48;2;49;42;31m▅[38;2;40;31;23;48;2;52;41;34m▞[48;2;47;36;30m [38;2;61;47;37;48;2;54;43;35m▕[38;2;61;47;38;48;2;64;49;41m▏[38;2;45;34;29;48;2;63;49;43m▁[38;2;40;30;26;48;2;67;53;45m▁[38;2;62;49;40;48;2;69;55;47m▂[38;2;76;60;50;48;2;67;54;47m▃[38;2;70;57;50;48;2;82;66;59m▔[38;2;82;66;57;48;2;89;74;67m▅[38;2;88;72;65;48;2;84;67;60m▕[38;2;86;69;60;48;2;91;74;65m▊[38;2;104;86;75;48;2;90;72;63m▃[38;2;86;70;61;48;2;96;77;67m▄[38;2;83;67;59;48;2;94;75;65m▃[38;2;74;59;50;48;2;99;80;68m▅[38;2;75;60;53;48;2;84;67;57m▗[38;2;75;61;54;48;2;102;79;64m▆[38;2;81;65;55;48;2;64;50;44m▘[38;2;72;56;48;48;2;53;43;35m▔[38;2;63;54;44;48;2;51;42;33m▁[38;2;61;52;44;48;2;50;43;32m▖[38;2;63;56;48;48;2;52;47;39m▃[38;2;69;66;60;48;2;58;51;39m▔[38;2;77;60;38;48;2;58;54;45m▁[38;2;90;76;68;48;2;51;46;37m▁[38;2;61;56;54;48;2;45;41;28m▂[38;2;45;39;30;48;2;66;62;51m▆[38;2;54;50;44;48;2;46;39;31m▔[38;2;48;42;32;48;2;50;47;46m▆[38;2;79;73;68;48;2;54;49;35m▔[38;2;64;60;47;48;2;48;43;34m▕[38;2;67;65;56;48;2;59;53;40m▂[38;2;70;63;45;48;2;57;49;36m▗[38;2;81;76;65;48;2;54;47;31m▃[38;2;70;66;55;48;2;62;55;36m▔[38;2;63;56;38;48;2;93;87;68m▆[38;2;93;86;74;48;2;65;58;46m▝[38;2;70;62;51;48;2;81;73;56m▞[38;2;74;66;58;48;2;66;58;47m▏[38;2;59;51;40;48;2;81;71;60m▆[38;2;75;66;59;48;2;87;77;67m▆[38;2;106;94;84;48;2;81;74;69m▏[38;2;114;101;89;48;2;78;74;74m▁[38;2;77;73;72;48;2;79;77;82m▄[38;2;67;66;69;48;2;35;34;36m▌[38;2;39;35;34;48;2;69;66;66m▍[38;2;79;77;79;48;2;61;56;58m▍[38;2;68;63;57;48;2;79;77;82m▁[38;2;78;77;82;48;2;66;63;61m▔[38;2;53;52;52;48;2;68;66;63m▗[38;2;61;58;53;48;2;70;68;68m▅[38;2;63;59;56;48;2;74;70;64m▁[38;2;69;66;64;48;2;77;75;76m▔[38;2;86;82;79;48;2;73;71;72m▖[0m
[38;2;27;25;15;48;2;44;40;25m▂[38;2;42;38;25;48;2;47;44;29m▘[38;2;45;40;26;48;2;53;48;34m▁[38;2;58;51;33;48;2;28;24;15m▖[38;2;34;26;18;48;2;38;33;24m▆[38;2;38;35;23;48;2;32;28;23m▄[38;2;29;26;21;48;2;40;35;22m▘[38;2;46;44;29;48;2;35;30;22m▅[38;2;60;65;47;48;2;43;39;29m▁[38;2;58;58;41;48;2;41;37;28m▁[38;2;41;36;24;48;2;65;49;39m▅[38;2;74;57;43;48;2;46;38;27m▔[38;2;66;56;38;48;2;53;44;30m▔[38;2;36;32;19;48;2;56;49;32m▔[38;2;63;53;34;48;2;53;45;27m▋[38;2;62;53;35;48;2;53;45;30m▖[38;2;63;52;33;48;2;48;41;27m▆[38;2;76;66;50;48;2;63;52;37m▗[38;2;81;72;55;48;2;51;42;31m▂[38;2;43;34;26;48;2;49;41;36m▌[38;2;35;27;21;48;2;45;39;32m▝[38;2;58;48;43;48;2;48;39;32m▝[38;2;55;42;32;48;2;45;34;28m▔[38;2;40;31;26;48;2;48;37;30m▁[38;2;52;41;36;48;2;48;36;28m▆[38;2;41;31;28;48;2;55;42;37m▁[38;2;32;24;21;48;2;58;45;38m▃[38;2;34;26;23;48;2;58;46;39m▅[38;2;43;34;30;48;2;34;26;22m▂[38;2;55;44;37;48;2;32;25;21m▂[38;2;46;36;30m▞[38;2;51;40;33;48;2;27;21;17m▔[38;2;65;50;40;48;2;36;28;22m▔[38;2;68;53;44;48;2;82;63;52m▎[38;2;91;74;65;48;2;84;67;58m▕[38;2;93;74;61;48;2;87;70;61m▂[38;2;84;68;58;48;2;89;71;61m▕[38;2;88;70;60;48;2;63;50;42m▄[38;2;71;58;50;48;2;91;73;63m▘[38;2;102;82;69m▖[38;2;106;82;67;48;2;88;70;59m▂[38;2;109;88;74;48;2;83;65;54m▁[38;2;91;70;57;48;2;78;62;52m▃[38;2;68;52;43;48;2;85;66;53m▅[38;2;81;60;45;48;2;54;43;34m▘[38;2;69;55;42;48;2;43;36;27m▘[38;2;54;49;42;48;2;43;36;29m▗[38;2;53;44;37;48;2;55;49;41m▆[38;2;50;43;32;48;2;66;54;46m▘[38;2;57;47;43;48;2;77;60;48m▆[38;2;48;43;33;48;2;87;70;63m▆[38;2;54;48;43;48;2;58;54;53m▊[38;2;54;51;51;48;2;50;45;40m▎[38;2;65;63;57;48;2;51;47;41m▂[38;2;45;43;28;48;2;55;51;40m▁[38;2;50;47;34;48;2;41;39;30m▘[38;2;64;62;63;48;2;48;45;36m▁[38;2;36;34;32;48;2;57;56;47m▖[38;2;74;71;59;48;2;52;50;40m▝[38;2;47;42;30;48;2;60;56;47m▁[38;2;68;62;46;48;2;56;51;38m▘[38;2;49;46;31;48;2;62;55;39m▂[38;2;68;63;50;48;2;65;59;46m▗[38;2;62;55;42;48;2;74;67;53m▅[38;2;81;73;60;48;2;63;55;45m▘[38;2;71;64;55;48;2;51;44;38m▗[38;2;49;43;35;48;2;59;51;37m▆[38;2;108;96;91;48;2;73;65;61m▔[38;2;64;59;57;48;2;104;94;91m▆[38;2;62;56;53;48;2;99;89;81m▆[38;2;64;56;55;48;2;39;36;34m▕[38;2;72;67;61;48;2;74;71;76m▆[38;2;73;66;63;48;2;60;55;52m▔[38;2;72;69;68;48;2;64;60;56m▗[38;2;58;56;53;48;2;68;66;65m▕[38;2;55;53;57;48;2;58;56;52m▁[38;2;58;57;55;48;2;54;52;47m▗[38;2;60;61;67;48;2;62;60;58m▃[38;2;70;66;56;48;2;65;67;73m▘[38;2;65;69;81;48;2;69;67;67m▆[0m
[38;2;27;25;17;48;2;22;20;14m▝[38;2;39;36;23;48;2;26;24;16m▔[38;2;25;24;17;48;2;37;35;23m▖[38;2;35;32;23;48;2;52;47;33m▅[38;2;43;42;32;48;2;35;27;17m▄[38;2;34;33;26;48;2;38;37;27m▁[38;2;51;54;45;48;2;42;43;34m▕[38;2;52;55;51;48;2;56;59;51m▂[38;2;39;38;24;48;2;63;66;54m▃[38;2;29;27;19;48;2;75;77;63m▄[38;2;24;23;15;48;2;62;63;48m▅[38;2;42;37;28;48;2;34;31;21m▕[38;2;33;28;19;48;2;51;41;25m▆[38;2;55;46;36;48;2;45;37;25m▕[38;2;38;32;19;48;2;53;45;28m▆[38;2;64;57;41;48;2;47;39;23m▘[38;2;62;54;42;48;2;50;43;28m▗[38;2;76;65;47;48;2;58;49;37m▘[38;2;64;54;46;48;2;46;37;28m▁[38;2;35;28;19;48;2;45;39;30m▃[38;2;39;29;26;48;2;42;37;28m▔[38;2;44;36;30;48;2;38;31;22m▄[38;2;38;30;25;48;2;41;32;28m▖[38;2;48;38;34;48;2;45;34;31m▁[38;2;64;50;42;48;2;49;38;33m▗[38;2;51;40;35;48;2;34;26;22m▂[38;2;44;34;30;48;2;38;29;26m▃[38;2;61;49;42;48;2;44;34;30m▁[38;2;50;39;34;48;2;55;43;37m▏[38;2;65;51;42;48;2;43;33;29m▘[38;2;47;36;31;48;2;39;29;24m▄[38;2;44;34;28;48;2;42;33;28m▁[38;2;67;53;45;48;2;49;38;32m▃[38;2;74;59;51;48;2;80;63;54m▘[38;2;84;68;60;48;2;76;60;52m▆[38;2;103;83;72;48;2;87;70;62m▔[38;2;99;80;73;48;2;97;77;66m▄[38;2;82;65;56;48;2;98;77;65m▗[38;2;66;53;45;48;2;94;74;61m▅[38;2;83;66;55;48;2;93;72;61m▄[38;2;117;91;75;48;2;90;70;58m▔[38;2;57;45;38;48;2;89;70;60m▁[38;2;73;59;52;48;2;66;52;45m▎[38;2;44;40;34;48;2;59;48;42m▁[38;2;64;53;46;48;2;54;45;39m▔[38;2;66;64;59;48;2;50;41;35m▁[38;2;61;53;47;48;2;54;48;38m▝[38;2;64;60;55;48;2;55;51;42m▝[38;2;61;56;54;48;2;57;53;44m▔[38;2;62;58;50;48;2;49;46;37m▝[38;2;54;50;42;48;2;49;46;38m▘[38;2;54;51;46;48;2;48;45;38m▘[38;2;41;39;34;48;2;57;54;49m▄[38;2;36;34;35;48;2;68;66;68m▅[38;2;38;37;37;48;2;72;71;69m▅[38;2;60;59;64;48;2;45;45;45m▘[38;2;57;58;64;48;2;36;37;36m▖[38;2;37;37;34;48;2;45;47;45m▊[38;2;46;48;46;48;2;40;41;37m▎[38;2;48;46;42;48;2;38;37;32m▔[38;2;53;51;43;48;2;38;36;30m▔[38;2;53;50;45;48;2;48;46;38m▗[38;2;47;43;33;48;2;52;50;41m▆[38;2;83;74;55;48;2;57;52;39m▔[38;2;46;43;32;48;2;58;53;40m▁[38;2;66;60;49;48;2;61;56;43m▝[38;2;52;47;39;48;2;58;53;43m▔[38;2;64;57;47;48;2;53;48;42m▔[38;2;53;52;55;48;2;51;45;39m▁[38;2;51;48;48;48;2;41;38;33m▁[38;2;66;59;57;48;2;49;44;39m▝[38;2;60;53;48;48;2;50;44;41m▔[38;2;65;57;49;48;2;55;50;46m▘[38;2;59;54;49;48;2;78;72;65m▆[38;2;57;53;48;48;2;61;59;56m▞[38;2;74;66;52;48;2;65;62;60m▁[38;2;50;48;43;48;2;62;60;56m▌[38;2;71;66;61;48;2;69;69;69m▄[38;2;70;66;62;48;2;74;73;74m▃[38;2;73;69;67;48;2;71;73;80m▅[0m
[38;2;16;14;9;48;2;24;24;19m▂[38;2;15;14;10;48;2;29;29;24m▃[38;2;30;30;20;48;2;26;25;20m▔[38;2;31;32;25;48;2;26;24;17m▃[38;2;25;24;19;48;2;31;30;22m▖[38;2;46;47;40;48;2;29;28;21m▔[38;2;47;51;46;48;2;33;33;26m▔[38;2;46;47;39;48;2;31;29;21m▔[38;2;48;50;42;48;2;28;23;17m▃[38;2;55;56;48;48;2;29;23;17m▃[38;2;55;57;47;48;2;28;24;17m▂[38;2;28;26;20;48;2;18;15;10m▁[38;2;32;29;21;48;2;22;19;13m▝[38;2;37;34;23;48;2;32;29;19m▕[38;2;38;34;20;48;2;27;23;13m▏[38;2;47;36;19;48;2;34;27;15m▔[38;2;41;34;23;48;2;38;31;20m▕[38;2;63;52;40;48;2;41;33;24m▝[38;2;41;32;22;48;2;47;38;30m▂[38;2;52;45;36;48;2;39;31;24m▔[38;2;39;31;24;48;2;35;28;22m▏[38;2;37;31;23;48;2;32;24;19m▔[38;2;40;31;27;48;2;37;28;24m▕[38;2;41;32;28;48;2;48;37;33m▎[38;2;57;46;40;48;2;46;36;31m▔[38;2;56;45;40;48;2;43;33;27m▘[38;2;46;35;29;48;2;28;21;18m▂[38;2;49;39;34;48;2;32;24;20m▔[38;2;62;48;40;48;2;58;45;38m▔[38;2;66;50;42;48;2;50;39;34m▅[38;2;67;51;42;48;2;60;47;38m▏[38;2;79;61;48;48;2;64;50;43m▝[38;2;77;61;51;48;2;69;56;51m▔[38;2;81;65;58;48;2;73;60;55m▝[38;2;67;56;56;48;2;78;64;58m▁[38;2;58;47;40;48;2;100;82;74m▆[38;2;66;54;48;48;2;93;74;63m▅[38;2;88;72;64;48;2;79;66;61m▘[38;2;87;74;68;48;2;66;54;49m▁[38;2;71;59;54;48;2;65;54;51m▖[38;2;70;57;49;48;2;59;49;45m▔[38;2;35;30;27;48;2;55;46;43m▁[38;2;58;46;37;48;2;46;39;33m▝[38;2;37;34;27;48;2;54;45;39m▃[38;2;37;35;28;48;2;44;40;33m▁[38;2;45;42;36;48;2;32;30;24m▋[38;2;31;29;27;48;2;46;44;35m▆[38;2;27;25;21;48;2;44;43;38m▆[38;2;41;40;40;48;2;30;30;24m▖[38;2;31;29;25;48;2;23;22;18m▔[38;2;23;21;17;48;2;34;33;26m▆[38;2;37;35;29;48;2;31;30;26m▕[38;2;28;24;25;48;2;37;36;32m▂[38;2;42;40;42;48;2;38;35;35m▗[38;2;44;45;46;48;2;40;39;39m▝[38;2;40;40;38;48;2;36;36;37m▏[38;2;59;61;65;48;2;41;41;42m▝[38;2;54;59;62;48;2;37;38;39m▖[38;2;42;44;45;48;2;39;40;39m▘[38;2;51;53;54;48;2;34;35;34m▃[38;2;45;42;28;48;2;36;36;33m▁[38;2;45;42;35;48;2;37;36;31m▔[38;2;58;58;58;48;2;41;38;30m▁[38;2;48;48;46;48;2;39;38;33m▕[38;2;75;78;82;48;2;42;40;35m▁[38;2;60;55;42;48;2;40;38;35m▔[38;2;60;57;52;48;2;42;40;38m▘[38;2;44;42;39;48;2;63;58;49m▆[38;2;48;45;45;48;2;37;35;35m▔[38;2;36;34;34;48;2;29;27;27m▅[38;2;53;53;52;48;2;44;41;37m▁[38;2;61;55;52;48;2;54;49;45m▗[38;2;46;42;38;48;2;57;52;44m▅[38;2;47;43;37;48;2;60;54;47m▃[38;2;66;59;49;48;2;53;48;42m▝[38;2;49;46;35;48;2;57;52;41m▁[38;2;56;53;48;48;2;49;47;40m▘[38;2;51;47;39;48;2;63;58;49m▁[38;2;57;54;43;48;2;70;66;60m▃[38;2;58;55;51;48;2;76;71;63m▃[0m
[38;2;20;19;17;48;2;16;14;12m▝[38;2;14;11;9;48;2;21;20;16m▂[38;2;23;22;18;48;2;19;18;14m▘[38;2;23;21;16;48;2;27;26;20m▋[38;2;46;49;38;48;2;28;27;20m▗[38;2;47;47;36;48;2;26;25;18m▃[38;2;38;40;33;48;2;30;30;23m▕[38;2;39;41;33;48;2;34;33;26m▂[38;2;33;31;23;48;2;46;48;40m▃[38;2;29;25;19;48;2;48;48;41m▃[38;2;34;33;24;48;2;57;59;48m▂[38;2;36;36;28;48;2;58;58;47m▁[38;2;59;59;48;48;2;34;31;24m▄[38;2;39;35;27;48;2;33;29;20m▂[38;2;31;26;18;48;2;39;33;24m▞[38;2;36;28;21;48;2;29;22;16m▃[38;2;42;34;26;48;2;35;27;21m▁[38;2;38;29;23;48;2;32;24;18m▂[38;2;39;30;23;48;2;32;24;19m▕[38;2;47;39;31;48;2;40;30;23m▁[38;2;58;48;41;48;2;39;29;23m▗[38;2;52;44;37;48;2;39;29;24m▂[38;2;46;37;33;48;2;42;32;28m▕[38;2;53;42;36;48;2;39;30;25m▝[38;2;38;30;25;48;2;48;38;32m▅[38;2;42;32;29;48;2;48;37;31m▂[38;2;43;34;30;48;2;49;38;34m▂[38;2;43;33;27;48;2;54;42;37m▔[38;2;55;43;41;48;2;53;42;38m▕[38;2;52;42;38;48;2;61;48;43m▃[38;2;55;45;41;48;2;61;49;44m▄[38;2;59;48;43;48;2;66;53;49m▄[38;2;60;50;48;48;2;68;54;50m▃[38;2;61;50;47;48;2;66;56;55m▄[38;2;57;48;45;48;2;64;53;51m▄[38;2;55;44;41;48;2;66;55;52m▄[38;2;42;35;31;48;2;62;50;45m▁[38;2;37;30;27;48;2;67;54;47m▂[38;2;54;45;40;48;2;76;63;56m▅[38;2;48;39;38;48;2;56;47;44m▕[38;2;58;52;52;48;2;43;36;34m▁[38;2;51;46;44;48;2;39;31;28m▂[38;2;40;36;36;48;2;30;25;20m▂[38;2;40;34;34;48;2;27;23;20m▂[38;2;42;37;37;48;2;25;22;19m▁[38;2;43;38;40;48;2;31;27;26m▁[38;2;37;33;35;48;2;33;30;28m▂[38;2;51;49;51;48;2;36;32;32m▁[38;2;52;48;46;48;2;39;34;34m▂[38;2;47;42;40;48;2;37;33;27m▖[38;2;42;40;43;48;2;41;38;33m▁[38;2;41;38;36;48;2;38;35;30m▏[38;2;39;36;33;48;2;37;34;29m▍[38;2;58;59;56;48;2;32;29;24m▄[38;2;58;60;59;48;2;34;31;29m▖[38;2;40;38;39;48;2;36;35;33m▘[38;2;43;43;41;48;2;31;30;26m▔[38;2;35;34;35;48;2;29;27;22m▝[38;2;46;47;49;48;2;28;29;26m▃[38;2;37;36;33;48;2;26;26;22m▃[38;2;47;44;38;48;2;31;29;24m▝[38;2;28;28;23;48;2;41;39;35m▁[38;2;52;53;58;48;2;37;35;31m▝[38;2;44;45;51;48;2;41;41;42m▔[38;2;34;35;34;48;2;49;53;56m▆[38;2;59;63;68;48;2;42;45;44m▗[38;2;46;49;51;48;2;48;50;51m▝[38;2;48;50;51;48;2;38;39;38m▞[38;2;47;49;52;48;2;36;37;38m▖[38;2;49;50;53;48;2;33;31;30m▔[38;2;41;38;37;48;2;35;32;29m▔[38;2;39;37;33;48;2;30;28;24m▔[38;2;36;34;30;48;2;47;44;41m▆[38;2;44;41;38;48;2;40;37;30m▏[38;2;38;36;28;48;2;44;41;33m▖[38;2;37;35;29;48;2;46;43;33m▃[38;2;44;43;37;48;2;47;45;38m▏[38;2;51;49;43;48;2;58;54;46m▆[38;2;52;51;47;48;2;42;40;38m▕[38;2;51;50;48;48;2;43;42;37m▁[0m
[38;2;24;24;20;48;2;17;15;12m▗[38;2;18;17;13;48;2;24;21;18m▌[38;2;24;23;17;48;2;20;19;16m▁[38;2;18;16;14;48;2;23;21;17m▂[38;2;39;40;30;48;2;22;20;14m▝[38;2;38;38;26;48;2;53;55;44m▁[38;2;38;38;27;48;2;54;56;44m▝[38;2;23;19;13;48;2;30;31;24m▆[38;2;25;22;13;48;2;42;44;35m▄[38;2;27;25;19;48;2;37;37;28m▝[38;2;31;30;19;48;2;24;20;14m▖[38;2;29;25;16m▂[38;2;29;24;17;48;2;46;45;33m▆[38;2;48;46;36;48;2;36;30;23m▘[38;2;22;17;13;48;2;35;27;21m▔[38;2;30;24;17;48;2;34;27;18m▝[38;2;37;29;22;48;2;33;24;20m▅[48;2;41;33;25m▎[38;2;39;30;25;48;2;47;41;35m▅[38;2;38;29;24;48;2;57;52;48m▅[38;2;49;42;39;48;2;41;32;26m▘[38;2;33;25;20;48;2;47;37;32m▔[38;2;46;35;31;48;2;48;37;33m▞[38;2;47;36;33;48;2;45;34;31m▌[38;2;46;37;31;48;2;41;31;27m▅[38;2;45;36;31;48;2;47;38;33m▎[38;2;41;33;29;48;2;49;39;34m▗[38;2;37;29;25;48;2;53;43;37m▖[38;2;44;36;32;48;2;57;47;41m▅[38;2;56;46;40;48;2;50;40;34m▘[38;2;47;37;32;48;2;53;43;37m▘[38;2;54;43;37;48;2;57;46;41m▆[38;2;51;41;37;48;2;58;47;42m▃[38;2;64;52;48;48;2;58;47;43m▝[38;2;61;50;46;48;2;55;44;41m▍[38;2;56;45;40;48;2;51;41;36m▊[38;2;27;22;19;48;2;47;39;36m▝[38;2;44;36;32;48;2;33;27;24m▃[38;2;55;48;45;48;2;41;33;30m▝[38;2;60;52;52;48;2;38;32;29m▔[38;2;47;40;37;48;2;35;29;26m▔[38;2;46;40;39;48;2;34;28;25m▔[38;2;39;33;30;48;2;34;27;24m▔[38;2;47;43;42;48;2;33;27;24m▗[38;2;36;28;22;48;2;38;32;30m▕[38;2;37;29;24;48;2;31;24;19m▘[38;2;35;30;25;48;2;29;23;20m▔[38;2;42;32;27;48;2;31;27;26m▔[38;2;39;37;41;48;2;31;29;30m▞[38;2;38;38;41;48;2;35;34;33m▕[38;2;32;30;31;48;2;49;51;58m▆[38;2;41;42;43;48;2;31;30;29m▔[38;2;22;21;22;48;2;29;28;24m▃[38;2;35;33;25;48;2;30;29;25m▔[38;2;26;26;22;48;2;41;44;40m▆[38;2;30;31;26;48;2;27;26;23m▏[38;2;21;20;18;48;2;30;31;27m▕[38;2;25;22;18;48;2;20;17;17m▔[38;2;34;30;29;48;2;24;21;20m▔[38;2;30;27;21;48;2;33;30;29m▁[38;2;28;26;23;48;2;38;36;30m▆[38;2;37;36;33;48;2;28;25;22m▄[38;2;40;40;35;48;2;35;34;31m▖[38;2;28;25;22;48;2;33;32;30m▁[38;2;30;29;24;48;2;36;36;36m▅[38;2;32;29;23;48;2;41;39;35m▃[38;2;42;40;37;48;2;38;35;28m▘[38;2;34;31;28;48;2;48;51;52m▆[38;2;45;48;49;48;2;32;32;31m▝[38;2;37;37;37;48;2;30;28;27m▍[38;2;28;27;23;48;2;38;36;32m▏[38;2;38;36;35;48;2;33;31;27m▏[38;2;48;47;43;48;2;39;38;34m▕[38;2;41;40;34;48;2;47;47;43m▕[38;2;45;46;46;48;2;32;32;28m▂[38;2;53;55;56;48;2;34;34;33m▃[38;2;43;45;45;48;2;33;33;32m▖[38;2;42;41;40;48;2;37;36;33m▝[38;2;40;39;35;48;2;60;57;53m▅[38;2;44;42;37;48;2;52;49;46m▞[0m
[?25h