[?25l[0m[38;2;6;15;23;48;2;5;14;21m▔[38;2;9;18;27;48;2;7;16;23m▁[38;2;9;19;28;48;2;8;17;25m▗[38;2;9;18;27;48;2;6;15;23m▘[38;2;13;23;33m▁[38;2;12;21;31;48;2;7;16;24m▖[38;2;12;21;29;48;2;6;15;22m▘[38;2;7;15;23;48;2;6;14;21m▁[38;2;5;13;21;48;2;7;16;24m▁[38;2;5;14;21;48;2;9;19;28m▆[38;2;8;16;24;48;2;4;14;20m▃[38;2;7;16;23;48;2;6;15;22m▝[38;2;10;19;28;48;2;4;13;20m▂[38;2;13;23;33;48;2;6;15;23m▍[38;2;3;11;17;48;2;5;12;19m▌[48;2;2;10;16m [38;2;8;15;21;48;2;4;12;18m▋[38;2;3;10;15;48;2;9;16;23m▁[38;2;13;22;31;48;2;7;14;20m▔[38;2;17;22;27;48;2;7;13;19m▁[38;2;8;16;24;48;2;15;22;29m▁[38;2;7;16;24;48;2;9;18;26m▏[38;2;7;13;19;48;2;10;17;24m▕[38;2;14;22;32;48;2;5;12;18m▁[38;2;6;14;21;48;2;5;10;16m▌[38;2;6;13;20;48;2;14;21;29m▆[38;2;34;44;59;48;2;10;17;24m▁[38;2;52;64;85;48;2;14;20;27m▂[38;2;54;67;89;48;2;13;21;29m▃[38;2;42;52;69;48;2;6;13;20m▅[38;2;41;51;67;48;2;10;16;23m▅[38;2;30;39;53;48;2;6;14;22m▋[38;2;44;55;72;48;2;17;24;33m▝[38;2;23;31;41;48;2;45;56;75m▅[38;2;48;58;74;48;2;28;36;48m▂[38;2;45;55;71;48;2;20;28;38m▄[38;2;47;56;73;48;2;10;18;25m▅[38;2;39;48;63;48;2;16;23;30m▆[38;2;27;36;47;48;2;15;22;29m▏[38;2;23;30;40;48;2;43;50;63m▘[38;2;47;55;71;48;2;10;18;25m▅[38;2;25;34;46;48;2;42;51;67m▘[38;2;13;20;30;48;2;36;45;60m▁[38;2;6;12;19;48;2;32;39;52m▂[38;2;37;45;61;48;2;18;25;34m▁[38;2;41;49;65;48;2;6;13;20m▃[38;2;46;55;72;48;2;9;14;20m▄[38;2;50;57;73;48;2;12;18;25m▃[38;2;40;43;55m▂[38;2;33;43;56;48;2;11;16;23m▔[38;2;7;13;19;48;2;42;51;65m▆[38;2;21;30;40;48;2;9;15;22m▔[38;2;5;9;14;48;2;9;14;20m▁[38;2;45;51;66;48;2;9;13;19m▃[38;2;50;57;73;48;2;5;9;14m▅[38;2;46;53;69;48;2;5;9;15m▆[38;2;49;56;73;48;2;14;20;27m▅[38;2;50;57;74;48;2;11;14;20m▆[38;2;20;25;34;48;2;48;57;75m▔[38;2;47;57;75;48;2;50;58;77m▔[38;2;50;59;78;48;2;46;56;75m▅[38;2;52;60;79;48;2;45;55;73m▖[38;2;46;54;72;48;2;44;54;73m▁[38;2;45;54;73;48;2;43;52;70m▘[38;2;44;53;71;48;2;42;52;69m▝[38;2;42;52;69;48;2;45;54;71m▋[38;2;44;52;69;48;2;24;27;35m▌[38;2;25;31;41;48;2;43;50;66m▎[38;2;17;23;31;48;2;51;58;75m▂[38;2;13;18;25;48;2;52;57;74m▃[38;2;29;30;37;48;2;10;16;23m▎[38;2;12;18;25;48;2;6;14;21m▗[38;2;6;14;21;48;2;3;11;18m▋[38;2;4;12;19m▍[38;2;3;10;16;48;2;6;13;20m▋[38;2;5;12;19;48;2;2;7;12m▌[38;2;2;7;12;48;2;4;12;18m▌[38;2;4;12;18;48;2;1;6;11m▏[38;2;25;32;44;48;2;4;10;16m▔[38;2;47;53;69;48;2;7;13;19m▔[0m
[38;2;22;32;43;48;2;5;14;21m▁[38;2;8;17;24m▂[38;2;9;18;26;48;2;7;15;23m▗[38;2;15;23;33;48;2;10;18;26m▕[38;2;12;20;30;48;2;7;15;22m▏[38;2;18;28;37m▂[38;2;7;16;24;48;2;9;17;25m▕[38;2;23;32;41;48;2;6;15;23m▁[38;2;11;20;29;48;2;8;17;25m▏[38;2;5;14;22;48;2;9;18;26m▅[38;2;18;27;37;48;2;7;16;24m▂[38;2;19;29;40;48;2;14;24;34m▕[38;2;26;37;49;48;2;20;30;42m▘[38;2;11;19;27;48;2;7;14;20m▎[38;2;17;19;24;48;2;4;10;17m▖[38;2;3;10;16;48;2;8;15;21m▊[38;2;12;17;23;48;2;7;13;19m▁[38;2;17;25;35;48;2;10;16;23m▁[38;2;33;42;54;48;2;19;28;39m▝[38;2;17;27;37;48;2;9;17;25m▔[38;2;29;38;51;48;2;9;16;24m▗[38;2;38;50;67;48;2;12;19;26m▅[38;2;8;16;25;48;2;32;42;57m▔[38;2;35;47;62;48;2;9;17;25m▃[38;2;15;20;28;48;2;6;13;20m▕[38;2;14;21;30;48;2;38;47;62m▋[38;2;50;62;83;48;2;52;65;87m▏[38;2;52;65;87;48;2;55;68;91m▖[38;2;55;68;90;48;2;56;70;94m▁[38;2;53;64;85;48;2;57;70;94m▗[38;2;52;61;80;48;2;55;67;88m▄[38;2;31;39;51;48;2;52;61;80m▔[38;2;46;54;69;48;2;54;63;83m▔[38;2;57;65;84;48;2;50;59;77m▄[38;2;57;63;82;48;2;53;61;78m▂[38;2;60;66;86;48;2;54;61;79m▁[38;2;59;64;83;48;2;34;43;56m▅[38;2;44;50;65;48;2;21;28;37m▋[38;2;20;24;31;48;2;53;56;70m▍[38;2;53;57;72;48;2;57;60;75m▕[38;2;28;36;47;48;2;48;52;68m▝[38;2;50;54;71;48;2;16;23;31m▅[38;2;49;55;73;48;2;15;20;26m▆[38;2;27;31;42;48;2;49;55;73m▔[38;2;55;60;77;48;2;49;56;74m▗[38;2;57;61;79;48;2;47;56;74m▅[38;2;60;64;81;48;2;55;61;79m▅[38;2;58;63;80;48;2;55;60;77m▏[38;2;52;58;75;48;2;38;44;56m▊[38;2;25;30;39;48;2;50;55;70m▔[38;2;54;57;71;48;2;15;19;26m▅[38;2;56;56;69;48;2;11;14;19m▄[38;2;60;63;78;48;2;14;17;22m▂[38;2;49;44;53;48;2;13;16;21m▁[38;2;9;13;19;48;2;44;51;66m▆[38;2;16;20;26;48;2;57;63;80m▅[38;2;13;18;24;48;2;54;59;76m▃[38;2;12;16;22;48;2;52;58;76m▂[38;2;18;21;27;48;2;47;55;73m▁[38;2;45;48;61m▁[38;2;38;43;55;48;2;49;56;75m▁[38;2;22;22;29;48;2;49;56;74m▁[38;2;23;23;29;48;2;46;52;70m▂[38;2;11;15;22;48;2;45;50;67m▂[38;2;14;20;27;48;2;48;53;70m▄[38;2;13;16;22;48;2;42;48;63m▅[38;2;31;33;41;48;2;14;16;20m▘[38;2;34;33;40;48;2;11;13;18m▁[38;2;56;56;69;48;2;14;15;19m▂[38;2;52;53;66;48;2;15;16;21m▃[38;2;27;27;32;48;2;11;14;20m▎[38;2;12;18;26;48;2;5;12;19m▔[38;2;7;14;20;48;2;3;10;17m▘[38;2;2;10;17;48;2;4;10;17m▁[38;2;8;14;20;48;2;5;11;17m▕[38;2;14;13;16;48;2;5;10;16m▁[38;2;3;8;14;48;2;3;7;13m▔[38;2;2;8;14;48;2;3;8;13m▁[38;2;4;10;16;48;2;33;40;54m▋[38;2;47;54;71;48;2;15;21;30m▆[0m
[38;2;25;36;48;48;2;53;65;83m▅[38;2;42;53;69;48;2;8;18;25m▂[38;2;43;55;71;48;2;10;19;27m▂[38;2;57;70;90;48;2;13;22;31m▖[38;2;13;22;32;48;2;11;19;26m▁[38;2;13;22;30;48;2;7;17;24m▔[38;2;5;14;22;48;2;13;22;30m▁[38;2;28;38;51;48;2;11;21;29m▁[38;2;17;27;37;48;2;14;24;34m▕[38;2;15;25;35;48;2;14;23;32m▔[38;2;15;25;34;48;2;10;19;27m▏[38;2;12;21;29;48;2;9;18;27m▕[38;2;14;23;32;48;2;12;20;27m▞[38;2;16;19;25;48;2;8;15;21m▔[38;2;10;14;19;48;2;14;18;23m▅[38;2;14;19;25;48;2;12;16;22m▗[38;2;10;15;21;48;2;11;16;23m▏[38;2;20;25;33;48;2;11;18;25m▕[38;2;35;42;56;48;2;14;22;30m▅[38;2;27;36;49;48;2;42;51;67m▄[38;2;52;63;83;48;2;22;31;43m▃[38;2;42;53;71;48;2;18;24;33m▆[38;2;13;20;29;48;2;45;58;77m▃[38;2;23;30;40;48;2;48;60;78m▆[38;2;24;32;44;48;2;10;17;25m▏[38;2;28;31;40;48;2;46;55;73m▎[38;2;56;64;83;48;2;51;61;81m▁[38;2;58;64;84;48;2;52;62;82m▂[38;2;57;64;83;48;2;54;63;83m▂[38;2;55;67;88m▔[38;2;54;63;83;48;2;55;66;87m▆[38;2;55;64;83;48;2;58;68;89m▄[38;2;64;76;100;48;2;58;66;86m▗[38;2;68;81;107;48;2;63;73;94m▖[38;2;59;66;86;48;2;66;75;97m▃[38;2;66;73;94;48;2;62;67;87m▖[38;2;69;74;96;48;2;62;67;85m▄[38;2;41;45;59;48;2;67;71;91m▔[38;2;61;62;77;48;2;69;69;86m▔[38;2;72;72;88;48;2;62;64;80m▄[38;2;70;67;83;48;2;60;61;78m▄[38;2;64;63;79;48;2;57;59;76m▃[38;2;60;60;77;48;2;56;58;76m▆[38;2;61;61;79;48;2;57;58;76m▗[38;2;60;60;78;48;2;58;60;77m▖[38;2;60;62;79;48;2;59;60;78m▝[38;2;76;72;88;48;2;63;64;80m▗[38;2;77;73;90;48;2;60;62;79m▃[38;2;68;67;83;48;2;56;60;76m▃[38;2;58;62;78;48;2;65;65;81m▘[38;2;54;58;73;48;2;62;64;80m▕[38;2;48;50;64m▏[38;2;65;67;83;48;2;66;67;83m▏[38;2;60;63;78;48;2;65;66;82m▔[38;2;20;25;30;48;2;61;61;75m▝[38;2;21;24;31;48;2;31;34;44m▊[38;2;59;59;72;48;2;12;16;21m▄[38;2;69;66;80;48;2;12;15;20m▃[38;2;51;51;63;48;2;14;16;21m▂[38;2;53;54;67;48;2;17;18;22m▁[38;2;20;23;31;48;2;13;16;21m▁[38;2;32;31;40;48;2;11;14;19m▁[38;2;52;49;61;48;2;12;15;19m▂[38;2;53;51;62;48;2;16;17;22m▃[38;2;56;55;69;48;2;15;16;20m▄[38;2;35;33;40;48;2;25;22;26m▎[38;2;60;57;69;48;2;31;32;39m▄[38;2;57;57;69;48;2;36;38;46m▞[38;2;56;60;76;48;2;62;64;79m▕[38;2;43;44;55;48;2;55;59;75m▔[38;2;57;56;69;48;2;11;15;20m▍[38;2;13;15;22;48;2;4;11;17m▏[38;2;8;14;19;48;2;4;11;18m▁[38;2;13;15;20;48;2;3;10;16m▖[38;2;7;11;17;48;2;16;17;21m▊[38;2;16;17;22;48;2;8;11;16m▖[38;2;7;10;15;48;2;16;14;18m▆[38;2;5;10;16;48;2;9;12;16m▁[38;2;6;13;19;48;2;50;56;72m▊[38;2;45;51;65;48;2;64;68;85m▗[0m
[38;2;58;69;87;48;2;61;73;93m▔[38;2;59;70;90;48;2;64;76;98m▃[38;2;58;71;91;48;2;62;74;95m▝[38;2;62;74;95;48;2;24;34;44m▍[38;2;24;27;34;48;2;57;68;87m▌[38;2;23;33;43;48;2;60;71;91m▔[38;2;53;63;83;48;2;12;21;29m▆[38;2;53;63;82;48;2;32;41;55m▆[38;2;55;65;85;48;2;14;24;34m▅[38;2;55;66;86;48;2;29;39;52m▃[38;2;55;66;87;48;2;14;24;34m▄[38;2;68;83;108;48;2;33;41;54m▖[38;2;22;30;41;48;2;11;19;27m▏[38;2;14;17;22;48;2;9;14;20m▗[38;2;9;14;19;48;2;3;10;16m▘[38;2;24;26;32;48;2;12;17;23m▕[38;2;45;55;72;48;2;25;29;37m▗[38;2;53;63;82;48;2;13;20;27m▄[38;2;44;54;73;48;2;21;27;36m▖[38;2;15;22;30;48;2;62;72;94m▅[38;2;59;70;89;48;2;32;39;51m▂[38;2;64;73;95;48;2;22;27;36m▄[38;2;61;70;90;48;2;34;36;47m▆[38;2;53;56;70;48;2;58;65;84m▁[38;2;45;52;68;48;2;18;25;34m▎[38;2;15;21;30;48;2;64;67;85m▍[38;2;71;72;91;48;2;60;66;85m▅[38;2;75;74;92;48;2;66;69;88m▂[48;2;68;71;91m▁[38;2;69;74;95;48;2;67;70;89m▝[38;2;69;74;94;48;2;61;65;84m▎[38;2;57;61;80;48;2;56;63;82m▅[38;2;58;65;85;48;2;58;63;81m▔[38;2;64;73;94;48;2;61;63;81m▔[38;2;62;64;82;48;2;56;61;79m▅[38;2;71;76;96;48;2;62;66;85m▗[38;2;67;69;88;48;2;71;75;97m▃[38;2;81;84;108;48;2;76;79;102m▃[38;2;84;86;109;48;2;79;82;106m▆[38;2;90;89;113;48;2;78;75;93m▅[38;2;80;77;95;48;2;83;74;91m▘[38;2;68;64;82;48;2;85;73;90m▝[38;2;87;73;90;48;2;62;60;79m▄[38;2;80;69;87;48;2;68;63;82m▅[38;2;77;67;86;48;2;63;61;80m▃[38;2;81;69;87;48;2;66;63;81m▃[38;2;94;76;93;48;2;78;70;87m▁[38;2;114;89;105;48;2;90;78;95m▁[38;2;99;83;100;48;2;78;72;87m▅[38;2;82;74;89;48;2;72;68;84m▖[38;2;79;73;88;48;2;68;67;83m▄[38;2;77;72;86m▅[38;2;80;71;85;48;2;71;69;84m▂[38;2;81;73;86;48;2;71;68;83m▃[38;2;82;74;88;48;2;71;69;83m▃[38;2;61;57;68;48;2;33;33;40m▎[38;2;64;59;71;48;2;76;70;85m▏[38;2;76;71;86;48;2;73;69;83m▎[38;2;72;67;82;48;2;66;64;80m▅[38;2;69;65;80;48;2;62;61;77m▆[38;2;61;57;71;48;2;35;36;44m▊[38;2;58;52;65;48;2;38;37;45m▕[38;2;73;63;77;48;2;67;61;75m▄[38;2;80;67;79;48;2;63;60;74m▄[38;2;65;60;73;48;2;32;31;36m▘[38;2;20;20;24;48;2;56;51;62m▘[38;2;59;59;75;48;2;71;66;80m▖[38;2;62;60;75;48;2;36;36;44m▖[38;2;36;37;46;48;2;56;56;71m▂[38;2;67;64;79;48;2;58;60;76m▗[38;2;71;63;75;48;2;24;25;30m▌[38;2;21;21;26;48;2;7;12;18m▎[38;2;17;19;25;48;2;8;13;19m▁[38;2;8;14;20;48;2;7;13;19m▂[38;2;13;14;19;48;2;7;11;17m▔[38;2;19;20;24;48;2;5;11;17m▘[38;2;10;14;20;48;2;5;9;15m▔[38;2;6;11;16;48;2;4;8;14m▏[38;2;17;22;31;48;2;5;11;18m▕[38;2;35;42;55;48;2;61;64;81m▅[0m
[38;2;66;77;97;48;2;62;72;92m▅[38;2;19;29;41;48;2;53;62;80m▅[38;2;20;26;34;48;2;55;65;83m▆[38;2;38;48;62;48;2;23;30;40m▘[38;2;42;40;47;48;2;59;68;87m▍[38;2;63;72;92;48;2;67;76;96m▌[38;2;60;69;89;48;2;69;77;98m▔[38;2;67;76;96;48;2;57;66;86m▅[38;2;65;73;92;48;2;61;69;88m▁[38;2;65;73;94;48;2;56;65;85m▃[38;2;43;53;70;48;2;50;58;76m▝[38;2;40;49;65;48;2;13;22;32m▍[38;2;10;16;21;48;2;6;13;20m▁[38;2;15;17;23;48;2;6;11;17m▖[38;2;11;14;20;48;2;6;13;19m▖[38;2;48;42;44;48;2;20;23;29m▗[38;2;48;42;47;48;2;53;63;82m▏[38;2;18;27;37;48;2;52;60;78m▝[38;2;55;62;81;48;2;18;24;32m▅[38;2;67;76;99;48;2;42;47;61m▆[38;2;53;58;75;48;2;68;78;102m▁[38;2;61;68;88;48;2;70;80;103m▁[38;2;58;64;81;48;2;69;79;102m▕[38;2;43;50;64;48;2;73;82;105m▘[38;2;70;79;100;48;2;23;29;38m▌[38;2;45;46;57;48;2;74;80;101m▌[38;2;82;90;115;48;2;76;78;98m▅[38;2;84;89;113;48;2;80;80;100m▃[38;2;82;86;109;48;2;80;76;95m▆[38;2;85;92;116;48;2;82;83;104m▖[38;2;86;86;107;48;2;74;76;96m▆[38;2;89;82;101;48;2;66;67;84m▅[38;2;93;93;116;48;2;74;69;85m▄[38;2;96;94;116;48;2;79;71;87m▃[38;2;94;84;100;48;2;74;68;84m▃[38;2;77;68;85;48;2;67;65;82m▃[38;2;66;65;83;48;2;74;69;87m▘[38;2;75;70;88;48;2;85;86;110m▆[38;2;95;95;119;48;2;84;79;100m▝[38;2;97;93;116;48;2;104;99;123m▎[38;2;106;97;120;48;2;95;84;103m▆[38;2;102;90;110;48;2;101;83;101m▌[38;2;91;74;93;48;2;107;83;100m▝[38;2;126;88;103;48;2;94;75;93m▃[38;2;150;94;105;48;2;102;77;95m▃[38;2;123;86;99;48;2;100;78;94m▅[38;2;104;82;98;48;2;124;91;106m▔[38;2;117;90;104;48;2;104;83;96m▊[38;2;106;80;90;48;2;93;77;91m▁[38;2;96;76;87;48;2;84;73;87m▄[38;2;100;78;88;48;2;91;74;86m▖[38;2;98;76;87;48;2;86;71;83m▖[38;2;87;72;84;48;2;81;67;79m▘[38;2;84;68;80;48;2;77;66;79m▄[38;2;85;69;79;48;2;89;73;84m▕[38;2;80;64;74;48;2;51;44;52m▎[38;2;60;52;63;48;2;82;69;82m▖[38;2;69;63;79;48;2;79;68;83m▆[38;2;64;60;76;48;2;73;64;80m▅[38;2;76;65;79;48;2;62;59;75m▝[38;2;65;55;66;48;2;71;62;77m▕[38;2;53;47;56;48;2;94;72;81m▋[38;2;75;57;64;48;2;104;79;88m▗[38;2;87;68;78;48;2;30;28;34m▘[38;2;21;20;23;48;2;53;49;61m▘[38;2;69;63;79;48;2;60;58;74m▃[38;2;64;62;78;48;2;58;58;74m▂[38;2;55;56;72;48;2;39;40;49m▊[38;2;50;51;66;48;2;33;34;42m▝[38;2;55;56;72;48;2;69;64;80m▍[38;2;79;67;80;48;2;40;34;36m▌[38;2;30;29;34;48;2;10;15;22m▎[38;2;6;12;18;48;2;15;19;26m▂[38;2;3;10;17;48;2;12;17;24m▕[38;2;7;12;18;48;2;10;14;20m▔[38;2;3;10;17;48;2;2;8;15m▁[38;2;5;13;21;48;2;2;8;14m▗[48;2;3;9;16m▕[38;2;9;17;26;48;2;3;9;15m▕[38;2;11;19;29;48;2;30;40;55m▏[0m
[38;2;74;84;105;48;2;46;57;74m▊[38;2;13;23;33;48;2;6;13;21m▊[38;2;53;61;76;48;2;23;27;35m▗[38;2;45;54;68;48;2;17;23;31m▂[38;2;40;47;60;48;2;19;25;32m▔[38;2;18;24;32;48;2;44;49;59m▆[38;2;18;26;35;48;2;76;86;108m▄[38;2;79;85;104;48;2;82;89;110m▏[38;2;81;90;112;48;2;69;77;97m▅[38;2;77;85;107;48;2;67;76;98m▃[38;2;75;84;105;48;2;62;72;93m▄[38;2;36;46;61;48;2;5;13;21m▎[38;2;6;12;18;48;2;9;13;19m▁[38;2;12;16;22;48;2;6;11;17m▕[38;2;20;22;26;48;2;8;14;21m▁[38;2;27;29;34;48;2;67;59;64m▍[38;2;64;69;90;48;2;56;65;86m▃[38;2;63;68;88;48;2;57;65;85m▂[38;2;56;60;77;48;2;59;65;85m▔[38;2;29;32;41;48;2;52;55;69m▝[38;2;49;48;59;48;2;63;67;86m▔[38;2;66;74;96;48;2;62;66;86m▔[38;2;68;75;97;48;2;61;67;86m▔[48;2;60;65;84m▔[38;2;49;55;71;48;2;58;63;83m▔[38;2;50;53;67;48;2;57;62;81m▏[38;2;62;66;85;48;2;81;88;112m▄[38;2;69;73;93;48;2;85;91;115m▄[38;2;76;80;101;48;2;88;94;117m▖[38;2;94;97;120;48;2;89;94;119m▃[38;2;94;98;122;48;2;90;95;119m▄[38;2;96;99;123;48;2;93;97;121m▄[38;2;98;100;123;48;2;95;98;122m▁[38;2;97;96;118;48;2;87;86;108m▂[38;2;99;94;115;48;2;85;78;96m▃[38;2;110;106;127;48;2;89;75;91m▃[38;2;109;89;106;48;2;98;83;99m▗[38;2;117;101;119;48;2;90;77;96m▃[38;2;108;91;110;48;2;85;77;97m▂[38;2;121;105;124;48;2;98;88;109m▃[38;2;139;111;126;48;2;111;96;117m▁[38;2;118;103;124;48;2;118;99;117m▘[38;2;99;86;105;48;2;121;95;113m▁[38;2;106;85;104;48;2;154;99;110m▄[38;2;109;86;106;48;2;199;116;116m▃[38;2;49;43;54;48;2;125;86;99m▝[38;2;57;50;62;48;2;115;81;93m▆[38;2;36;36;46;48;2;122;85;94m▃[38;2;88;64;71;48;2;134;90;96m▁[38;2;146;96;100;48;2;104;77;87m▂[38;2;90;66;74;48;2;110;77;86m▁[38;2;138;89;95;48;2;106;77;86m▄[38;2;118;83;93;48;2;94;71;83m▃[38;2;113;82;93;48;2;90;70;83m▁[38;2;103;79;91;48;2;94;73;85m▗[38;2;100;76;86;48;2;49;40;45m▊[38;2;26;28;36;48;2;67;60;73m▎[38;2;74;70;87;48;2;68;64;80m▁[38;2;85;72;87;48;2;64;62;79m▂[38;2;87;73;87;48;2;70;64;80m▄[38;2;39;34;40;48;2;77;65;78m▁[38;2;26;24;30;48;2;71;58;66m▄[38;2;116;83;91;48;2;39;33;39m▗[38;2;97;74;82;48;2;47;41;48m▆[38;2;70;58;66;48;2;93;77;89m▍[38;2;90;78;92;48;2;79;69;84m▆[38;2;93;80;95;48;2;74;68;84m▄[38;2;87;77;91;48;2;63;62;78m▄[38;2;66;61;73;48;2;45;45;56m▅[38;2;56;53;64;48;2;70;66;82m▂[38;2;71;65;78;48;2;33;32;36m▋[38;2;22;25;32;48;2;11;16;22m▘[38;2;6;11;18;48;2;17;22;31m▌[38;2;18;23;31;48;2;12;16;22m▎[38;2;23;22;27;48;2;15;17;22m▏[38;2;6;12;19;48;2;3;10;17m▁[38;2;3;10;18;48;2;7;16;24m▋[38;2;7;15;24;48;2;3;9;16m▋[38;2;4;11;19;48;2;6;14;21m▏[38;2;17;26;36;48;2;40;49;65m▍[0m
[38;2;77;86;105;48;2;18;29;40m▋[38;2;25;28;35;48;2;12;19;26m▕[38;2;27;36;45;48;2;59;66;79m▗[38;2;53;61;75;48;2;23;31;40m▅[38;2;30;37;46;48;2;82;90;109m▍[38;2;19;30;40;48;2;78;87;104m▕[38;2;30;30;37;48;2;10;19;27m▕[38;2;92;99;119;48;2;77;84;105m▅[38;2;95;103;122;48;2;81;91;112m▄[38;2;85;94;115;48;2;90;99;119m▗[38;2;80;89;109;48;2;29;40;53m▊[38;2;10;20;30;48;2;5;11;18m▎[38;2;14;16;21;48;2;5;12;18m▍[38;2;28;24;27;48;2;10;15;21m▝[38;2;27;29;36;48;2;11;19;26m▕[38;2;67;58;61;48;2;81;80;97m▌[38;2;88;88;109;48;2;75;78;98m▁[38;2;84;83;103;48;2;71;74;94m▄[38;2;79;79;99;48;2;66;70;90m▅[38;2;79;79;97;48;2;66;67;84m▆[38;2;82;80;100;48;2;73;74;93m▄[38;2;69;70;89;48;2;82;81;100m▔[38;2;90;88;109;48;2;74;74;93m▃[38;2;106;104;125;48;2;76;75;95m▁[38;2;86;83;102;48;2;66;67;87m▂[38;2;79;75;93;48;2;65;67;86m▃[38;2;76;73;91;48;2;66;67;86m▆[38;2;78;76;95;48;2;87;85;105m▌[38;2;97;95;115;48;2;78;79;99m▆[38;2;95;90;109;48;2;100;100;121m▁[38;2;96;91;110;48;2;98;97;118m▁[38;2;90;86;106;48;2;100;100;122m▁[38;2;91;90;111;48;2;99;100;122m▃[38;2;96;94;114;48;2;105;105;126m▂[38;2;109;106;127;48;2;111;108;128m▏[38;2;104;100;120;48;2;107;104;124m▗[38;2;99;95;115;48;2;118;112;131m▖[38;2;116;110;129;48;2;125;117;136m▁[38;2;105;101;120;48;2;128;117;135m▂[38;2;59;68;89;48;2;117;105;122m▗[38;2;60;67;88;48;2;128;107;120m▅[38;2;91;81;101;48;2;55;63;84m▔[38;2;60;65;87;48;2;76;74;95m▅[38;2;108;89;109;48;2;91;83;104m▗[38;2;86;82;102;48;2;94;85;106m▗[38;2;65;58;73;48;2;74;73;93m▔[38;2;45;47;60;48;2;60;61;78m▕[38;2;42;45;57;48;2;24;31;41m▎[38;2;37;36;45;48;2;18;26;37m▔[38;2;25;30;40;48;2;113;76;83m▆[38;2;38;37;45;48;2;89;63;71m▅[38;2;38;36;45;48;2;160;97;98m▄[38;2;33;35;44;48;2;136;90;96m▂[38;2;69;53;59;48;2;132;92;99m▁[38;2;104;86;97;48;2;126;93;102m▁[38;2;69;63;75;48;2;96;82;97m▁[38;2;65;65;81;48;2;38;36;43m▝[38;2;25;27;33;48;2;77;74;90m▃[38;2;24;22;27;48;2;73;67;81m▄[38;2;36;34;41;48;2;70;60;70m▆[38;2;104;87;98;48;2;31;27;32m▄[38;2;126;95;105;48;2;71;55;61m▆[38;2;142;102;108;48;2;125;95;105m▌[38;2;113;91;102;48;2;87;76;90m▃[38;2;54;52;61;48;2;68;65;81m▖[38;2;64;66;84;48;2;62;65;83m▋[38;2;64;65;83;48;2;84;75;90m▆[38;2;88;77;91;48;2;66;65;82m▔[38;2;78;69;84;48;2;63;63;80m▔[38;2;40;42;53;48;2;53;55;70m▗[38;2;34;31;35;48;2;59;58;70m▕[38;2;22;21;25;48;2;14;16;22m▏[38;2;11;16;22;48;2;20;25;33m▅[38;2;20;24;32;48;2;14;18;25m▊[38;2;30;25;28;48;2;15;17;22m▔[38;2;14;16;21;48;2;7;12;18m▔[38;2;6;12;19;48;2;7;14;22m▖[38;2;9;18;26;48;2;10;19;27m▎[38;2;7;15;23;48;2;9;17;25m▗[38;2;9;17;25;48;2;36;44;59m▌[0m
[38;2;61;71;88;48;2;14;24;33m▘[38;2;13;20;28;48;2;11;17;23m▎[38;2;11;20;27;48;2;8;16;23m▁[38;2;7;14;21;48;2;10;18;25m▏[38;2;50;54;63;48;2;22;26;31m▕[38;2;23;34;45;48;2;88;95;115m▕[38;2;29;28;35;48;2;14;23;31m▕[38;2;101;92;102;48;2;91;98;119m▏[38;2;88;95;115;48;2;95;103;122m▆[38;2;37;40;49;48;2;89;95;111m▅[38;2;84;90;106;48;2;14;22;31m▘[38;2;12;17;23;48;2;5;12;19m▕[38;2;24;25;29;48;2;11;16;22m▏[38;2;21;22;27;48;2;13;18;25m▖[38;2;15;21;29;48;2;50;45;48m▋[38;2;80;65;65;48;2;93;96;115m▎[38;2;94;99;120;48;2;106;111;132m▅[38;2;114;114;133;48;2;95;98;119m▂[38;2;113;110;130;48;2;92;92;113m▂[38;2;119;111;129;48;2;94;93;113m▂[38;2;108;101;122;48;2;99;91;111m▁[38;2;107;97;117;48;2;91;88;108m▃[38;2;111;98;119;48;2;94;90;111m▂[38;2;106;98;119;48;2;96;92;113m▄[38;2;109;102;123;48;2;120;111;131m▌[38;2;130;116;134;48;2;97;90;108m▄[38;2;127;110;128;48;2;100;86;102m▃[38;2;120;102;119;48;2;100;84;100m▖[38;2;116;95;112;48;2;93;80;97m▃[38;2;57;63;83;48;2;90;80;98m▂[38;2;90;80;98;48;2;58;64;84m▎[38;2;49;58;78;48;2;75;74;93m▆[38;2;89;85;104;48;2;59;65;85m▝[38;2;103;93;113;48;2;92;87;106m▃[38;2;109;103;122;48;2;99;93;112m▝[38;2;93;87;105;48;2;102;96;115m▕[38;2;63;63;78;48;2;95;92;111m▃[38;2;68;74;95;48;2;100;96;115m▅[38;2;78;82;103;48;2;64;71;92m▏[38;2;62;70;91;48;2;58;67;88m▋[38;2;51;59;78;48;2;55;64;85m▕[38;2;52;53;66;48;2;54;62;81m▁[38;2;38;42;55;48;2;68;67;87m▂[38;2;113;86;100;48;2;74;71;90m▔[38;2;84;80;100;48;2;74;77;98m▝[38;2;83;85;106;48;2;75;76;97m▃[38;2;46;51;66;48;2;73;76;96m▗[38;2;67;68;85;48;2;26;31;41m▍[38;2;25;29;38;48;2;15;24;34m▏[38;2;36;42;53;48;2;19;28;38m▘[38;2;43;46;56;48;2;18;26;36m▏[38;2;29;30;36;48;2;21;26;34m▔[38;2;28;31;38;48;2;22;27;35m▕[38;2;19;27;36;48;2;26;28;35m▁[38;2;34;33;39;48;2;26;28;36m▔[38;2;58;53;59;48;2;35;37;45m▕[38;2;49;53;66;48;2;39;35;39m▗[38;2;56;57;71;48;2;26;28;34m▎[38;2;18;18;23;48;2;80;76;91m▕[38;2;22;22;27;48;2;95;87;102m▎[38;2;45;50;63;48;2;95;89;106m▄[38;2;38;44;56;48;2;69;72;91m▂[38;2;26;33;44;48;2;88;81;97m▂[38;2;43;49;64;48;2;90;82;98m▃[38;2;63;61;76;48;2;80;74;92m▔[38;2;86;75;92;48;2;77;71;88m▖[38;2;40;47;62;48;2;66;65;83m▂[38;2;65;66;83;48;2;58;64;84m▕[38;2;47;54;70;48;2;58;64;82m▖[38;2;76;80;97;48;2;54;58;74m▂[38;2;58;58;70;48;2;29;26;31m▊[38;2;34;28;31;48;2;16;16;21m▗[38;2;56;49;54;48;2;23;23;28m▖[38;2;29;24;26;48;2;16;17;22m▁[38;2;27;23;26;48;2;11;13;18m▔[38;2;10;14;20;48;2;3;8;15m▁[38;2;5;12;18;48;2;12;16;23m▏[38;2;5;13;20;48;2;8;16;24m▋[38;2;14;19;27;48;2;5;12;19m▔[38;2;7;15;23;48;2;25;33;45m▊[0m
[38;2;3;11;18;48;2;15;20;27m▊[38;2;11;19;25;48;2;9;16;21m▞[38;2;9;16;22;48;2;14;22;30m▏[38;2;18;26;34;48;2;13;21;29m▋[38;2;33;36;42m▔[38;2;24;29;35;48;2;65;71;86m▅[38;2;49;49;54;48;2;22;28;36m▂[38;2;76;69;77;48;2;81;90;112m▏[38;2;87;93;114;48;2;76;86;108m▔[38;2;76;84;105;48;2;50;57;70m▊[38;2;45;52;66;48;2;11;19;28m▏[38;2;5;11;17;48;2;14;16;21m▌[38;2;13;16;22;48;2;20;20;25m▅[38;2;18;21;27;48;2;10;17;24m▁[38;2;22;26;32;48;2;65;56;60m▊[38;2;66;73;93;48;2;110;108;123m▄[38;2;56;64;84;48;2;97;99;118m▄[38;2;50;59;78;48;2;96;99;118m▄[38;2;67;71;91;48;2;115;110;129m▃[38;2;99;97;117;48;2;134;122;139m▃[38;2;107;103;122;48;2;142;127;143m▄[38;2;120;106;125;48;2;141;124;141m▄[38;2;135;118;136;48;2;126;108;127m▘[38;2;132;101;120;48;2;122;101;121m▕[38;2;155;106;119;48;2;118;101;121m▃[38;2;136;110;129;48;2;121;107;127m▃[38;2;136;114;133;48;2;141;123;142m▅[38;2;127;107;124;48;2;144;119;136m▔[38;2;142;109;124;48;2;76;69;89m▋[38;2;58;60;81;48;2;53;61;82m▎[38;2;48;57;77;48;2;52;60;81m▝[38;2;52;62;82;48;2;47;57;77m▄[38;2;59;67;87;48;2;53;63;84m▃[38;2;59;68;90;48;2;83;85;104m▆[38;2;57;62;79;48;2;78;81;102m▖[38;2;66;72;92;48;2;103;99;117m▅[38;2;73;80;101;48;2;60;64;81m▃[38;2;74;77;97;48;2;44;50;64m▃[38;2;35;41;53;48;2;53;58;75m▄[38;2;27;34;44;48;2;65;71;92m▂[38;2;36;42;54;48;2;56;61;79m▆[38;2;39;46;57;48;2;26;32;43m▁[38;2;17;25;34;48;2;32;36;44m▕[38;2;30;35;44;48;2;40;43;55m▆[38;2;33;39;49;48;2;59;64;83m▆[38;2;34;40;49;48;2;83;84;105m▆[38;2;50;54;68;48;2;29;35;44m▔[38;2;35;37;45;48;2;23;31;41m▎[38;2;24;32;43;48;2;28;37;48m▁[38;2;33;41;52;48;2;23;32;43m▃[38;2;27;34;45;48;2;19;30;40m▃[38;2;35;41;51;48;2;20;29;40m▁[38;2;31;39;50;48;2;23;30;39m▃[38;2;37;43;53;48;2;22;28;38m▄[38;2;33;40;50;48;2;22;30;39m▖[38;2;39;46;56;48;2;21;29;39m▖[38;2;38;47;60;48;2;27;35;47m▁[38;2;32;38;48;48;2;25;25;31m▎[38;2;21;27;36;48;2;27;33;43m▞[38;2;27;35;46;48;2;21;26;34m▗[38;2;28;38;48;48;2;24;33;42m▏[38;2;21;28;38;48;2;28;34;43m▕[38;2;19;27;35;48;2;28;36;46m▁[38;2;28;34;43;48;2;61;67;84m▅[38;2;19;27;36;48;2;57;61;76m▄[38;2;59;60;76;48;2;24;31;41m▘[38;2;20;28;38;48;2;51;57;74m▅[38;2;24;31;41;48;2;47;51;65m▆[38;2;43;47;59;48;2;72;74;89m▘[38;2;79;85;103;48;2;86;88;105m▁[38;2;84;88;106;48;2;52;51;58m▋[38;2;31;32;37;48;2;25;19;22m▍[38;2;65;58;66;48;2;32;28;32m▔[38;2;28;24;27;48;2;23;24;29m▔[38;2;20;21;28;48;2;16;17;22m▃[38;2;9;12;17;48;2;4;9;15m▏[38;2;8;13;19;48;2;11;15;21m▁[38;2;18;21;27;48;2;10;15;22m▕[38;2;8;15;22;48;2;3;8;14m▍[38;2;3;8;15;48;2;28;38;50m▊[0m
[38;2;3;10;16;48;2;19;24;29m▌[38;2;15;20;25;48;2;8;15;21m▎[38;2;17;22;28;48;2;12;19;25m▂[38;2;11;18;23;48;2;15;22;29m▆[38;2;9;16;23;48;2;6;14;19m▔[38;2;13;18;24;48;2;11;17;23m▏[38;2;52;50;56;48;2;19;25;32m▝[38;2;64;56;58;48;2;60;68;85m▖[38;2;62;74;97;48;2;78;89;111m▅[38;2;70;80;102;48;2;23;32;45m▊[38;2;14;21;30;48;2;6;11;17m▎[38;2;22;22;26;48;2;16;17;22m▝[38;2;13;18;25;48;2;4;10;17m▎[38;2;8;15;22;48;2;22;23;29m▊[38;2;24;23;28;48;2;76;72;85m▋[38;2;59;67;87;48;2;68;76;99m▝[38;2;69;76;98;48;2;55;63;83m▃[38;2;60;67;87;48;2;51;59;79m▎[38;2;69;66;85;48;2;53;58;78m▕[38;2;54;59;78;48;2;112;97;115m▄[38;2;89;76;95;48;2;123;100;117m▖[38;2;168;108;118;48;2;134;110;126m▁[38;2;145;112;127;48;2;166;117;128m▋[38;2;208;129;130;48;2;154;106;119m▆[38;2;231;141;131;48;2;188;112;118m▄[38;2;205;123;122;48;2;160;106;118m▃[38;2;194;113;115;48;2;150;107;120m▖[38;2;77;70;89;48;2;141;111;127m▆[38;2;86;75;94;48;2;61;64;86m▏[38;2;61;66;88;48;2;57;64;86m▖[38;2;63;69;90;48;2;56;64;86m▃[38;2;64;68;88;48;2;61;67;88m▕[38;2;63;68;87;48;2;43;49;62m▃[38;2;21;29;40;48;2;58;65;82m▆[38;2;20;27;38;48;2;47;51;64m▅[38;2;29;34;43;48;2;52;60;77m▆[38;2;63;67;84;48;2;26;32;42m▔[38;2;67;63;75;48;2;28;34;44m▔[38;2;22;28;38;48;2;38;44;55m▅[38;2;29;34;42;48;2;24;30;40m▕[38;2;36;45;57;48;2;23;29;37m▘[38;2;17;23;31;48;2;30;38;48m▅[38;2;40;46;55;48;2;23;29;38m▘[38;2;20;25;34;48;2;32;38;48m▅[48;2;30;36;45m▅[38;2;18;23;31;48;2;27;33;42m▁[38;2;47;56;70;48;2;30;34;43m▔[38;2;23;27;35;48;2;38;42;51m▆[38;2;35;43;54;48;2;19;23;31m▔[38;2;44;51;63;48;2;24;28;36m▔[38;2;29;32;40;48;2;43;47;56m▅[38;2;25;28;35;48;2;42;45;54m▅[38;2;22;26;35;48;2;42;48;59m▆[38;2;16;22;30;48;2;33;39;48m▆[38;2;33;40;50;48;2;18;25;33m▔[38;2;14;21;29;48;2;28;37;47m▅[38;2;14;22;29;48;2;27;35;45m▅[38;2;37;32;38;48;2;24;24;29m▎[38;2;15;18;24;48;2;24;26;33m▅[38;2;16;23;32;48;2;12;18;25m▕[38;2;18;25;33;48;2;13;21;29m▏[38;2;31;36;44;48;2;19;27;35m▁[38;2;14;21;29;48;2;20;25;33m▁[38;2;13;21;29;48;2;20;27;36m▆[38;2;16;25;33;48;2;12;20;28m▕[38;2;20;28;38;48;2;16;24;32m▕[38;2;48;57;72;48;2;21;28;37m▁[38;2;32;41;53;48;2;45;54;69m▌[38;2;43;51;66;48;2;69;76;94m▂[38;2;74;80;99;48;2;67;75;94m▔[38;2;69;76;94;48;2;64;60;66m▊[38;2;33;33;38;48;2;15;13;16m▌[38;2;20;18;23;48;2;26;21;25m▁[38;2;27;29;37;48;2;22;25;32m▁[38;2;25;28;37;48;2;16;20;28m▁[38;2;15;21;30;48;2;6;12;18m▖[38;2;3;9;15;48;2;7;12;19m▁[38;2;3;10;16;48;2;7;14;21m▊[38;2;6;13;20;48;2;2;6;12m▋[38;2;12;21;29;48;2;2;7;12m▕[0m
[38;2;8;13;20;48;2;16;22;27m▎[38;2;12;19;24;48;2;6;12;17m▔[38;2;13;20;25;48;2;8;14;19m▋[38;2;10;17;23;48;2;8;16;21m▗[38;2;5;13;18;48;2;4;11;16m▔[38;2;14;19;25;48;2;3;9;15m▎[38;2;5;11;18;48;2;24;29;36m▋[38;2;52;48;51;48;2;61;62;74m▖[38;2;57;69;91;48;2;63;72;95m▊[38;2;57;67;87;48;2;17;24;33m▍[38;2;18;19;25;48;2;12;16;21m▕[38;2;15;16;22;48;2;11;15;21m▔[38;2;9;16;23;48;2;3;10;16m▆[38;2;12;19;26;48;2;8;14;20m▎[38;2;24;23;28;48;2;60;62;78m▍[38;2;61;68;88;48;2;53;63;83m▝[38;2;64;70;92;48;2;51;60;80m▘[38;2;59;66;88;48;2;53;61;81m▗[38;2;63;69;91;48;2;54;60;81m▃[38;2;59;64;84;48;2;54;59;79m▄[38;2;113;83;98;48;2;65;64;84m▝[38;2;83;72;91;48;2;173;109;115m▂[38;2;65;65;86;48;2;159;100;109m▅[38;2;97;77;90;48;2;195;112;113m▄[38;2;163;100;104;48;2;234;163;143m▂[38;2;208;125;117;48;2;129;88;101m▘[38;2;102;80;99;48;2;92;76;95m▂[38;2;83;77;98;48;2;76;73;94m▂[38;2;95;78;97;48;2;72;72;93m▂[38;2;71;71;93;48;2;70;71;92m▏[38;2;77;75;96;48;2;72;72;92m▁[38;2;75;79;100m▝[38;2;95;98;118;48;2;74;79;99m▄[38;2;35;42;53;48;2;85;89;108m▔[38;2;73;77;94;48;2;23;26;35m▄[38;2;76;78;93;48;2;21;26;34m▁[38;2;33;31;39;48;2;20;24;32m▖[38;2;26;31;40;48;2;16;22;30m▁[38;2;18;23;32;48;2;13;20;28m▔[38;2;18;23;30;48;2;13;20;27m▏[38;2;12;20;28;48;2;15;21;30m▃[38;2;22;28;36;48;2;13;20;28m▗[38;2;20;27;36;48;2;16;23;31m▁[38;2;36;37;44;48;2;16;22;29m▖[38;2;20;27;36;48;2;13;20;27m▁[38;2;10;18;25;48;2;15;21;29m▁[38;2;8;17;24m▁[38;2;35;37;43;48;2;21;26;33m▗[38;2;24;29;37;48;2;17;23;31m▗[38;2;28;33;41;48;2;19;25;33m▄[38;2;25;30;39;48;2;9;17;25m▆[38;2;32;37;45;48;2;16;23;30m▁[38;2;35;39;48;48;2;18;24;32m▁[38;2;35;37;44m▁[38;2;30;33;41;48;2;19;24;32m▂[38;2;20;26;33;48;2;16;22;30m▖[38;2;27;29;37m▁[38;2;41;39;45;48;2;20;25;32m▁[38;2;34;32;39;48;2;22;23;28m▏[38;2;25;30;38;48;2;12;20;27m▃[38;2;30;32;39;48;2;17;23;31m▂[38;2;19;24;31;48;2;30;34;42m▎[38;2;36;38;45;48;2;21;27;35m▁[38;2;21;28;37;48;2;15;22;31m▗[38;2;21;30;41;48;2;20;28;37m▁[38;2;49;58;74;48;2;26;33;44m▄[38;2;49;59;76;48;2;41;50;65m▖[38;2;34;44;57;48;2;59;67;84m▘[38;2;43;52;66;48;2;76;83;100m▘[38;2;83;89;106;48;2;58;65;82m▆[38;2;71;77;95;48;2;85;87;103m▎[38;2;75;72;80;48;2;21;20;24m▏[38;2;31;26;31;48;2;15;16;21m▗[38;2;22;23;29;48;2;29;29;36m▁[38;2;25;26;33;48;2;23;26;34m▔[38;2;17;24;32;48;2;6;12;19m▋[38;2;8;15;23;48;2;3;10;17m▖[38;2;6;11;17;48;2;3;9;15m▔[38;2;4;11;18;48;2;4;12;20m▎[38;2;3;10;17;48;2;2;7;13m▕[0m
[38;2;16;21;28;48;2;11;17;22m▋[38;2;16;21;25;48;2;7;13;18m▅[38;2;23;25;30;48;2;11;16;21m▖[38;2;13;19;24;48;2;11;16;20m▔[38;2;12;17;22;48;2;5;12;16m▕[38;2;15;17;22;48;2;7;12;17m▏[38;2;10;16;20;48;2;24;26;30m▊[38;2;44;41;43;48;2;60;66;82m▌[38;2;40;53;70;48;2;54;66;87m▕[38;2;23;33;46;48;2;12;18;25m▏[38;2;8;12;18;48;2;12;16;22m▅[38;2;10;14;21;48;2;7;12;18m▔[38;2;8;15;22;48;2;5;11;17m▘[38;2;10;15;22;48;2;6;11;18m▔[38;2;44;35;37;48;2;62;66;82m▏[38;2;53;64;84;48;2;49;60;80m▁[38;2;48;59;79m▌[38;2;59;66;88;48;2;50;60;81m▝[38;2;53;62;82;48;2;68;73;95m▆[38;2;64;71;94;48;2;54;63;84m▘[38;2;52;62;83;48;2;64;70;92m▄[38;2;51;61;81;48;2;58;65;86m▁[38;2;53;60;82;48;2;57;65;86m▝[38;2;55;62;84;48;2;59;64;85m▊[38;2;106;77;92;48;2;61;64;85m▔[38;2;69;67;87;48;2;117;84;100m▅[38;2;65;69;91;48;2;116;86;103m▂[38;2;113;88;105;48;2;96;84;104m▕[38;2;127;91;105;48;2;107;85;103m▕[38;2;131;107;123;48;2;93;80;98m▃[38;2;107;101;121;48;2;88;83;102m▅[38;2;85;83;103;48;2;93;94;114m▂[38;2;87;89;108;48;2;59;59;73m▊[38;2;79;84;101;48;2;40;48;62m▝[38;2;74;81;100;48;2;94;97;116m▗[38;2;72;73;85;48;2;87;90;107m▝[38;2;77;84;104;48;2;53;55;66m▖[38;2;40;43;52;48;2;27;32;40m▎[38;2;24;29;37;48;2;16;22;29m▏[38;2;27;27;33;48;2;18;25;33m▁[38;2;17;23;31;48;2;26;30;39m▊[38;2;35;38;45;48;2;13;21;28m▝[38;2;24;28;36;48;2;16;22;30m▘[38;2;36;39;48;48;2;26;30;37m▖[38;2;31;33;40;48;2;19;24;31m▘[38;2;21;24;31;48;2;32;36;44m▅[38;2;19;22;29;48;2;34;38;46m▅[38;2;26;28;36;48;2;50;53;61m▋[38;2;7;15;23;48;2;22;26;33m▁[38;2;21;25;32;48;2;42;44;52m▊[38;2;41;43;51;48;2;22;26;33m▎[38;2;18;22;30;48;2;39;36;43m▅[38;2;21;24;31;48;2;38;39;47m▆[38;2;18;22;29;48;2;34;35;41m▆[38;2;28;31;39;48;2;30;33;41m▔[38;2;22;25;33;48;2;15;21;29m▝[38;2;11;19;26;48;2;38;32;37m▆[48;2;33;31;38m▆[38;2;27;26;30;48;2;15;21;28m▎[38;2;18;24;31;48;2;16;21;29m▕[38;2;30;30;37;48;2;14;21;30m▔[38;2;47;44;50;48;2;29;31;38m▕[38;2;32;35;44;48;2;17;24;32m▏[38;2;49;58;76;48;2;22;30;41m▗[38;2;33;42;55;48;2;52;61;79m▍[38;2;30;40;53;48;2;40;49;64m▞[38;2;50;58;74;48;2;40;48;63m▔[38;2;60;68;85;48;2;47;55;71m▘[38;2;46;53;68;48;2;84;89;106m▄[38;2;77;84;102;48;2;46;54;70m▘[38;2;49;52;65;48;2;68;73;89m▆[38;2;36;29;32;48;2;7;10;15m▍[38;2;48;29;28;48;2;15;18;24m▕[38;2;18;14;17;48;2;30;27;33m▍[38;2;26;27;35;48;2;22;27;36m▏[38;2;20;26;36;48;2;11;18;26m▋[38;2;12;18;27;48;2;7;15;22m▌[38;2;2;8;15;48;2;7;13;21m▕[38;2;1;9;15;48;2;7;13;20m▏[38;2;4;12;19;48;2;2;7;12m▎[0m
[38;2;15;20;27;48;2;5;11;15m▍[38;2;8;14;19;48;2;13;18;23m▅[38;2;12;17;22;48;2;18;22;26m▆[38;2;13;17;22;48;2;11;16;20m▘[38;2;14;16;20;48;2;10;14;19m▕[38;2;18;19;23;48;2;12;15;20m▁[38;2;40;36;38;48;2;20;21;24m▕[38;2;53;45;46;48;2;54;67;87m▌[38;2;54;68;89;48;2;19;27;37m▋[38;2;15;19;27;48;2;11;15;21m▌[38;2;11;14;20;48;2;5;11;18m▂[38;2;18;20;25;48;2;8;13;19m▁[38;2;16;19;25;48;2;9;13;19m▏[38;2;59;56;64;48;2;13;16;22m▕[38;2;80;84;100;48;2;86;92;110m▔[38;2;58;60;71;48;2;75;81;100m▗[38;2;93;95;113;48;2;56;66;86m▄[38;2;89;93;113;48;2;63;72;92m▄[38;2;72;80;99;48;2;56;67;87m▄[38;2;58;68;88;48;2;53;62;82m▏[38;2;56;67;88;48;2;50;61;82m▃[38;2;52;64;85;48;2;47;59;79m▄[38;2;52;63;85;48;2;61;69;91m▄[38;2;58;68;88;48;2;61;71;92m▞[38;2;59;70;92;48;2;57;66;87m▅[38;2;56;64;85;48;2;57;68;90m▝[38;2;59;70;92;48;2;56;65;87m▆[38;2;60;69;92;48;2;69;73;94m▊[38;2;60;67;87;48;2;98;97;120m▆[38;2;51;59;77;48;2;80;83;104m▄[38;2;49;53;69;48;2;101;87;104m▅[38;2;46;49;62;48;2;94;79;96m▄[38;2;40;46;59;48;2;65;61;77m▆[38;2;41;48;63;48;2;29;38;51m▎[38;2;32;41;55;48;2;58;66;86m▅[38;2;35;45;60;48;2;61;70;91m▃[38;2;51;56;70;48;2;68;73;92m▁[38;2;40;42;51;48;2;20;24;32m▍[38;2;15;21;28;48;2;56;57;72m▎[38;2;17;24;35;48;2;14;21;30m▃[38;2;24;27;37;48;2;18;23;32m▁[38;2;16;23;33;48;2;12;19;28m▖[38;2;46;48;56;48;2;13;20;28m▕[38;2;42;43;51;48;2;30;29;34m▋[38;2;14;18;25;48;2;25;24;30m▋[38;2;38;39;45;48;2;32;30;37m▝[38;2;38;38;44;48;2;27;28;35m▘[38;2;41;40;47;48;2;12;19;26m▔[38;2;6;15;22;48;2;9;16;23m▕[38;2;19;26;33;48;2;11;19;26m▕[38;2;29;28;35;48;2;13;19;27m▝[38;2;38;39;45;48;2;32;29;35m▝[38;2;45;39;45;48;2;37;37;43m▁[38;2;32;32;39;48;2;20;22;29m▍[38;2;47;43;50;48;2;37;39;48m▂[38;2;19;22;30;48;2;14;20;27m▎[38;2;14;21;28;48;2;13;19;26m▕[38;2;29;28;32;48;2;15;20;27m▏[38;2;18;24;32;48;2;16;21;29m▁[38;2;26;26;31;48;2;15;22;29m▔[38;2;24;27;36;48;2;20;25;33m▁[38;2;47;39;44;48;2;29;32;41m▝[38;2;45;46;54;48;2;25;30;38m▎[38;2;40;50;66;48;2;30;36;47m▔[38;2;38;45;60;48;2;34;42;56m▏[38;2;39;47;63;48;2;37;44;57m▔[38;2;41;47;60m▂[38;2;45;49;63;48;2;37;45;59m▂[38;2;44;51;65;48;2;35;43;57m▃[38;2;47;54;70;48;2;40;47;61m▃[38;2;73;55;56;48;2;48;54;69m▕[38;2;54;38;37;48;2;12;12;17m▏[38;2;38;26;28;48;2;21;19;24m▕[38;2;21;17;21;48;2;21;20;25m▏[38;2;10;15;23;48;2;16;21;29m▅[38;2;18;26;36;48;2;12;19;27m▔[38;2;9;17;25;48;2;10;16;24m▕[38;2;10;18;26;48;2;8;15;23m▌[38;2;2;10;17;48;2;5;14;21m▘[38;2;2;6;12;48;2;5;11;17m▕[0m
[38;2;10;15;21;48;2;3;9;14m▏[38;2;5;12;16;48;2;9;16;21m▌[38;2;11;15;20;48;2;8;14;19m▝[38;2;12;16;20;48;2;11;15;20m▔[38;2;11;15;19;48;2;10;14;18m▕[38;2;12;15;20m▎[38;2;32;29;31;48;2;17;20;24m▂[38;2;46;42;46;48;2;57;71;92m▌[38;2;44;56;73;48;2;16;22;30m▍[38;2;12;18;26;48;2;12;16;22m▘[38;2;19;20;26;48;2;12;15;21m▖[38;2;16;17;22;48;2;20;20;26m▄[38;2;26;23;27;48;2;18;18;23m▗[38;2;31;27;30;48;2;71;74;87m▊[38;2;77;78;92;48;2;82;85;102m▖[38;2;78;82;97;48;2;36;35;42m▌[38;2;84;85;98;48;2;88;92;111m▏[38;2;89;93;111;48;2;73;81;101m▃[38;2;47;54;69;48;2;84;89;107m▗[38;2;83;86;101;48;2;42;49;64m▗[38;2;88;92;108;48;2;65;74;95m▅[38;2;105;105;122;48;2;74;82;101m▃[38;2;101;106;125;48;2;63;72;92m▃[38;2;78;90;112;48;2;71;83;105m▆[38;2;63;71;88;48;2;74;87;109m▁[38;2;27;34;45;48;2;57;67;85m▁[38;2;34;40;51;48;2;55;63;79m▃[38;2;37;47;61;48;2;58;69;89m▁[38;2;40;49;64;48;2;61;72;93m▅[38;2;58;67;85;48;2;34;43;57m▘[38;2;43;50;65;48;2;33;41;55m▘[38;2;34;41;53;48;2;40;49;63m▅[38;2;30;37;50;48;2;35;44;57m▅[38;2;34;40;52;48;2;28;36;48m▕[38;2;31;41;55;48;2;32;40;53m▔[38;2;36;43;56;48;2;35;42;55m▖[38;2;32;41;55;48;2;57;56;66m▋[38;2;39;39;48;48;2;27;26;32m▌[38;2;59;59;75;48;2;37;42;55m▝[38;2;29;34;45;48;2;25;31;41m▕[38;2;32;33;42;48;2;36;37;46m▔[38;2;24;25;33;48;2;17;22;31m▁[38;2;19;24;33;48;2;28;33;41m▊[38;2;48;44;50;48;2;42;34;38m▋[38;2;33;28;33;48;2;21;22;27m▝[38;2;14;19;26;48;2;35;31;38m▄[38;2;9;17;24;48;2;16;20;27m▕[38;2;11;19;27;48;2;10;17;25m▕[38;2;22;26;34;48;2;14;21;29m▕[38;2;19;22;29;48;2;20;25;34m▏[38;2;19;25;33;48;2;12;20;29m▂[38;2;22;25;32;48;2;13;20;27m▔[38;2;33;29;35;48;2;21;23;30m▘[38;2;19;22;29;48;2;32;28;34m▃[38;2;45;41;47;48;2;60;51;57m▌[38;2;40;36;41;48;2;20;23;30m▏[38;2;21;25;33;48;2;18;22;30m▁[38;2;21;26;34;48;2;15;20;28m▍[38;2;30;31;39;48;2;22;26;35m▁[38;2;23;28;36;48;2;18;24;32m▂[38;2;45;40;46;48;2;25;30;39m▁[38;2;54;47;53;48;2;36;37;46m▗[38;2;64;59;66;48;2;39;39;46m▎[38;2;65;59;71;48;2;34;35;45m▕[38;2;58;56;69;48;2;38;43;56m▖[38;2;49;55;71;48;2;38;44;58m▃[38;2;52;57;72;48;2;45;50;64m▃[38;2;53;60;76;48;2;40;47;62m▄[38;2;62;69;86;48;2;46;53;69m▃[38;2;70;77;96;48;2;49;56;72m▄[38;2;74;83;102;48;2;66;68;83m▂[38;2;44;33;34;48;2;19;21;28m▖[38;2;52;30;30;48;2;33;27;31m▕[38;2;27;25;31;48;2;17;18;23m▝[38;2;18;21;29;48;2;9;15;22m▅[38;2;15;17;24;48;2;20;25;34m▌[38;2;22;26;36;48;2;10;15;22m▘[38;2;4;12;18;48;2;9;15;23m▃[38;2;9;16;24;48;2;5;13;20m▏[38;2;3;11;18;48;2;2;9;15m▃[0m
[38;2;22;28;36;48;2;6;11;16m▁[38;2;7;12;17;48;2;18;24;29m▆[38;2;4;9;14;48;2;18;23;29m▅[38;2;3;9;14;48;2;17;21;27m▅[38;2;12;16;20;48;2;5;10;15m▝[38;2;8;12;16;48;2;14;19;25m▆[38;2;31;31;33;48;2;14;18;22m▝[38;2;56;48;50;48;2;65;77;96m▍[38;2;20;27;35;48;2;13;18;24m▏[38;2;13;15;20;48;2;15;19;26m▅[38;2;12;14;18;48;2;18;20;25m▅[38;2;23;21;25;48;2;17;17;22m▝[38;2;15;15;21;48;2;19;18;22m▕[38;2;32;28;32;48;2;90;92;107m▌[38;2;64;72;90;48;2;99;101;119m▗[38;2;96;98;116;48;2;50;51;63m▋[38;2;99;103;123;48;2;109;109;126m▅[38;2;44;52;67;48;2;96;99;116m▗[38;2;52;58;72;48;2;39;44;57m▏[38;2;41;48;61;48;2;36;43;56m▕[38;2;83;88;105;48;2;41;48;62m▝[38;2;53;59;73;48;2;103;108;127m▅[38;2;76;81;98;48;2;93;100;119m▁[38;2;72;79;96;48;2;85;92;111m▗[38;2;64;76;96;48;2;81;89;108m▝[38;2;65;74;92;48;2;25;33;42m▌[38;2;38;40;47;48;2;24;31;41m▁[38;2;34;39;49;48;2;53;62;80m▏[38;2;52;62;79;48;2;38;46;61m▔[38;2;41;49;64;48;2;34;42;57m▂[38;2;43;50;65;48;2;39;46;59m▁[38;2;39;44;56;48;2;33;35;43m▌[38;2;48;42;49;48;2;36;42;54m▁[38;2;45;46;54;48;2;36;41;53m▗[38;2;47;43;49;48;2;35;36;44m▏[38;2;29;32;40;48;2;34;38;47m▁[38;2;41;44;54;48;2;38;40;49m▔[38;2;41;40;48;48;2;31;33;40m▔[38;2;36;40;51;48;2;30;35;45m▞[38;2;49;48;57;48;2;32;36;46m▗[38;2;47;49;59;48;2;33;36;46m▋[38;2;33;32;40;48;2;27;29;37m▗[38;2;43;39;44;48;2;35;35;42m▕[38;2;61;50;55;48;2;41;39;46m▌[38;2;36;29;35;48;2;20;22;29m▖[38;2;37;33;38;48;2;20;22;28m▁[38;2;39;36;40;48;2;16;21;28m▁[38;2;39;39;44;48;2;17;23;31m▁[38;2;45;41;46;48;2;21;27;36m▁[38;2;40;37;43;48;2;27;31;38m▁[38;2;42;42;48;48;2;23;28;36m▁[38;2;41;39;45;48;2;18;24;32m▁[38;2;32;31;39;48;2;21;24;30m▁[38;2;48;35;39;48;2;22;23;30m▕[38;2;60;48;53;48;2;60;54;59m▌[38;2;49;43;49;48;2;31;31;39m▎[38;2;27;27;35;48;2;34;31;38m▕[38;2;40;36;43;48;2;30;30;37m▂[38;2;44;41;48;48;2;34;34;42m▗[38;2;39;37;45m▖[38;2;49;37;42;48;2;35;36;43m▂[38;2;70;51;54;48;2;43;41;50m▗[38;2;80;61;64;48;2;53;46;52m▎[38;2;44;48;61;48;2;37;35;42m▕[38;2;67;63;75;48;2;47;45;55m▘[38;2;34;34;39;48;2;63;67;83m▗[38;2;54;56;69;48;2;23;23;27m▔[38;2;13;13;17;48;2;57;62;76m▆[38;2;20;24;33;48;2;64;71;88m▏[38;2;58;63;78;48;2;75;84;102m▄[38;2;61;69;85;48;2;60;63;78m▔[38;2;61;49;51;48;2;28;22;26m▋[38;2;37;28;31;48;2;20;19;23m▝[38;2;25;22;26;48;2;12;15;20m▏[38;2;20;20;25;48;2;8;12;17m▌[38;2;13;14;20;48;2;17;18;24m▏[38;2;15;18;24;48;2;11;15;22m▎[38;2;9;16;25;48;2;6;13;19m▕[38;2;18;22;31;48;2;7;15;23m▖[38;2;8;15;22;48;2;4;12;20m▂[0m
[38;2;51;65;86;48;2;60;74;96m▔[38;2;46;58;75;48;2;53;65;85m▂[38;2;38;46;60;48;2;55;69;89m▔[38;2;63;76;97;48;2;44;54;70m▆[38;2;71;85;108;48;2;58;68;86m▂[38;2;72;87;110;48;2;50;62;81m▄[38;2;70;85;107;48;2;53;66;86m▆[38;2;68;84;106;48;2;30;39;51m▋[38;2;19;22;29;48;2;18;19;25m▎[38;2;20;18;23;48;2;15;15;20m▗[38;2;10;12;16;48;2;23;20;23m▘[38;2;27;22;25;48;2;22;20;24m▆[38;2;34;26;28;48;2;27;21;23m▁[38;2;52;46;52;48;2;70;80;100m▎[38;2;69;78;98;48;2;55;67;86m▘[38;2;49;57;74;48;2;82;92;113m▂[38;2;47;55;71;48;2;88;94;114m▆[38;2;48;55;71;48;2;44;48;62m▏[38;2;47;49;63;48;2;36;42;55m▔[38;2;49;52;65;48;2;33;40;52m▁[38;2;37;43;55;48;2;29;37;49m▄[38;2;41;46;58;48;2;33;40;53m▝[38;2;45;51;65;48;2;39;45;58m▔[38;2;75;84;104;48;2;47;53;67m▝[48;2;49;54;69m▘[38;2;55;60;76;48;2;33;39;49m▘[38;2;39;44;52;48;2;31;36;45m▁[38;2;54;60;76;48;2;44;47;58m▗[38;2;59;67;86;48;2;56;62;81m▕[38;2;59;65;83;48;2;46;53;69m▅[38;2;29;36;46;48;2;56;57;71m▁[38;2;35;38;47;48;2;43;45;55m▃[38;2;33;37;45;48;2;41;42;51m▕[38;2;46;51;62;48;2;37;38;45m▖[38;2;32;35;42;48;2;51;40;44m▁[38;2;38;35;44;48;2;39;39;46m▏[38;2;36;37;46;48;2;39;40;48m▏[38;2;35;40;50;48;2;36;38;45m▏[38;2;48;48;54;48;2;36;38;46m▗[38;2;53;55;66;48;2;46;48;56m▕[38;2;59;59;69;48;2;46;47;56m▏[38;2;49;49;58;48;2;41;42;50m▏[38;2;57;50;54;48;2;48;43;49m▏[38;2;65;50;54;48;2;53;47;54m▁[38;2;63;43;44;48;2;51;40;44m▕[38;2;61;43;44;48;2;47;38;42m▏[38;2;44;42;49;48;2;35;31;36m▃[38;2;53;51;59;48;2;27;29;35m▃[38;2;55;54;60;48;2;28;30;37m▃[38;2;50;49;57m▄[38;2;58;55;63;48;2;28;29;35m▃[38;2;60;52;58;48;2;36;34;39m▃[38;2;59;54;61;48;2;40;35;41m▂[38;2;57;56;64;48;2;54;44;48m▁[38;2;42;45;54;48;2;53;48;55m▕[38;2;46;45;53;48;2;50;44;50m▊[38;2;44;43;50;48;2;57;48;53m▏[38;2;79;60;61;48;2;59;45;48m▖[38;2;67;48;50;48;2;46;40;46m▍[38;2;73;49;50;48;2;41;37;43m▝[38;2;32;36;45;48;2;54;46;53m▆[38;2;94;59;55;48;2;49;49;57m▝[38;2;101;70;70;48;2;62;52;56m▔[38;2;32;34;42;48;2;44;42;50m▕[38;2;46;46;56;48;2;39;38;46m▔[38;2;50;51;62;48;2;28;29;33m▘[38;2;20;18;22;48;2;16;16;21m▗[38;2;11;13;17;48;2;5;8;13m▂[38;2;13;19;29;48;2;48;54;68m▏[38;2;45;50;62;48;2;68;72;88m▅[38;2;60;62;75;48;2;45;49;60m▕[38;2;70;58;62;48;2;31;33;41m▌[38;2;10;13;19;48;2;31;24;28m▕[38;2;11;14;19;48;2;21;19;24m▌[38;2;8;11;17;48;2;18;17;22m▝[38;2;18;20;26;48;2;16;16;22m▗[38;2;22;24;32;48;2;19;19;25m▖[38;2;21;23;29;48;2;14;19;27m▖[38;2;15;21;29;48;2;8;15;22m▏[38;2;8;15;22;48;2;15;20;27m▋[0m
[38;2;25;32;42;48;2;48;61;80m▁[38;2;61;75;97;48;2;52;65;84m▗[38;2;58;71;92;48;2;64;77;100m▘[38;2;47;58;75;48;2;62;74;95m▂[38;2;35;47;61;48;2;60;73;93m▁[38;2;15;25;34;48;2;59;72;93m▁[38;2;36;44;56;48;2;65;77;98m▁[38;2;57;69;88;48;2;20;26;36m▍[38;2;21;24;32;48;2;13;16;22m▗[38;2;14;14;19;48;2;21;20;25m▕[38;2;16;16;20;48;2;24;21;25m▍[38;2;25;20;23;48;2;30;23;26m▂[38;2;24;22;25;48;2;52;43;48m▊[38;2;51;60;78;48;2;67;77;98m▅[38;2;46;54;71;48;2;50;59;77m▄[38;2;44;50;64;48;2;12;17;25m▋[38;2;26;24;29;48;2;14;15;20m▔[38;2;19;18;22;48;2;46;42;48m▊[38;2;54;52;63;48;2;48;52;66m▕[38;2;43;46;57;48;2;44;47;61m▗[38;2;43;50;65;48;2;38;41;51m▁[38;2;42;48;60;48;2;36;40;51m▁[38;2;36;38;47;48;2;43;45;57m▔[38;2;23;31;40;48;2;46;47;58m▄[38;2;21;29;38;48;2;40;45;58m▂[38;2;25;33;43;48;2;23;30;39m▎[38;2;19;27;35;48;2;25;31;40m▆[38;2;31;33;39;48;2;26;32;41m▁[38;2;30;34;41;48;2;42;46;58m▅[38;2;31;37;46;48;2;44;47;56m▆[38;2;37;42;52;48;2;26;32;40m▘[38;2;34;38;46;48;2;28;32;40m▎[38;2;30;33;42;48;2;30;33;41m▔[38;2;33;36;44;48;2;26;31;40m▁[38;2;35;39;48;48;2;22;27;35m▗[38;2;42;41;48;48;2;21;27;35m▃[38;2;82;53;51;48;2;37;38;45m▔[38;2;56;49;55;48;2;33;36;43m▔[38;2;54;58;66;48;2;39;43;51m▔[38;2;53;57;67;48;2;27;33;41m▘[38;2;25;31;40;48;2;21;28;37m▕[38;2;28;35;43;48;2;28;32;41m▖[38;2;53;48;52;48;2;38;39;47m▕[38;2;50;51;58;48;2;38;40;47m▁[38;2;63;61;68;48;2;40;42;49m▁[38;2;54;55;64;48;2;43;44;51m▂[38;2;64;64;72;48;2;50;50;58m▂[38;2;68;67;74;48;2;59;57;65m▂[38;2;51;51;58;48;2;64;63;70m▃[48;2;56;54;61m▕[38;2;47;47;54;48;2;58;56;63m▅[38;2;66;63;69;48;2;49;47;54m▁[38;2;61;56;62m▂[38;2;51;49;56;48;2;45;45;52m▌[38;2;51;47;53;48;2;39;39;46m▂[38;2;80;78;87;48;2;38;43;52m▔[38;2;47;51;59;48;2;33;38;46m▔[38;2;49;44;50;48;2;40;40;47m▁[38;2;41;38;43;48;2;22;25;31m▘[38;2;33;31;36;48;2;20;24;31m▂[38;2;23;28;36;48;2;39;37;43m▘[38;2;40;43;52;48;2;35;35;42m▘[38;2;37;40;49;48;2;24;28;36m▝[38;2;30;32;39;48;2;37;40;49m▆[38;2;36;39;46;48;2;30;34;41m▏[38;2;43;41;46;48;2;23;23;28m▖[38;2;34;25;28;48;2;24;20;24m▗[38;2;36;33;36;48;2;21;19;23m▕[38;2;33;37;48;48;2;44;48;59m▍[38;2;37;40;50;48;2;47;52;65m▂[38;2;44;48;60;48;2;53;58;72m▔[38;2;74;62;65;48;2;45;35;36m▌[38;2;50;35;34;48;2;48;33;33m▁[38;2;39;28;31;48;2;30;23;27m▁[38;2;17;18;24;48;2;25;21;26m▕[38;2;27;24;29;48;2;20;19;25m▝[38;2;29;25;30;48;2;19;19;25m▝[38;2;20;23;31;48;2;14;18;25m▔[38;2;13;18;26;48;2;10;15;23m▏[38;2;12;18;25;48;2;7;14;21m▔[0m
[38;2;3;9;15;48;2;9;17;23m▃[38;2;37;44;57;48;2;10;15;22m▔[38;2;11;16;23;48;2;39;48;63m▆[38;2;15;20;27;48;2;54;63;80m▅[38;2;53;67;86;48;2;13;19;26m▘[38;2;13;19;25;48;2;38;45;58m▌[38;2;48;58;75;48;2;15;22;30m▆[38;2;21;31;41;48;2;8;15;22m▏[38;2;16;24;32;48;2;9;15;22m▔[38;2;19;23;29;48;2;6;11;17m▔[38;2;22;20;24;48;2;7;11;16m▔[38;2;6;11;15;48;2;19;17;20m▆[38;2;20;20;24;48;2;48;49;60m▋[38;2;65;69;86;48;2;33;34;43m▄[38;2;51;55;70;48;2;37;40;50m▗[38;2;39;43;55;48;2;16;19;26m▍[38;2;18;17;22;48;2;34;25;27m▋[38;2;24;20;23;48;2;46;43;50m▋[38;2;37;40;51;48;2;34;35;44m▘[38;2;62;61;76;48;2;44;46;58m▝[38;2;61;61;74;48;2;42;43;52m▘[38;2;54;52;62;48;2;44;46;56m▔[38;2;33;37;45;48;2;44;48;60m▄[38;2;34;39;47;48;2;22;30;39m▂[38;2;26;33;40;48;2;19;26;35m▂[38;2;22;30;38;48;2;29;35;44m▍[38;2;51;54;62;48;2;26;33;41m▁[38;2;54;52;59;48;2;28;32;40m▁[38;2;18;23;30;48;2;39;41;47m▁[38;2;27;30;34;48;2;34;37;44m▁[38;2;59;59;69;48;2;43;38;43m▁[38;2;52;39;44;48;2;30;33;41m▏[38;2;50;49;57;48;2;39;40;48m▕[38;2;90;65;64;48;2;50;46;54m▗[38;2;55;47;52;48;2;42;41;48m▎[38;2;69;49;47;48;2;38;41;50m▔[38;2;68;71;84;48;2;39;41;49m▁[38;2;40;45;55;48;2;36;41;50m▕[38;2;27;34;43;48;2;39;45;55m▆[38;2;29;36;45;48;2;20;26;35m▘[38;2;32;36;43;48;2;23;30;39m▂[38;2;35;39;47;48;2;24;30;39m▄[38;2;52;57;66;48;2;34;38;46m▁[38;2;62;63;72;48;2;40;43;51m▁[38;2;58;60;68;48;2;43;45;53m▁[38;2;25;29;37;48;2;49;50;58m▔[38;2;35;37;45;48;2;57;57;64m▔[38;2;80;79;89;48;2;60;57;64m▁[38;2;42;43;49;48;2;63;62;69m▔[38;2;37;38;45;48;2;62;61;68m▔[38;2;33;34;40;48;2;53;53;60m▔[38;2;46;48;56;48;2;64;62;69m▆[38;2;41;41;48;48;2;45;48;56m▔[38;2;39;42;50;48;2;32;36;44m▎[38;2;36;38;45;48;2;26;31;38m▅[38;2;41;44;51;48;2;31;33;40m▔[38;2;43;39;43;48;2;33;34;40m▕[38;2;42;38;43;48;2;60;46;48m▋[38;2;77;54;55;48;2;53;39;41m▁[38;2;78;58;59;48;2;46;39;44m▁[38;2;35;30;36;48;2;65;49;51m▁[38;2;38;35;40;48;2;30;33;40m▔[38;2;35;34;41;48;2;24;27;34m▁[38;2;35;36;42;48;2;26;29;35m▁[38;2;42;38;43;48;2;30;31;37m▖[38;2;26;27;33;48;2;21;21;25m▏[38;2;31;23;26;48;2;23;18;22m▕[38;2;38;32;36;48;2;23;20;25m▕[38;2;45;48;59;48;2;39;38;45m▝[38;2;65;51;56;48;2;41;43;53m▕[38;2;94;70;73;48;2;49;52;63m▁[38;2;70;54;55;48;2;43;34;36m▘[38;2;61;39;36;48;2;26;22;25m▔[38;2;43;28;29;48;2;23;20;24m▘[38;2;23;19;24;48;2;15;16;21m▘[38;2;9;14;19;48;2;16;16;21m▌[38;2;11;14;19;48;2;17;18;24m▎[38;2;12;16;23;48;2;14;17;24m▕[38;2;11;16;23;48;2;4;12;19m▌[38;2;7;14;21;48;2;5;12;20m▔[0m
[38;2;9;18;24;48;2;5;11;17m▏[38;2;16;22;31;48;2;5;10;16m▁[38;2;51;49;58;48;2;4;10;16m▁[38;2;17;19;24;48;2;5;11;17m▔[38;2;5;11;17;48;2;7;13;18m▁[38;2;3;9;15;48;2;9;13;19m▁[38;2;13;21;27;48;2;8;15;21m▕[38;2;21;20;24;48;2;6;13;19m▁[38;2;4;10;16;48;2;13;18;24m▕[38;2;5;11;17;48;2;3;9;14m▘[38;2;7;12;16;48;2;5;10;15m▕[38;2;11;14;19;48;2;8;13;17m▔[38;2;9;14;19;48;2;23;26;32m▁[38;2;37;40;49;48;2;31;35;44m▖[38;2;49;46;55;48;2;35;37;45m▗[38;2;44;43;53;48;2;8;13;19m▎[38;2;12;13;17;48;2;34;24;25m▋[38;2;22;19;22;48;2;37;40;50m▋[38;2;33;38;46;48;2;39;41;51m▁[38;2;40;38;45;48;2;42;43;52m▔[38;2;24;26;33;48;2;38;37;43m▁[38;2;21;26;33;48;2;35;39;47m▃[38;2;20;22;29;48;2;42;46;56m▄[38;2;62;65;76;48;2;29;31;38m▔[38;2;35;39;48;48;2;32;35;41m▖[38;2;47;46;52;48;2;39;40;47m▕[38;2;51;53;62;48;2;30;33;41m▃[38;2;34;39;48;48;2;45;49;59m▌[38;2;58;62;73;48;2;39;40;47m▁[38;2;27;27;32;48;2;47;48;56m▂[38;2;28;29;35;48;2;51;52;62m▃[38;2;31;32;39;48;2;46;47;56m▃[38;2;52;54;64;48;2;36;37;43m▁[38;2;28;30;35;48;2;59;55;62m▄[38;2;33;34;39;48;2;52;50;57m▅[38;2;37;40;47;48;2;33;36;43m▗[38;2;61;64;75;48;2;39;40;46m▔[38;2;56;58;65;48;2;39;41;49m▂[38;2;58;55;62;48;2;39;42;49m▂[38;2;74;69;77;48;2;41;43;50m▂[38;2;79;74;81;48;2;57;57;66m▂[38;2;64;63;71;48;2;39;43;51m▅[38;2;62;62;71;48;2;29;35;42m▆[38;2;57;58;66;48;2;47;49;58m▎[38;2;61;62;71;48;2;28;34;41m▆[38;2;62;64;75;48;2;36;41;49m▅[38;2;63;65;76;48;2;27;33;41m▆[38;2;65;66;76;48;2;34;39;48m▅[38;2;69;71;82;48;2;48;53;64m▖[38;2;54;58;70;48;2;37;42;50m▆[38;2;82;85;97;48;2;43;48;58m▁[38;2;75;79;92;48;2;43;47;56m▁[38;2;65;68;80;48;2;41;44;54m▁[38;2;62;63;75;48;2;35;38;45m▂[38;2;53;46;51;48;2;25;28;36m▅[38;2;74;57;59;48;2;40;40;47m▁[38;2;83;57;58;48;2;51;43;48m▁[38;2;60;46;49;48;2;87;58;55m▆[38;2;129;83;73;48;2;73;56;59m▝[38;2;84;55;57;48;2;53;47;53m▘[38;2;57;45;49;48;2;46;39;45m▖[38;2;93;60;55;48;2;49;41;46m▂[38;2;79;53;53;48;2;55;42;46m▗[38;2;87;55;52;48;2;56;45;49m▖[38;2;56;41;44;48;2;40;33;38m▁[38;2;47;39;45;48;2;28;25;30m▏[38;2;13;13;17;48;2;21;18;22m▗[38;2;19;17;21;48;2;10;12;16m▎[38;2;15;16;20;48;2;46;41;48m▄[38;2;57;47;53;48;2;27;27;33m▘[38;2;98;70;71;48;2;25;27;34m▔[38;2;56;40;40;48;2;38;33;37m▝[38;2;65;40;35;48;2;28;23;26m▖[38;2;31;23;26;48;2;19;17;21m▖[38;2;18;16;21;48;2;12;14;19m▘[38;2;19;17;22;48;2;9;13;19m▕[38;2;28;23;25;48;2;16;17;22m▗[38;2;18;19;25;48;2;12;16;22m▎[38;2;10;15;22;48;2;3;11;17m▋[38;2;4;12;19;48;2;3;11;18m▁[0m
[38;2;17;23;30;48;2;10;15;22m▕[38;2;35;42;53;48;2;22;27;35m▝[38;2;23;29;38;48;2;34;39;48m▄[38;2;48;49;59;48;2;26;34;43m▝[38;2;28;33;43;48;2;6;13;18m▎[38;2;9;10;15;48;2;17;22;30m▕[38;2;11;12;15;48;2;11;18;26m▏[38;2;16;22;30;48;2;13;17;22m▁[38;2;9;14;21;48;2;4;10;15m▘[38;2;5;11;16;48;2;5;10;15m▏[38;2;14;17;21;48;2;10;14;18m▕[38;2;19;19;23;48;2;10;14;19m▂[38;2;6;11;16;48;2;13;17;22m▆[38;2;15;21;31;48;2;8;12;17m▁[38;2;24;21;25;48;2;8;11;16m▝[38;2;12;17;23;48;2;3;8;13m▘[38;2;43;27;26;48;2;26;19;21m▕[38;2;42;26;26;48;2;19;19;24m▌[38;2;19;20;24;48;2;41;40;48m▆[38;2;23;22;27;48;2;37;37;43m▅[38;2;36;34;40;48;2;30;29;33m▗[38;2;48;45;52;48;2;32;30;35m▁[38;2;52;42;43;48;2;37;35;41m▕[38;2;96;54;45;48;2;43;42;51m▁[38;2;35;28;33;48;2;45;46;55m▂[38;2;42;39;45;48;2;31;31;37m▝[38;2;20;22;28;48;2;38;41;48m▂[38;2;40;44;53;48;2;35;38;45m▔[38;2;49;50;58;48;2;38;40;49m▃[38;2;44;45;53;48;2;61;63;74m▆[38;2;85;82;90;48;2;40;41;48m▂[38;2;76;75;85;48;2;44;45;51m▂[38;2;66;65;73;48;2;54;54;62m▕[38;2;73;69;76;48;2;51;50;57m▅[38;2;90;84;91;48;2;48;47;54m▅[38;2;99;93;99;48;2;60;56;62m▄[38;2;90;82;86;48;2;56;51;56m▆[38;2;114;97;95;48;2;66;63;70m▃[38;2;97;87;89;48;2;69;63;69m▄[38;2;81;77;84;48;2;71;64;70m▅[38;2;33;36;42;48;2;87;83;92m▁[38;2;41;41;47;48;2;89;86;96m▁[38;2;20;24;31;48;2;75;75;85m▔[38;2;32;34;41;48;2;80;79;89m▔[38;2;66;64;71;48;2;86;84;93m▁[38;2;73;71;79;48;2;101;95;103m▃[38;2;68;68;79;48;2;102;95;101m▂[38;2;59;60;67;48;2;96;89;94m▂[38;2;48;50;58;48;2;85;80;86m▁[38;2;58;59;68;48;2;80;76;83m▃[38;2;43;46;54;48;2;70;68;76m▃[38;2;41;43;51;48;2;54;53;61m▃[38;2;36;37;44;48;2;45;46;54m▝[38;2;41;43;49;48;2;46;46;54m▘[38;2;49;52;61;48;2;43;42;48m▘[38;2;50;47;54;48;2;35;34;40m▂[38;2;37;40;47;48;2;38;35;39m▔[38;2;53;46;50;48;2;38;35;40m▔[38;2;54;46;51;48;2;43;39;44m▗[38;2;59;60;72;48;2;48;38;41m▂[38;2;68;45;45;48;2;58;46;49m▝[38;2;96;65;59;48;2;66;50;52m▕[38;2;52;49;57;48;2;124;88;81m▅[38;2;76;50;48;48;2;59;50;56m▔[38;2;57;48;54;48;2;74;62;70m▄[38;2;49;46;55;48;2;21;21;26m▌[38;2;20;18;22;48;2;13;14;18m▕[38;2;17;16;20m▍[38;2;41;36;43;48;2;94;62;61m▆[38;2;35;34;39;48;2;74;55;60m▅[38;2;20;21;26;48;2;40;36;43m▂[38;2;37;34;38;48;2;55;42;44m▆[38;2;53;38;38;48;2;29;23;26m▏[38;2;32;24;26;48;2;17;16;21m▎[38;2;15;14;20;48;2;11;14;19m▕[38;2;21;18;23m▕[38;2;19;18;23;48;2;15;15;20m▔[38;2;16;16;21;48;2;14;16;21m▏[38;2;4;12;18;48;2;8;14;20m▕[38;2;6;13;20;48;2;5;12;19m▖[0m
[38;2;6;12;19;48;2;14;18;25m▁[38;2;15;19;27;48;2;10;17;24m▗[38;2;19;23;27;48;2;11;17;23m▕[38;2;26;23;28;48;2;17;20;26m▕[38;2;34;30;34;48;2;20;21;27m▁[38;2;12;14;19;48;2;36;24;23m▏[38;2;20;23;31;48;2;11;17;24m▘[38;2;9;15;22;48;2;15;22;30m▃[38;2;13;19;26;48;2;7;13;19m▘[38;2;13;18;23;48;2;8;14;19m▝[38;2;32;23;24;48;2;11;15;20m▗[38;2;12;14;18;48;2;22;20;25m▁[38;2;7;11;16;48;2;29;31;38m▅[38;2;8;11;16;48;2;24;29;37m▅[38;2;11;13;18;48;2;20;26;34m▆[38;2;4;9;15;48;2;5;10;14m▏[38;2;24;19;21;48;2;41;27;27m▋[38;2;50;31;29;48;2;23;21;24m▖[38;2;33;21;23;48;2;15;18;24m▁[38;2;13;12;16;48;2;18;16;19m▕[38;2;64;38;36;48;2;23;17;20m▁[38;2;60;33;31;48;2;30;22;25m▁[38;2;72;37;30;48;2;34;25;28m▁[38;2;81;57;53;48;2;40;31;32m▔[38;2;64;44;42;48;2;45;36;39m▎[38;2;40;34;36;48;2;45;40;44m▗[38;2;42;38;41;48;2;29;30;36m▏[38;2;35;33;38;48;2;25;26;33m▏[38;2;34;35;41;48;2;29;30;35m▕[38;2;41;42;49;48;2;26;24;28m▅[38;2;47;45;51;48;2;25;25;30m▄[38;2;49;48;55;48;2;32;33;38m▅[38;2;57;54;60;48;2;48;48;55m▕[38;2;18;22;27;48;2;54;53;60m▁[38;2;29;30;35m▂[38;2;78;71;76;48;2;57;53;59m▝[38;2;57;53;58;48;2;82;71;74m▄[38;2;41;40;47;48;2;72;64;68m▂[38;2;63;58;64;48;2;41;42;48m▆[38;2;50;49;57;48;2;44;42;46m▄[38;2;63;56;56;48;2;45;42;47m▝[38;2;34;35;42;48;2;69;63;68m▂[38;2;35;37;44;48;2;68;65;73m▂[38;2;35;36;43;48;2;63;61;69m▁[38;2;21;24;28;48;2;61;60;69m▔[38;2;20;23;28;48;2;56;56;65m▔[38;2;31;29;33;48;2;63;62;71m▔[38;2;44;47;56;48;2;76;73;81m▂[38;2;34;33;37;48;2;64;63;72m▔[38;2;66;65;73;48;2;37;37;42m▆[38;2;66;66;75;48;2;38;40;47m▆[38;2;64;64;73;48;2;49;48;54m▆[38;2;34;33;39;48;2;61;60;68m▁[38;2;25;27;34;48;2;58;56;65m▁[38;2;22;25;32;48;2;60;62;73m▁[38;2;22;24;31;48;2;58;59;71m▁[38;2;36;33;36;48;2;52;51;59m▁[38;2;58;54;60;48;2;44;44;52m▆[38;2;52;54;64;48;2;38;39;47m▂[38;2;57;49;54;48;2;37;35;41m▔[38;2;47;39;43;48;2;35;32;36m▔[38;2;35;28;31;48;2;59;52;56m▅[38;2;37;34;38;48;2;29;24;27m▘[38;2;55;31;28;48;2;27;21;24m▖[38;2;39;37;44;48;2;27;20;21m▁[38;2;28;31;39;48;2;21;18;21m▂[38;2;18;17;21;48;2;16;15;18m▌[38;2;20;17;21;48;2;10;11;15m▌[38;2;28;29;35;48;2;18;18;23m▗[38;2;33;33;40;48;2;14;16;21m▂[38;2;23;24;29;48;2;15;17;22m▁[38;2;50;51;60;48;2;39;34;39m▖[38;2;52;36;38;48;2;27;24;28m▏[38;2;19;17;21;48;2;39;26;27m▕[38;2;18;17;21;48;2;12;13;18m▂[38;2;12;13;18;48;2;18;17;20m▏[38;2;11;14;20;48;2;13;15;20m▁[38;2;10;13;19m▆[38;2;4;12;18;48;2;7;13;19m▕[38;2;12;17;24;48;2;4;12;19m▂[0m
[38;2;6;11;17;48;2;3;7;12m▂[38;2;28;20;22;48;2;7;12;17m▁[38;2;88;42;31;48;2;11;14;19m▂[38;2;15;19;27;48;2;9;13;19m▔[38;2;18;24;32;48;2;8;12;17m▔[38;2;31;24;27;48;2;9;13;18m▔[38;2;25;23;27;48;2;10;13;19m▔[38;2;10;15;21;48;2;7;11;17m▘[38;2;5;9;14;48;2;14;16;20m▁[38;2;14;17;22;48;2;19;20;25m▏[38;2;24;21;25;48;2;14;17;22m▏[38;2;11;15;20;48;2;14;19;26m▅[38;2;13;16;21;48;2;33;25;31m▆[38;2;39;24;23;48;2;21;19;22m▕[38;2;24;15;16;48;2;20;16;20m▏[38;2;20;26;34;48;2;11;14;19m▁[38;2;25;29;38;48;2;16;18;22m▁[38;2;25;24;29;48;2;47;30;30m▅[38;2;47;48;56;48;2;29;25;30m▁[38;2;28;27;32;48;2;68;39;34m▆[38;2;33;34;41;48;2;36;29;33m▁[38;2;127;66;51;48;2;40;31;35m▔[38;2;127;87;74;48;2;39;33;37m▔[38;2;37;31;32;48;2;31;27;31m▕[38;2;31;30;33;48;2;27;26;31m▕[38;2;29;30;37;48;2;23;23;27m▄[38;2;37;39;45;48;2;29;27;31m▁[38;2;52;48;54;48;2;31;31;36m▂[38;2;46;47;56;48;2;34;32;38m▃[38;2;49;48;56;48;2;20;20;25m▆[38;2;47;46;54;48;2;30;30;35m▅[38;2;47;45;52;48;2;35;33;37m▄[38;2;42;39;44;48;2;30;29;34m▅[38;2;42;38;42;48;2;24;24;29m▁[38;2;16;18;23;48;2;40;35;38m▆[38;2;44;42;47;48;2;17;19;25m▁[38;2;16;19;23;48;2;39;37;41m▅[38;2;20;20;25;48;2;65;57;61m▆[38;2;90;81;84;48;2;32;29;31m▔[38;2;82;77;83;48;2;30;29;32m▔[38;2;69;60;65;48;2;28;28;33m▔[38;2;21;24;29;48;2;45;40;44m▆[38;2;24;26;33;48;2;14;18;24m▃[38;2;26;29;37;48;2;15;18;23m▁[38;2;31;32;37;48;2;19;23;30m▔[38;2;36;39;48;48;2;29;33;41m▝[38;2;23;26;33;48;2;34;38;46m▔[38;2;22;23;29;48;2;37;41;49m▂[38;2;29;32;41;48;2;31;33;40m▕[38;2;36;40;48;48;2;27;28;33m▃[38;2;64;62;70;48;2;29;29;35m▔[38;2;57;55;64;48;2;28;31;38m▔[38;2;26;28;35;48;2;28;30;37m▏[38;2;33;34;41;48;2;42;44;53m▊[38;2;22;24;31;48;2;41;44;53m▂[38;2;10;13;17;48;2;45;46;53m▅[38;2;64;59;62;48;2;29;25;29m▔[38;2;31;34;43;48;2;22;20;24m▔[38;2;40;28;28;48;2;32;26;29m▕[38;2;28;21;24;48;2;48;32;33m▊[38;2;89;47;41;48;2;36;26;27m▁[38;2;36;27;28;48;2;24;19;23m▔[38;2;51;32;29;48;2;28;22;24m▝[38;2;14;14;18;48;2;47;31;31m▂[38;2;25;13;14;48;2;39;29;32m▃[38;2;55;34;32;48;2;18;16;19m▘[38;2;17;15;18;48;2;9;11;15m▝[38;2;11;13;16;48;2;19;16;18m▕[38;2;16;13;16;48;2;37;25;28m▆[38;2;13;12;15;48;2;34;29;33m▆[38;2;31;30;33;48;2;13;12;15m▔[38;2;37;25;25;48;2;22;18;21m▏[38;2;31;28;38;48;2;12;13;17m▔[38;2;12;13;17;48;2;30;22;26m▆[38;2;35;25;27;48;2;17;16;21m▕[38;2;49;33;36;48;2;17;18;23m▏[38;2;12;14;19;48;2;16;17;22m▕[38;2;14;16;22m▏[38;2;16;17;24;48;2;17;17;22m▏[38;2;13;15;21;48;2;8;12;17m▁[0m
[38;2;12;15;21;48;2;4;8;13m▔[38;2;4;9;13;48;2;7;13;19m▆[38;2;9;16;23;48;2;6;11;17m▝[38;2;18;25;34;48;2;9;16;23m▗[38;2;22;27;36;48;2;11;15;20m▁[38;2;13;19;26;48;2;10;16;22m▗[38;2;11;17;24;48;2;9;15;22m▂[38;2;11;16;24;48;2;7;14;19m▁[38;2;17;23;31;48;2;7;14;20m▃[38;2;18;25;32;48;2;11;17;24m▂[38;2;19;28;36;48;2;12;18;25m▔[38;2;13;20;27;48;2;8;12;18m▅[38;2;15;21;29;48;2;10;16;22m▅[38;2;23;25;31;48;2;17;21;29m▔[38;2;10;14;21;48;2;21;24;32m▃[38;2;11;15;22;48;2;19;24;32m▁[38;2;9;14;22;48;2;20;25;33m▁[38;2;12;16;24;48;2;26;31;39m▄[38;2;14;18;25;48;2;30;35;42m▅[38;2;18;20;26;48;2;24;28;35m▆[38;2;8;13;20;48;2;26;25;30m▁[38;2;98;66;56;48;2;28;27;33m▝[38;2;84;52;46;48;2;33;32;40m▏[38;2;23;28;37;48;2;31;31;38m▁[38;2;46;46;54;48;2;25;26;33m▔[38;2;24;26;32;48;2;37;39;47m▆[38;2;23;25;32;48;2;37;38;45m▆[38;2;42;39;43;48;2;24;25;30m▔[38;2;18;22;28;48;2;40;31;34m▁[38;2;16;20;28;48;2;23;23;29m▁[38;2;23;22;28;48;2;26;28;33m▖[38;2;19;24;31;48;2;22;25;32m▗[38;2;29;32;40;48;2;20;24;32m▝[38;2;26;31;39;48;2;39;41;49m▆[38;2;26;30;38;48;2;40;41;49m▄[38;2;38;40;48;48;2;33;36;43m▘[38;2;33;35;43;48;2;24;25;30m▅[38;2;31;35;44;48;2;29;29;34m▃[38;2;24;29;38;48;2;34;36;43m▁[38;2;24;28;37;48;2;31;35;43m▂[38;2;20;25;34;48;2;31;34;41m▗[38;2;27;30;39;48;2;29;33;42m▏[38;2;34;39;49;48;2;30;33;41m▃[38;2;17;23;31;48;2;33;36;45m▁[38;2;8;14;19;48;2;31;35;45m▂[38;2;9;15;21;48;2;29;34;44m▄[38;2;14;19;25;48;2;32;38;48m▆[38;2;20;26;34;48;2;14;15;21m▆[38;2;19;23;30;48;2;14;17;23m▏[38;2;15;19;26;48;2;11;14;20m▖[38;2;20;26;34;48;2;9;12;17m▃[38;2;32;36;46;48;2;14;17;22m▔[38;2;24;29;39;48;2;10;13;18m▂[38;2;38;40;48;48;2;14;16;21m▔[38;2;18;20;26;48;2;13;15;19m▏[38;2;23;20;24;48;2;21;17;21m▏[38;2;30;21;24;48;2;24;21;25m▘[38;2;26;19;21;48;2;53;32;29m▏[38;2;146;87;64;48;2;74;40;33m▗[38;2;80;48;40;48;2;66;37;32m▕[38;2;92;61;51;48;2;50;30;28m▏[38;2;63;34;29;48;2;36;22;23m▔[38;2;40;28;26;48;2;29;20;21m▏[38;2;42;26;26;48;2;30;20;21m▏[38;2;48;26;23;48;2;32;21;21m▗[38;2;72;41;32;48;2;26;19;21m▖[38;2;21;18;22;48;2;12;13;17m▁[38;2;36;23;24;48;2;22;18;20m▗[38;2;13;12;15;48;2;22;17;20m▕[38;2;32;22;25;48;2;18;15;18m▗[38;2;53;32;31;48;2;27;18;20m▕[38;2;53;37;35;48;2;42;28;28m▏[38;2;43;27;28;48;2;22;19;22m▁[38;2;20;18;22;48;2;13;15;19m▕[38;2;26;27;34;48;2;13;12;15m▄[38;2;20;20;26;48;2;15;15;19m▎[38;2;30;23;25;48;2;17;16;20m▁[38;2;11;14;19;48;2;15;18;24m▏[38;2;14;17;22;48;2;8;11;15m▅[38;2;6;11;16;48;2;8;11;17m▁[0m
[?25h